128
320
59 75
279 314
46 39
239 87
95 78
51 185
41 215
111 228
43 168
73 250
309 127
148 198
235 20
32 54
242 15
315 300
282 273
165 7
183 83
94 278
32 16
142 265
230 124
44 144
291 116
74 152
114 93
29 29
112 253
274 225
139 140
77 292
284 241
299 147
196 264
104 99
151 245
43 252
241 87
75 211
202 148
42 188
113 263
88 96
67 41
1 205
181 77
49 144
189 219
290 64
162 265
163 312
62 205
243 302
163 189
192 237
209 106
104 1
48 191
288 306
103 288
62 283
236 110
299 105
8 268
40 169
85 202
32 146
279 146
127 121
15 190
37 95
295 12
95 214
202 254
199 177
94 261
139 9
50 117
305 250
257 25
98 213
98 2
38 56
19 36
177 225
225 85
319 72
97 285
285 170
219 36
26 312
296 37
192 217
25 49
146 153
265 116
45 42
309 82
98 7
117 146
232 214
230 102
285 198
67 249
240 157
284 265
148 131
173 211
220 198
259 237
30 203
224 75
117 212
28 214
219 17
231 2
230 140
103 194
210 41
314 129
197 150
73 216
152 118
107 51
315 237
160 216
312 63
162 108
275 190
193 45
206 103
238 115
114 20
180 3
253 173
131 129
2 76
25 154
65 3
76 59
239 235
146 230
298 308
209 252
49 81
168 254
55 85
240 41
296 99
43 228
143 46
229 145
313 253
170 57
127 245
307 45
160 132
147 137
311 35
260 39
308 299
164 42
63 275
274 230
53 317
10 68
234 238
212 226
42 61
154 168
177 140
84 16
271 230
24 262
265 283
172 124
261 16
37 195
290 311
297 215
179 306
282 92
223 45
189 264
297 22
303 153
161 66
169 303
296 192
116 112
27 288
107 159
303 143
226 144
133 202
38 183
187 191
274 89
235 142
224 211
163 206
236 195
143 84
178 310
147 293
293 173
260 79
12 114
94 237
258 226
118 167
89 176
230 234
264 144
248 39
227 282
116 142
157 258
97 206
120 243
178 92
288 310
171 299
103 264
87 232
41 76
271 1
251 180
107 66
195 34
104 293
315 91
114 151
28 82
36 147
5 86
111 292
75 281
142 49
96 100
153 8
47 295
9 297
26 307
234 220
20 209
193 14
299 178
37 198
260 264
217 264
221 7
107 167
159 248
88 126
219 240
133 265
86 13
113 111
319 26
10 18
106 74
224 276
252 132
153 63
75 241
6 296
247 304
142 85
103 229
210 1
20 215
265 297
227 57
87 98
274 289
115 251
234 210
206 165
21 230
227 96
151 104
263 77
279 276
34 61
57 115
61 268
9 197
245 108
125 203
205 270
171 191
200 85
81 85
121 101
315 220
68 145
195 202
93 154
158 318
214 86
113 147
33 313
215 277
100 20
160 304
289 202
175 41
158 255
125 279
227 311
178 295
7 52
48 100
77 205
97 291
290 81
309 195
74 203
151 173
94 182
29 63
256 203
103 93
9 99
51 107
90 100
273 288
24 1
67 292
205 36
262 47
308 122
241 61
5 263
106 98
317 134
32 252
208 6
24 216
105 267
194 66
238 147
33 133
147 292
105 223
199 238
141 186
40 61
119 236
196 224
205 192
37 237
315 116
114 18
11 218
156 76
155 74
222 60
78 48
223 182
143 293
100 283
30 139
24 148
246 91
243 130
282 151
238 276
266 32
165 148
121 193
224 276
266 125
207 23
45 301
77 187
273 176
149 302
186 44
2 111
134 116
240 287
267 158
114 84
189 279
232 309
23 7
136 288
3 214
182 47
194 130
105 146
305 254
320 170
169 1
152 303
116 72
141 254
101 255
18 161
85 121
21 107
127 29
266 1
242 319
48 116
129 24
261 305
277 132
27 318
4 178
300 312
121 312
245 221
246 134
253 10
254 274
116 252
302 253
253 223
252 172
210 60
195 23
236 24
154 262
21 158
120 192
149 240
183 265
13 301
79 265
310 204
90 298
136 263
102 260
166 33
303 247
284 49
269 200
264 103
141 156
132 132
27 280
52 82
224 256
254 174
72 243
58 162
92 193
104 66
4 141
98 178
68 254
226 208
5 170
182 17
5 313
149 224
144 72
177 48
199 110
93 270
224 150
303 188
214 87
253 217
99 222
74 38
155 172
246 31
21 107
48 217
292 68
312 115
11 168
34 209
277 127
158 53
276 13
240 42
99 44
130 69
265 204
299 292
247 224
2 139
202 241
35 45
180 27
160 190
66 193
78 215
191 108
267 19
120 58
60 90
101 189
30 45
264 8
208 190
103 82
8 177
2 235
221 54
261 60
243 6
125 193
220 187
172 38
205 163
95 136
124 67
5 153
304 140
161 191
10 263
272 209
119 146
123 212
199 255
143 313
133 267
185 224
6 36
262 210
70 228
26 193
295 222
26 278
41 58
20 242
192 164
131 183
309 125
74 59
60 216
51 192
35 108
95 40
15 228
121 85
136 18
277 302
239 174
131 152
231 150
73 103
185 75
285 173
200 230
103 131
125 26
194 159
133 160
70 147
68 191
103 75
208 60
248 319
105 58
150 16
79 94
310 264
41 146
308 112
55 283
242 51
308 115
82 120
274 151
266 213
21 49
159 101
300 86
291 84
15 312
291 286
85 152
229 125
297 88
108 223
50 29
274 37
15 35
156 161
185 294
53 78
214 84
178 65
169 148
20 56
139 311
21 95
142 121
92 311
208 199
213 130
100 166
166 114
72 194
274 257
39 7
206 124
282 255
60 130
274 79
57 284
261 77
58 275
197 21
265 277
92 29
86 191
67 123
304 138
188 258
266 98
136 151
221 97
85 280
98 230
231 155
193 171
103 251
317 172
143 133
320 234
162 277
104 228
79 88
237 139
217 183
236 224
205 9
192 162
160 289
71 70
315 264
113 98
66 109
141 80
114 140
314 275
96 289
54 174
56 290
184 144
24 100
239 101
300 110
262 139
79 204
81 265
19 65
234 84
45 54
36 158
193 29
112 288
317 37
14 245
199 197
260 222
168 179
2 19
288 135
158 238
19 110
183 229
174 96
185 218
150 220
248 214
248 231
182 116
268 67
232 146
263 172
239 303
30 113
1 189
247 30
107 137
11 161
46 184
256 230
274 277
129 201
43 248
111 224
235 250
162 147
267 296
318 186
278 219
298 151
279 96
52 65
105 63
225 22
118 33
123 71
181 123
143 223
242 126
318 156
55 159
302 2
135 171
59 284
261 228
306 220
3 38
156 299
292 61
192 89
285 314
32 17
116 46
112 37
171 301
65 98
140 46
99 146
89 29
301 29
256 159
248 258
68 84
109 39
16 300
319 172
294 30
60 281
76 171
190 118
152 254
215 163
171 185
180 131
213 32
160 148
190 279
278 257
234 66
167 121
237 166
164 82
67 224
43 142
266 104
260 289
229 26
131 79
211 182
210 103
214 241
251 275
71 208
84 177
145 250
297 61
95 13
143 162
108 57
175 53
160 306
22 260
12 24
18 222
78 99
196 163
211 126
117 282
205 200
10 29
2 306
282 96
190 104
129 297
32 304
30 63
161 243
2 172
138 211
265 215
310 141
249 72
138 238
225 23
309 234
243 310
92 204
86 281
179 86
130 210
69 31
272 102
273 145
273 282
36 90
49 25
230 297
288 239
214 193
133 203
298 56
192 69
131 149
222 310
235 31
71 175
61 215
276 205
39 101
166 266
190 214
290 291
191 130
209 84
2 214
158 171
269 30
240 271
178 141
132 284
43 75
139 103
289 286
179 199
66 24
145 127
238 306
97 300
307 178
255 308
71 93
31 211
122 270
161 171
282 293
135 4
239 145
298 79
302 28
277 240
51 293
46 160
151 143
139 137
192 266
317 262
38 27
24 31
168 184
201 129
28 207
4 266
223 173
24 77
200 173
316 122
17 41
282 39
183 292
176 246
237 44
187 146
262 210
176 109
266 57
109 165
135 304
303 230
28 198
306 227
50 301
220 259
21 181
297 76
25 24
1 261
259 60
87 200
141 262
180 86
190 288
123 197
143 105
106 170
302 283
268 224
263 168
162 155
220 10
230 244
34 103
57 164
162 143
236 302
276 95
260 18
255 62
86 77
166 63
119 19
25 66
242 287
233 83
121 5
285 223
248 190
5 304
33 38
318 268
19 146
235 150
35 169
211 120
117 248
182 235
267 206
173 188
44 277
143 36
281 107
130 209
296 134
64 200
171 62
148 62
207 254
83 241
102 294
40 218
93 93
5 231
170 177
291 85
133 113
120 286
91 250
174 258
255 237
9 298
170 28
231 56
281 313
168 62
158 79
152 251
171 28
161 212
204 3
296 208
307 288
45 77
89 90
206 23
7 215
192 48
114 102
296 75
95 143
8 252
222 159
54 264
186 87
156 261
89 3
21 76
290 65
24 58
155 102
81 33
188 144
80 301
246 55
55 212
70 63
15 291
93 261
106 279
27 133
91 307
136 111
254 105
48 150
163 202
251 115
234 118
258 185
290 55
112 217
138 181
279 153
23 243
93 128
73 311
133 164
297 268
146 103
52 193
252 86
74 182
200 179
171 10
236 12
256 27
228 74
207 58
226 101
301 190
100 53
180 232
216 28
179 42
130 103
106 61
188 180
114 260
230 156