128
160
59 75
119 154
46 39
79 87
95 78
51 25
41 55
111 68
43 8
73 90
149 127
148 38
75 20
32 54
82 15
155 140
122 113
5 7
23 83
94 118
32 16
142 105
70 124
44 144
131 116
74 152
114 93
29 29
112 93
114 65
139 140
77 132
124 81
139 147
36 104
104 99
151 85
43 92
81 87
75 51
42 148
42 28
113 103
88 96
67 41
1 45
21 77
49 144
29 59
130 64
2 105
3 152
62 45
83 142
3 29
32 77
49 106
104 1
48 31
128 146
103 128
62 123
76 110
139 105
8 108
40 9
85 42
32 146
119 146
127 121
15 30
37 95
135 12
95 54
42 94
39 17
94 101
139 9
50 117
145 90
97 25
98 53
98 2
38 56
19 36
17 65
65 85
159 72
97 125
125 10
59 36
26 152
136 37
32 57
25 49
146 153
105 116
45 42
149 82
98 7
117 146
72 54
70 102
125 38
67 89
80 157
124 105
148 131
13 51
60 38
99 77
30 43
64 75
117 52
28 54
59 17
71 2
70 140
103 34
50 41
154 129
37 150
73 56
152 118
107 51
155 77
160 56
152 63
2 108
115 30
33 45
46 103
78 115
114 20
20 3
93 13
131 129
2 76
25 154
65 3
76 59
79 75
146 70
138 148
49 92
49 81
8 94
55 85
80 41
136 99
43 68
143 46
69 145
153 93
10 57
127 85
147 45
160 132
147 137
151 35
100 39
148 139
4 42
63 115
114 70
53 157
10 68
74 78
52 66
42 61
154 8
17 140
84 16
111 70
24 102
105 123
12 124
101 16
37 35
130 151
137 55
19 146
122 92
63 45
29 104
137 22
143 153
1 66
9 143
136 32
116 112
27 128
107 159
143 143
66 144
133 42
38 23
27 31
114 89
75 142
64 51
3 46
76 35
143 84
18 150
147 133
133 13
100 79
12 114
94 77
98 66
118 7
89 16
70 74
104 144
88 39
67 122
116 142
157 98
97 46
120 83
18 92
128 150
11 139
103 104
87 72
41 76
111 1
91 20
107 66
35 34
104 133
155 91
114 151
28 82
36 147
5 86
111 132
75 121
142 49
96 100
153 8
47 135
9 137
26 147
74 60
20 49
33 14
139 18
37 38
100 104
57 104
61 7
107 7
159 88
88 126
59 80
133 105
86 13
113 111
159 26
10 18
106 74
64 116
92 132
153 63
75 81
6 136
87 144
142 85
103 69
50 1
20 55
105 137
67 57
87 98
114 129
115 91
74 50
46 5
21 70
67 96
151 104
103 77
119 116
34 61
57 115
61 108
9 37
85 108
125 43
45 110
11 31
40 85
81 85
121 101
155 60
68 145
35 42
93 154
158 158
54 86
113 147
33 153
55 117
100 20
160 144
129 42
15 41
158 95
125 119
67 151
18 135
7 52
48 100
77 45
97 131
130 81
149 35
74 43
151 13
94 22
29 63
96 43
103 93
9 99
51 107
90 100
113 128
24 1
67 132
45 36
102 47
148 122
81 61
5 103
106 98
157 134
32 92
48 6
24 56
105 107
34 66
78 147
33 133
147 132
105 63
39 78
141 26
40 61
119 76
36 64
45 32
37 77
155 116
114 18
11 58
156 76
155 74
62 60
78 48
63 22
143 133
100 123
30 139
24 148
86 91
83 130
122 151
78 116
106 32
5 148
121 33
64 116
106 125
47 23
45 141
77 27
113 16
149 142
26 44
2 111
134 116
80 127
107 158
114 84
29 119
72 149
23 7
136 128
3 54
22 47
34 130
105 146
145 94
160 10
9 1
152 143
116 72
141 94
101 95
18 1
85 121
21 107
127 29
106 1
82 159
48 116
129 24
101 145
117 132
27 158
4 18
140 152
121 152
85 61
86 134
93 10
94 114
116 92
142 93
93 63
92 12
50 60
35 23
76 24
154 102
21 158
120 32
149 80
23 105
13 141
79 105
150 44
90 138
136 103
102 100
6 33
143 87
124 49
109 40
104 103
141 156
132 132
27 120
52 82
64 96
94 14
72 83
58 2
92 33
104 66
4 141
98 18
68 94
66 48
5 10
22 17
5 153
149 64
144 72
17 48
39 110
93 110
64 150
143 28
54 87
93 57
99 62
74 38
155 12
86 31
21 107
48 57
132 68
152 115
11 8
34 49
117 127
158 53
116 13
80 42
99 44
130 69
105 44
139 132
87 64
2 139
42 81
35 45
20 27
160 30
66 33
78 55
31 108
107 19
120 58
60 90
101 29
30 45
104 8
48 30
103 82
8 17
2 75
61 54
101 60
83 6
125 33
60 27
12 38
45 3
95 136
124 67
5 153
144 140
1 31
10 103
112 49
119 146
123 52
39 95
143 153
133 107
25 64
6 36
102 50
70 68
26 33
135 62
26 118
41 58
20 82
32 4
131 23
149 125
74 59
60 56
51 32
35 108
95 40
15 68
121 85
136 18
117 142
79 14
131 152
71 150
73 103
25 75
125 13
40 70
103 131
125 26
34 159
133 160
70 147
68 31
103 75
48 60
88 159
105 58
150 16
79 94
150 104
41 146
148 112
55 123
82 51
148 115
82 120
114 151
106 53
21 49
159 101
140 86
131 84
15 152
131 126
85 152
69 125
137 88
108 63
50 29
114 37
15 35
156 1
25 134
53 78
54 84
18 65
9 148
20 56
139 151
21 95
142 121
92 151
48 39
53 130
100 6
6 114
72 34
114 97
39 7
46 124
122 95
60 130
114 79
57 124
101 77
58 115
37 21
105 117
92 29
86 31
67 123
144 138
28 98
106 98
136 151
61 97
85 120
98 70
71 155
33 11
103 91
157 12
143 133
160 74
2 117
104 68
79 88
77 139
57 23
76 64
45 9
32 2
160 129
71 70
155 104
113 98
66 109
141 80
114 140
154 115
96 129
54 14
56 130
24 144
24 100
79 101
140 110
102 139
79 44
81 105
19 65
74 84
45 54
36 158
33 29
112 128
157 37
14 85
39 37
100 62
8 19
2 19
128 135
158 78
19 110
23 69
14 96
25 58
150 60
88 54
88 71
22 116
108 67
72 146
103 12
79 143
30 113
1 29
87 30
107 137
11 1
46 24
96 70
114 117
129 41
43 88
111 64
75 90
2 147
107 136
158 26
118 59
138 151
119 96
52 65
105 63
65 22
118 33
123 71
21 123
143 63
82 126
158 156
55 159
142 2
135 11
59 124
101 68
146 60
3 38
156 139
132 61
32 89
125 154
32 17
116 46
112 37
11 141
65 98
140 46
99 146
89 29
141 29
96 159
88 98
68 84
109 39
16 140
159 12
134 30
60 121
76 11
30 118
152 94
55 3
11 25
20 131
53 32
160 148
30 119
118 97
74 66
7 121
77 6
4 82
67 64
43 142
106 104
100 129
69 26
131 79
51 22
50 103
54 81
91 115
71 48
84 17
145 90
137 61
95 13
143 2
108 57
15 53
160 146
22 100
12 24
18 62
78 99
36 3
51 126
117 122
45 40
10 29
2 146
122 96
30 104
129 137
32 144
30 63
1 83
2 12
138 51
105 55
150 141
89 72
138 78
65 23
149 74
83 150
92 44
86 121
19 86
130 50
69 31
112 102
113 145
113 122
36 90
49 25
70 137
128 79
54 33
133 43
138 56
32 69
131 149
62 150
75 31
71 15
61 55
116 45
39 101
6 106
30 54
130 131
31 130
49 84
2 54
158 11
109 30
80 111
18 141
132 124
43 75
139 103
129 126
19 39
66 24
145 127
78 146
97 140
147 18
95 148
71 93
31 51
122 110
1 11
122 133
135 4
79 145
138 79
142 28
117 80
51 133
46 160
151 143
139 137
32 106
157 102
38 27
24 31
8 24
41 129
28 47
4 106
63 13
24 77
40 13
156 122
17 41
122 39
23 132
16 86
77 44
27 146
102 50
16 109
106 57
109 5
135 144
143 70
28 38
146 67
50 141
60 99
21 21
137 76
25 24
1 101
99 60
87 40
141 102
20 86
30 128
123 37
143 105
106 10
142 123
108 64
103 8
2 155
60 10
70 84
34 103
57 4
2 143
76 142
116 95
100 18
95 62
86 77
6 63
119 19
25 66
82 127
73 83
121 5
125 63
88 30
5 144
33 38
158 108
19 146
75 150
35 9
51 120
117 88
22 75
107 46
13 28
44 117
143 36
121 107
130 49
136 134
64 40
11 62
148 62
47 94
83 81
102 134
40 58
93 93
5 71
10 17
131 85
133 113
120 126
91 90
14 98
95 77
9 138
10 28
71 56
121 153
8 62
158 79
152 91
11 28
1 52
44 3
136 48
147 128
45 77
89 90
46 23
7 55
32 48
114 102
136 75
95 143
8 92
62 159
54 104
26 87
156 101
89 3
21 76
130 65
24 58
155 102
81 33
28 144
80 141
86 55
55 52
70 63
15 131
93 101
106 119
27 133
91 147
136 111
94 105
48 150
3 42
91 115
74 118
98 25
130 55
112 57
138 21
119 153
23 83
93 128
73 151
133 4
137 108
146 103
52 33
92 86
74 22
40 19
11 10
76 12
96 27
68 74
47 58
66 101
141 30
100 53
20 72
56 28
19 42
130 103
106 61
28 20
114 100
70 156