128
512
59 331
87 186
430 231
367 23
223 462
243 121
169 151
367 36
299 296
457 314
309 319
468 326
427 340
288 374
434 399
443 492
218 17
165 135
247 19
158 470
480 400
78 137
38 444
172 336
227 116
138 24
434 93
349 349
432 125
210 353
11 140
333 228
156 497
363 403
4 8
360 483
407 437
107 444
369 279
267 83
394 404
106 316
497 455
152 416
67 361
257 77
501 77
305 144
61 155
34 64
162 393
35 56
318 141
499 174
419 253
256 301
145 362
104 129
304 255
32 370
103 288
446 91
364 238
235 425
392 268
488 41
149 10
96 466
151 82
127 57
335 382
357 479
231 460
95 22
202 126
391 305
414 325
395 265
50 117
177 442
385 153
482 21
162 66
486 312
147 100
369 481
481 213
447 200
161 29
221 362
155 100
154 56
424 37
320 473
153 497
402 25
137 372
45 298
437 18
98 71
117 466
40 86
166 486
285 326
3 505
176 157
92 329
212 3
365 19
476 6
3 365
30 139
224 75
437 148
92 22
219 209
487 258
294 140
231 66
466 233
58 129
389 150
457 88
152 310
107 115
315 109
480 344
248 191
418 172
339 510
193 45
206 167
302 499
306 20
52 259
253 109
387 129
258 332
217 410
129 323
12 443
431 491
274 166
170 180
337 508
177 17
40 382
183 341
368 489
360 419
235 100
15 110
229 273
441 445
170 57
255 181
499 173
160 260
339 329
439 163
324 103
180 363
484 362
191 339
338 38
245 61
138 260
170 366
20 98
298 189
154 40
369 140
212 16
399 38
344 326
201 155
428 380
5 400
229 195
226 55
233 471
115 370
218 284
223 237
381 8
425 22
47 281
161 258
297 47
296 128
372 496
283 288
363 287
175 79
482 400
133 202
358 247
59 63
18 281
299 398
288 211
419 334
492 67
79 276
114 374
403 485
357 173
260 207
460 434
286 429
322 418
118 167
153 176
230 170
456 16
56 231
227 474
52 206
29 130
481 142
504 371
114 348
32 374
43 491
295 328
407 104
233 12
271 385
187 500
43 130
3 98
360 229
59 411
434 87
28 402
228 19
261 342
367 292
203 409
270 497
224 164
89 456
175 359
329 361
346 371
490 348
468 337
65 14
235 498
101 262
388 328
281 136
157 135
427 359
31 184
344 254
347 432
197 9
278 13
369 111
383 346
458 338
170 10
352 404
508 452
153 383
267 433
6 424
55 432
270 85
103 101
338 449
20 23
457 297
35 313
407 418
146 353
243 315
362 82
206 357
21 358
227 288
279 232
199 333
151 468
418 253
57 243
189 76
265 133
373 300
445 267
205 78
107 447
392 469
17 85
313 37
443 28
324 209
259 10
29 410
478 446
150 22
177 339
97 441
471 469
228 404
224 432
481 330
367 361
286 383
445 87
419 375
114 231
71 372
240 100
269 205
33 419
226 209
245 323
138 203
279 365
94 502
285 63
320 139
423 93
9 355
179 427
218 292
145 288
152 385
387 420
77 420
326 303
116 58
113 253
261 391
106 354
381 390
416 188
16 326
280 24
169 459
450 386
238 83
161 389
467 36
297 31
455 110
333 58
168 445
311 428
324 416
269 192
293 173
379 308
498 146
331 154
92 268
27 330
350 188
206 304
223 502
335 165
100 155
222 267
88 20
182 411
435 450
90 215
110 468
10 96
101 340
249 193
96 276
10 445
463 215
237 173
205 59
337 304
213 46
58 300
66 239
198 500
176 287
203 286
242 212
381 343
40 117
23 135
392 32
67 342
246 303
2 450
361 338
241 62
384 298
361 449
24 47
436 200
333 126
485 63
338 353
405 377
469 427
511 349
458 65
178 191
368 180
129 216
5 369
277 388
155 126
324 178
172 248
377 504
373 349
54 198
189 458
62 146
372 60
494 317
125 159
508 492
338 124
195 343
492 472
218 134
85 30
312 256
277 176
247 137
13 301
335 201
246 396
346 106
456 327
422 68
486 417
47 311
28 241
141 8
200 359
141 284
388 452
27 152
116 274
288 128
62 110
328 307
506 162
412 449
488 322
4 461
226 50
260 254
290 400
261 490
246 401
261 121
341 288
272 456
49 48
71 110
157 398
416 150
47 316
86 23
125 89
483 350
138 230
91 428
118 351
405 363
240 153
484 68
440 243
11 488
290 81
85 447
478 501
84 13
304 170
35 428
258 5
265 396
235 356
311 352
194 203
202 433
355 173
500 283
416 510
258 193
78 343
127 44
331 211
56 122
380 90
37 125
94 301
8 328
144 318
167 338
8 369
258 363
29 246
133 444
243 390
125 321
220 251
364 38
461 419
159 328
508 195
453 89
496 460
417 127
266 71
464 273
439 210
123 468
455 255
399 185
133 11
505 352
262 356
390 210
262 36
26 257
231 478
346 214
425 250
340 178
320 292
451 247
501 61
202 443
316 88
115 448
99 108
287 360
463 164
57 213
200 82
469 430
47 302
131 472
39 470
137 359
249 75
93 237
136 294
167 451
381 282
386 479
389 160
326 339
324 383
39 11
464 508
440 511
297 58
470 336
15 94
182 264
169 274
500 304
55 155
242 435
436 115
402 312
274 215
138 85
85 177
95 37
172 22
35 468
79 504
291 94
85 472
357 253
233 344
44 287
498 285
210 421
399 99
220 161
313 358
245 398
22 340
434 193
361 468
148 440
459 439
21 31
398 377
284 119
208 327
405 194
100 102
102 498
200 322
146 1
167 391
398 188
218 319
380 66
274 15
505 220
453 13
250 339
389 21
457 85
348 349
278 447
451 379
432 138
188 66
138 354
456 23
29 161
341 408
226 102
423 219
321 363
231 59
189 108
79 133
192 426
482 469
360 420
335 280
45 11
345 183
364 288
205 393
448 34
288 161
135 198
379 456
49 98
2 237
205 80
370 396
506 339
352 353
246 174
120 290
184 464
472 36
239 165
428 174
198 203
335 332
401 201
275 449
298 276
173 502
356 30
385 349
368 224
189 101
398 309
391 69
260 350
104 499
2 19
160 199
222 494
19 110
183 293
46 480
57 218
470 412
248 342
248 103
54 436
204 451
232 82
7 492
431 111
478 433
129 125
119 350
107 137
459 289
430 504
256 486
210 213
385 457
43 120
47 96
43 250
34 275
331 40
254 250
150 219
170 279
343 288
116 449
425 63
225 342
54 481
315 263
181 187
207 223
306 254
318 348
503 351
110 322
391 363
59 28
69 228
306 412
3 422
348 427
484 61
256 25
29 58
288 209
244 494
432 37
235 237
385 226
76 494
35 466
345 93
493 413
320 287
312 322
196 148
237 167
208 492
191 236
38 478
444 281
460 363
318 182
88 190
407 163
171 441
116 3
21 96
416 340
382 215
150 65
362 386
231 57
365 422
292 402
387 224
171 334
74 488
4 161
165 410
323 335
339 438
338 359
22 241
187 403
455 336
468 305
209 186
361 61
95 141
463 482
364 121
303 437
96 306
86 260
204 408
82 30
334 419
388 355
147 62
245 90
397 200
394 93
386 242
154 480
382 104
449 233
224 240
158 319
33 243
66 236
138 147
265 471
54 141
313 200
202 46
289 87
245 170
179 118
412 332
86 281
435 22
2 146
261 159
464 294
401 17
17 26
164 282
497 217
422 297
416 111
342 193
197 75
362 376
192 261
195 277
30 118
299 31
263 47
189 215
340 77
231 357
102 394
126 86
98 35
383 2
145 212
194 342
286 43
205 478
304 399
242 333
4 28
363 267
75 39
481 414
115 199
258 216
81 383
302 178
417 172
179 50
383 372
391 157
415 83
122 206
481 363
26 485
391 388
239 465
426 207
366 28
405 112
243 485
494 32
151 399
203 329
448 74
189 326
230 91
408 351
296 376
201 321
348 79
196 74
31 109
280 397
136 173
508 378
145 489
410 295
375 100
112 310
173 300
123 402
390 18
240 173
394 441
493 229
7 176
303 38
284 70
434 419
242 429
284 387
405 181
169 268
281 280
65 453
67 188
343 456
205 70
116 86
510 96
315 5
271 105
42 42
174 475
460 416
391 232
290 283
412 458
38 180
226 103
121 292
290 463
236 494
20 351
68 18
447 382
22 205
486 63
247 147
25 194
50 415
425 339
185 325
285 223
504 510
325 112
289 102
62 12
83 82
363 150
99 297
19 120
501 504
182 235
139 206
429 188
108 341
15 292
153 299
2 145
296 326
256 72
427 318
84 510
399 446
147 497
230 166
104 218
157 285
453 295
490 369
483 85
197 497
376 350
283 378
494 66
191 237
137 106
42 220
103 440
153 249
424 382
414 15
88 59
299 28
353 276
396 323
360 80
307 224
429 77
89 410
142 279
135 279
384 176
498 486
104 139
223 15
8 124
30 95
182 328
122 23
92 5
345 451
85 140
162 1
216 250
411 358
17 33
124 400
208 109
374 311
247 84
326 255
207 355
349 389
170 471
411 261
475 243
200 47
382 361
48 86
99 458
443 115
490 54
2 185
162 375
496 409
458 309
151 153
151 499
29 320
457 439
69 420
169 268
466 39
116 1
124 214
458 54
328 435
107 330
108 268
192 91
164 138
399 314
290 37
301 318
356 245
244 424
152 412
179 106
450 295
106 61
508 52
114 324
486 220