128
1024
59 331
87 186
942 743
879 535
735 974
755 633
169 663
879 548
299 296
969 826
821 319
980 326
939 852
288 374
946 911
955 1004
218 17
165 135
759 19
670 470
992 400
78 137
38 956
684 336
227 628
138 24
946 93
349 861
944 637
210 865
523 140
845 740
156 1009
875 915
4 520
360 995
919 437
107 956
369 791
267 595
394 404
618 316
497 967
152 416
579 361
257 77
501 77
817 656
61 667
546 64
162 905
35 56
318 141
1011 686
931 253
256 301
657 874
616 129
816 767
544 370
103 800
446 603
876 238
235 937
904 780
1000 41
661 10
96 978
151 82
639 57
335 894
357 991
743 972
95 534
714 638
903 817
414 325
395 265
562 629
177 442
385 153
482 21
162 578
998 312
659 612
369 993
481 725
959 200
673 29
733 362
667 612
154 56
936 549
320 473
153 497
914 537
649 372
557 810
949 530
98 583
117 466
552 598
166 486
797 838
515 505
176 157
92 329
212 3
877 531
476 6
3 365
542 651
736 75
437 660
604 534
219 721
999 770
294 140
231 66
978 745
570 129
901 662
457 88
664 310
619 115
315 621
480 856
248 191
930 684
851 510
193 45
206 167
814 499
306 20
564 259
765 109
387 641
770 844
729 410
129 323
524 443
943 1003
274 166
170 180
849 1020
689 17
40 894
183 853
368 489
872 931
747 612
15 110
229 785
953 957
170 57
255 693
499 173
672 772
339 841
951 163
836 615
180 875
484 362
703 851
850 550
757 573
138 772
682 366
532 610
298 701
666 552
369 140
724 16
911 38
856 838
201 667
428 380
517 912
741 195
738 567
745 471
115 882
218 796
223 749
381 520
425 22
47 793
161 770
809 47
808 640
884 1008
283 288
363 799
175 79
994 912
645 714
358 759
571 575
530 793
299 910
288 723
931 334
492 67
79 276
114 886
915 997
869 173
260 207
972 434
286 941
322 930
630 679
665 176
230 170
968 528
56 231
227 986
564 718
29 642
993 142
504 883
114 348
32 374
555 1003
807 840
919 104
745 524
783 385
699 1012
555 642
515 610
872 741
571 411
434 599
28 402
740 531
261 854
879 292
203 409
270 1009
224 164
89 968
687 871
329 361
858 883
1002 348
468 849
65 14
235 498
613 262
900 328
793 136
157 647
427 359
31 696
344 254
859 432
197 521
278 525
881 111
383 858
458 850
682 522
864 916
1020 452
153 895
779 945
6 936
567 432
270 597
103 613
850 961
20 23
457 297
547 313
407 930
146 865
755 827
362 594
718 357
21 870
227 800
791 232
711 333
663 980
930 765
569 755
701 588
777 133
885 300
445 267
205 590
107 959
392 469
529 85
825 549
955 28
324 721
259 10
29 922
990 958
662 534
689 339
97 441
471 981
740 916
224 944
481 330
879 873
798 383
957 599
931 887
626 231
583 884
240 612
781 205
545 419
738 209
757 835
650 203
791 365
94 1014
285 575
320 139
423 93
521 355
691 427
218 292
657 800
152 897
387 932
77 932
326 815
116 58
625 765
261 391
106 354
381 390
928 700
528 326
792 24
681 459
450 898
750 83
673 901
979 36
809 31
967 110
845 58
168 445
823 428
836 928
781 192
293 685
891 820
1010 658
843 666
92 268
539 842
350 188
718 304
223 502
335 165
612 155
222 779
600 20
182 411
947 962
602 215
622 468
10 608
101 852
249 193
96 788
10 445
975 727
749 173
205 59
337 816
213 558
570 812
578 751
198 500
688 799
715 286
242 724
893 343
552 117
535 647
904 544
67 854
246 815
2 450
873 338
241 62
896 810
873 449
536 47
948 200
845 638
485 63
338 353
405 889
469 939
511 349
458 577
178 703
368 180
129 216
517 369
277 388
155 126
836 690
172 760
889 1016
373 349
54 710
701 458
574 146
372 60
494 829
637 671
508 1004
850 636
195 343
1004 472
730 134
597 542
824 768
277 688
759 649
13 813
335 713
246 908
858 618
968 327
422 580
998 929
559 823
540 753
141 520
200 871
653 796
388 452
539 664
116 274
288 128
62 622
840 307
506 674
924 449
1000 322
4 973
226 562
772 766
290 912
261 490
758 913
261 121
341 800
784 456
49 48
583 110
669 398
416 150
47 316
598 23
637 601
995 862
138 742
603 428
630 863
917 363
752 153
484 68
952 243
523 1000
290 81
85 959
478 501
84 525
816 682
547 428
258 517
265 396
235 868
823 864
706 715
202 433
867 685
500 795
928 1022
770 193
78 855
127 556
331 211
56 122
892 602
549 125
94 813
520 328
656 318
167 338
8 369
770 875
29 246
645 956
243 390
125 321
220 251
876 550
461 931
671 328
508 195
453 601
1008 972
929 639
266 71
976 273
439 722
123 468
967 767
399 185
133 523
505 352
774 356
902 210
262 548
538 769
743 990
346 726
937 250
340 178
320 292
451 759
1013 573
202 955
316 600
115 448
99 620
799 872
975 676
57 213
200 594
981 942
559 302
643 472
551 982
649 871
249 75
605 237
648 806
167 963
381 282
386 479
901 160
326 851
836 383
39 11
976 1020
952 511
297 570
982 848
527 606
694 776
681 274
1012 304
55 155
242 435
436 627
914 312
786 215
138 597
597 177
607 549
172 534
35 468
79 1016
291 606
597 984
357 253
233 344
556 287
498 797
722 933
399 611
220 161
825 358
757 398
534 340
946 705
873 980
148 952
971 439
533 543
398 889
796 631
208 327
917 706
100 614
614 498
200 834
658 1
167 391
398 700
730 319
380 578
274 527
505 220
965 13
762 339
901 533
969 85
860 861
790 959
451 379
432 650
188 66
650 354
456 23
29 161
341 408
738 614
935 219
833 875
231 571
189 108
79 133
192 938
994 981
872 420
335 280
45 523
345 695
876 800
717 905
960 34
288 673
647 198
891 456
49 98
2 237
205 80
370 396
1018 339
352 865
758 686
120 802
184 464
472 36
239 165
940 174
198 203
847 844
401 713
275 449
810 276
685 1014
356 30
385 349
368 736
189 101
398 309
903 581
772 350
616 1011
514 531
160 711
734 1006
531 110
695 805
558 480
57 218
470 412
248 854
760 615
566 948
716 963
232 594
519 1004
943 111
990 433
641 125
119 350
107 649
459 801
430 1016
256 486
210 725
897 457
555 632
47 96
555 762
34 787
331 552
766 250
662 731
682 279
855 800
628 961
425 63
737 854
54 993
315 263
693 187
719 223
818 766
318 348
503 351
110 834
903 875
59 540
581 740
818 412
515 422
348 939
484 61
768 537
29 58
800 721
244 494
944 37
235 237
385 738
588 494
547 466
345 605
1005 925
320 799
312 834
196 660
749 679
720 492
191 748
550 990
444 793
460 363
830 694
600 190
407 163
683 953
628 3
533 608
928 852
382 215
662 577
874 386
231 569
877 422
292 402
387 736
171 846
74 1000
516 673
165 922
835 847
851 438
850 359
22 753
187 403
967 848
980 817
209 186
361 61
607 653
463 994
364 633
815 437
608 306
86 772
204 920
594 30
334 419
388 355
147 574
757 90
397 712
906 605
898 242
666 480
894 104
449 233
736 240
670 319
545 755
66 748
650 659
777 983
54 141
313 200
714 46
289 87
757 170
691 630
412 332
86 281
435 534
514 146
773 159
464 294
913 529
17 538
164 794
497 217
934 809
416 623
854 705
709 587
874 376
192 261
707 277
542 118
811 31
263 559
189 727
852 77
231 869
614 394
638 86
610 547
895 2
145 724
706 854
286 555
205 478
816 911
754 333
4 540
363 267
75 551
993 926
627 199
770 216
593 383
302 178
929 172
179 50
895 884
903 157
415 83
634 206
993 363
538 997
903 900
239 977
426 207
878 28
405 624
243 997
1006 544
151 911
715 329
960 586
189 838
742 603
920 351
808 888
713 321
860 591
196 74
543 621
280 397
648 685
1020 890
657 1001
410 807
887 100
112 822
685 300
635 402
902 530
752 685
394 441
1005 229
7 176
303 550
796 582
946 419
242 941
284 899
917 693
681 780
793 792
577 453
67 188
855 968
717 582
628 86
1022 608
315 5
783 617
554 554
174 475
972 416
391 232
290 283
924 970
38 692
738 615
121 804
802 975
748 494
532 351
580 530
959 894
534 717
486 63
247 659
537 194
50 927
425 339
185 325
285 223
1016 1022
837 112
801 614
62 524
83 594
875 662
99 809
531 632
501 1016
694 747
651 206
941 700
108 341
15 292
665 299
514 657
296 326
768 72
939 830
596 1022
399 446
659 497
230 166
104 730
157 797
453 807
1002 369
483 85
709 497
376 350
795 890
1006 66
191 749
137 106
554 732
103 952
153 761
424 382
926 527
88 59
299 540
865 276
908 323
360 592
819 736
941 589
601 922
654 791
647 791
896 176
498 998
104 651
735 527
8 636
30 95
694 328
634 535
604 517
857 963
85 652
674 1
216 250
923 870
17 545
636 912
720 109
886 823
759 596
326 767
207 355
861 901
682 471
411 261
987 243
200 47
894 873
48 86
99 970
955 115
490 566
2 185
674 887
1008 409
458 309
151 665
663 1011
541 320
457 951
581 420
169 780
466 39
628 513
124 726
458 54
840 947
619 842
108 268
704 91
676 138
399 826
802 37
813 318
356 245
244 936
664 412
691 106
450 295
618 573
1020 52
626 836
998 220