128
32
27 11
23 26
14 7
15 23
31 14
19 25
9 23
15 4
11 8
9 26
21 31
20 6
11 20
32 22
18 15
27 12
26 17
5 7
23 19
30 22
32 16
14 9
6 28
12 16
3 20
10 24
18 29
29 29
16 29
18 1
11 12
13 4
28 17
11 19
4 8
8 3
23 21
11 28
17 23
11 19
10 20
10 28
17 7
24 32
3 9
1 13
21 13
17 16
29 27
2 32
2 9
3 24
30 13
19 14
3 29
32 13
17 10
8 1
16 31
32 18
7 32
30 27
12 14
11 9
8 12
8 9
21 10
32 18
23 18
31 25
15 30
5 31
7 12
31 22
10 30
7 17
30 5
11 9
18 21
17 26
1 25
2 21
2 2
6 24
19 4
17 1
1 21
31 8
1 29
29 10
27 4
26 24
8 5
32 25
25 17
18 25
9 20
13 10
21 18
2 7
21 18
8 22
6 6
29 6
3 25
16 29
28 9
20 3
13 19
28 6
3 13
30 11
32 11
21 20
28 22
27 17
7 2
6 12
7 2
18 9
26 1
5 22
9 24
24 22
11 19
27 13
32 24
24 31
2 12
19 30
1 13
14 7
14 19
18 20
20 3
29 13
3 1
2 12
25 26
1 3
12 27
15 11
18 6
10 20
17 28
17 17
8 30
23 21
16 9
8 3
11 4
15 14
5 17
25 29
10 25
31 21
19 13
32 4
19 9
23 3
4 7
20 11
4 10
31 19
18 6
21 29
10 4
10 14
20 2
10 29
26 8
17 12
20 16
15 6
24 6
9 27
12 28
5 16
5 3
2 23
9 23
19 18
26 28
31 13
29 8
9 22
15 25
1 2
9 15
8 32
20 16
27 32
11 31
15 15
2 16
5 10
6 23
27 31
18 25
11 14
32 19
3 14
12 3
15 20
18 22
19 5
5 13
4 15
12 18
30 13
2 2
22 7
25 16
6 10
8 16
24 7
3 26
20 14
29 2
1 14
24 19
18 28
32 22
11 11
7 8
23 8
9 12
15 1
27 20
11 2
3 2
8 5
27 27
18 23
28 18
4 19
5 22
15 4
11 25
14 17
32 4
25 8
15 7
9 9
26 19
10 28
20 17
1 14
11 18
5 6
4 8
25 8
29 7
11 7
31 24
24 30
27 16
5 9
22 13
17 15
31 26
10 18
10 10
32 20
28 4
25 31
11 17
6 8
23 16
14 21
7 5
18 1
20 23
9 9
3 25
23 2
18 1
19 27
10 18
14 5
21 6
3 32
23 8
7 13
23 20
2 29
25 19
29 12
9 5
21 12
29 11
13 14
11 31
8 21
17 21
25 5
27 28
4 17
3 10
29 26
30 30
22 22
17 19
1 25
23 21
4 20
32 16
1 10
15 9
30 31
29 23
3 23
18 7
7 20
16 4
13 13
1 3
2 17
21 3
10 11
23 13
30 22
29 31
32 11
7 29
9 3
19 11
26 4
17 32
24 1
3 4
13 4
6 15
20 26
17 29
5 7
10 2
29 6
32 28
16 6
24 24
9 11
2 2
14 19
1 5
19 4
9 31
7 14
13 26
8 29
23 12
4 32
13 32
5 13
27 20
18 18
11 26
28 12
27 10
30 28
14 16
31 22
15 5
4 27
30 11
24 20
22 27
19 2
26 23
14 20
10 32
5 20
25 1
32 20
10 29
15 23
13 13
13 27
17 16
21 14
26 12
2 15
6 20
16 31
11 30
18 20
29 23
8 21
23 7
8 32
3 22
22 15
2 2
9 18
17 30
32 10
9 1
24 15
20 8
13 30
5 31
18 1
21 25
21 11
31 29
10 1
18 31
16 20
1 24
5 17
21 4
27 30
4 18
12 24
25 24
21 29
22 6
29 10
30 18
20 28
14 29
29 31
28 12
18 28
3 23
12 24
26 6
21 30
24 32
21 16
23 9
13 13
15 9
22 12
26 10
8 7
6 4
6 1
15 23
28 17
13 8
8 7
13 28
4 4
27 24
20 18
32 32
30 14
8 19
26 2
28 1
8 2
4 13
2 18
4 30
2 16
5 10
22 17
5 25
21 32
16 8
17 16
7 14
29 14
32 22
15 28
22 23
29 25
3 30
10 6
27 12
22 31
21 11
16 25
4 4
24 19
11 8
2 17
21 31
30 21
20 13
16 10
3 12
2 5
9 12
11 4
23 32
2 11
10 17
3 13
20 27
32 30
2 1
14 23
31 12
11 19
24 26
28 26
5 29
30 13
8 8
16 30
7 18
8 17
2 11
29 22
5 28
19 6
29 1
28 27
12 6
13 3
31 8
28 3
5 25
16 12
1 31
10 7
16 17
23 18
27 20
7 31
15 25
5 11
25 32
6 4
6 18
6 4
26 1
7 30
26 22
9 26
20 18
32 4
3 23
21 29
10 27
28 24
19 32
3 12
31 8
15 4
25 21
8 18
21 14
15 14
3 24
7 22
9 7
25 11
29 13
8 6
7 3
29 26
2 31
5 32
6 19
4 31
7 11
16 28
24 31
9 26
22 16
15 30
22 8
9 18
20 16
23 27
18 19
20 19
18 24
18 23
10 21
21 17
31 5
12 22
3 20
15 24
3 30
21 24
5 29
9 24
12 31
18 29
18 5
15 3
28 1
25 6
21 14
22 20
18 1
9 20
20 24
11 23
21 31
14 25
28 23
16 7
21 2
4 6
6 18
8 2
18 1
7 7
14 28
26 31
28 2
18 15
25 28
5 13
26 19
5 21
9 21
28 29
22 31
3 27
16 10
28 2
10 2
8 23
29 1
21 24
2 6
7 27
1 11
7 27
29 12
15 5
32 10
2 21
8 4
15 24
13 11
25 23
12 32
13 9
32 2
32 1
7 6
27 8
17 2
2 13
13 16
18 12
26 19
32 1
22 14
24 2
24 16
24 4
15 5
12 14
6 11
15 12
17 9
19 1
10 20
13 22
4 30
1 29
16 32
29 5
14 21
7 5
4 30
8 19
2 19
32 7
30 14
19 14
23 5
14 32
25 26
22 28
24 22
24 7
22 20
12 3
8 18
7 12
15 15
30 17
1 29
23 30
11 9
11 1
14 24
32 6
18 21
1 9
11 24
15 32
11 26
2 19
11 8
30 26
22 27
10 23
23 32
20 1
9 31
1 22
22 1
27 7
21 27
15 31
18 30
30 28
23 31
14 2
7 11
27 28
5 4
18 28
3 6
28 11
4 29
32 25
29 26
32 17
20 14
16 5
11 13
1 2
12 14
3 18
25 29
13 29
32 31
24 2
4 20
13 7
16 12
31 12
6 30
28 25
12 11
30 22
24 30
23 3
11 25
20 3
21 32
32 20
30 23
22 1
10 2
7 25
13 6
4 18
3 32
11 14
10 8
4 1
5 26
3 15
19 22
18 7
22 17
27 19
7 16
20 17
17 26
9 29
31 13
15 2
12 25
15 21
32 18
22 4
12 24
18 30
14 3
4 3
19 30
21 26
13 8
10 29
2 18
26 32
30 8
1 9
32 16
30 31
1 19
2 12
10 19
9 23
22 13
25 8
10 14
1 23
21 10
19 22
28 12
22 25
19 22
2 18
5 31
16 6
17 17
17 26
4 26
17 25
6 9
32 15
22 1
5 11
10 24
32 5
3 21
30 22
11 31
7 15
29 23
20 13
7 5
6 10
30 22
2 3
31 2
17 20
2 22
30 11
13 30
16 15
18 13
4 28
11 11
11 7
1 30
19 7
2 24
17 31
14 18
1 12
19 18
31 20
7 29
31 19
26 14
1 11
26 5
7 4
15 17
10 15
14 28
21 16
19 5
14 32
23 15
11 9
32 10
29 6
6 27
24 31
8 24
9 1
28 15
4 10
31 13
24 13
8 13
28 26
17 9
26 7
23 4
16 22
13 12
27 18
6 18
16 13
10 25
13 5
7 16
15 6
28 6
18 3
18 13
28 3
21 21
9 12
25 24
1 5
3 28
23 8
13 6
20 22
30 32
27 5
15 9
10 10
14 27
12 32
7 8
2 27
28 10
6 20
2 7
25 4
2 15
12 14
20 31
4 18
31 30
22 13
6 31
23 19
25 2
18 31
9 19
25 5
29 31
24 30
5 16
1 6
30 12
19 18
11 22
3 9
19 24
21 24
22 11
11 14
13 28
12 21
15 4
25 11
2 17
8 6
32 8
11 30
20 30
15 30
19 17
6 6
8 26
29 29
5 7
10 17
3 21
5 17
24 30
27 26
14 2
31 13
9 10
10 28
7 24
25 25
8 30
30 15
24 27
11 28
1 20
12 3
8 16
19 32
13 13
25 26
14 23
7 23
32 16
18 6
8 11
31 15
8 28
30 31
22 8
26 23
28 5
25 3
21 12
2 1
24 26
27 6
17 1
28 16
16 13
22 23
23 20
6 31
15 3
29 5
10 23
27 5
27 19
8 15
30 9
16 22
3 10
27 19
10 22
2 25
2 23
16 25
10 21
23 25
23 19
29 32
9 23
5 4
9 12
18 7
20 1
28 22
10 22
8 19
11 10
12 12
32 27
4 10
15 26
2 5
13 30
4 21
20 8
24 28
19 10
2 7
10 29
28 20
18 4
6 28