128
768
315 75
87 186
174 231
111 23
479 206
499 121
169 407
623 292
43 552
201 314
53 63
724 582
683 340
288 630
434 399
187 748
730 273
421 135
759 531
158 470
224 144
590 649
550 700
428 80
483 628
394 24
178 605
605 93
176 381
210 97
267 652
333 484
412 753
619 403
4 264
104 483
663 693
363 700
113 23
11 595
650 404
618 316
497 711
664 160
579 105
257 77
757 589
49 400
61 155
34 64
418 393
547 312
574 141
243 686
419 509
512 557
401 618
104 129
560 767
544 626
359 32
190 347
108 238
235 169
392 268
488 41
149 266
608 722
663 338
639 313
79 638
101 735
487 460
95 534
458 126
391 305
414 581
651 521
50 117
177 698
641 665
738 277
418 66
230 312
659 356
625 225
225 213
191 200
673 541
733 618
667 612
154 312
424 293
320 729
665 753
658 25
137 116
301 554
437 530
98 327
117 210
552 598
422 230
29 582
3 761
688 157
604 73
468 515
621 275
732 518
259 109
542 395
480 75
437 148
92 534
475 465
231 514
294 652
743 322
722 233
570 641
389 662
713 344
664 54
619 627
571 365
224 600
248 703
162 684
83 254
705 45
718 167
46 243
306 20
52 259
509 621
131 129
514 332
473 410
641 579
524 443
175 747
530 422
682 692
593 764
433 529
296 382
183 341
112 745
616 163
235 356
271 622
741 17
441 445
682 313
511 437
243 685
416 4
595 329
183 419
580 615
436 363
484 618
703 83
82 38
245 317
650 4
426 622
20 98
554 701
666 296
625 140
468 272
143 294
88 326
713 667
428 636
261 144
741 451
226 55
745 727
627 626
730 284
479 237
637 264
425 534
47 281
673 514
553 303
40 640
116 240
27 544
363 543
687 335
482 400
389 458
358 503
315 575
18 25
43 654
544 467
419 590
236 579
591 20
114 118
147 229
613 173
4 207
716 178
30 429
578 418
118 423
153 688
486 426
712 528
568 743
483 474
52 718
285 642
225 654
248 371
114 92
32 374
299 747
551 328
663 616
233 268
527 641
187 244
555 386
259 354
360 229
59 667
178 343
540 658
228 19
261 598
367 292
203 665
526 241
480 676
345 200
431 359
73 617
90 115
490 348
468 337
577 526
235 242
357 262
132 72
537 392
157 135
171 615
287 696
344 254
91 688
453 521
534 13
625 623
127 346
202 594
170 266
608 660
508 452
153 127
523 177
518 680
311 176
526 597
359 101
82 449
276 23
201 297
35 57
151 418
658 609
243 315
362 338
206 101
21 614
227 544
23 232
711 333
663 724
418 253
313 755
701 76
9 389
373 300
701 11
717 78
619 447
392 213
17 597
569 37
443 284
68 465
3 266
285 666
222 190
150 22
177 339
97 441
215 469
740 148
480 688
225 586
367 105
286 383
701 87
675 631
370 743
583 372
496 100
525 717
289 675
738 721
501 323
394 715
23 365
350 758
541 575
64 139
679 349
9 99
435 171
730 292
401 32
152 129
131 164
77 676
70 303
116 58
625 509
5 135
362 354
381 134
416 444
528 582
24 536
681 715
194 130
494 595
161 133
723 548
297 287
711 622
77 58
680 701
55 172
324 416
13 704
549 429
635 564
498 658
331 410
92 12
27 586
606 444
206 560
479 502
335 677
356 411
222 267
344 276
694 155
179 706
90 215
622 724
10 352
101 596
249 449
608 276
266 445
207 471
493 173
461 59
81 48
469 302
570 300
66 495
454 500
432 31
715 286
242 212
637 343
40 117
279 135
648 544
67 342
502 559
514 450
105 594
497 574
384 298
361 449
280 47
180 712
333 382
485 575
594 609
405 121
213 683
255 349
714 577
690 703
368 436
385 728
261 369
533 132
155 382
68 434
428 504
633 248
117 349
54 198
445 458
318 658
372 60
238 573
637 159
508 492
82 124
451 599
748 472
730 134
85 30
568 768
533 432
247 137
269 557
335 713
246 140
90 106
200 583
166 324
742 673
303 311
284 241
141 264
200 103
397 540
388 452
539 152
116 274
288 640
318 110
72 563
250 162
156 449
744 578
260 205
482 50
516 254
290 144
5 490
502 657
261 121
341 288
528 712
49 48
71 366
413 142
416 662
559 60
598 535
637 89
227 606
138 230
91 684
374 351
405 107
240 153
484 68
696 243
267 744
546 337
341 191
478 245
84 525
304 170
291 428
514 5
265 652
491 612
55 96
194 715
458 689
99 429
244 27
672 510
258 449
78 87
127 44
331 467
568 122
636 346
549 381
606 45
520 328
144 574
679 594
520 625
514 107
285 246
133 188
755 390
125 321
476 507
620 294
205 675
415 328
508 451
709 345
752 716
673 127
522 583
720 529
439 722
635 212
199 255
655 441
133 11
761 96
6 612
390 210
6 292
538 513
743 734
90 726
681 250
340 690
320 548
451 247
501 573
458 187
60 344
627 192
611 108
287 616
207 164
313 213
456 338
725 686
303 302
131 472
551 470
393 103
505 331
349 237
136 294
679 451
637 26
130 479
133 672
582 339
68 127
39 11
464 764
184 255
553 314
726 336
271 606
694 8
425 530
500 48
55 667
498 179
692 627
146 56
530 727
394 85
85 433
351 37
684 534
547 468
335 760
291 94
597 472
101 253
233 88
556 543
754 285
722 677
399 99
732 417
57 614
501 398
534 340
434 705
105 212
660 696
203 183
21 287
654 377
28 375
464 583
149 706
356 102
614 754
456 66
402 513
167 135
398 188
730 319
380 66
18 271
249 476
709 269
762 83
645 277
457 597
348 93
534 703
451 635
688 138
188 322
138 610
712 535
29 673
85 408
226 358
167 475
65 107
231 59
445 364
591 389
448 170
482 469
104 164
335 24
557 11
601 695
620 32
717 137
192 290
32 417
647 198
379 712
561 610
258 237
461 336
114 140
506 595
608 97
246 174
120 34
440 208
216 292
495 421
684 686
710 715
335 76
401 201
275 449
298 532
173 758
356 286
129 93
112 736
189 613
398 565
135 69
260 350
616 755
2 19
672 199
734 494
275 622
695 37
302 224
57 474
214 412
248 598
504 615
566 180
460 451
232 594
519 492
431 623
478 689
641 637
119 94
363 649
203 545
686 504
768 742
466 469
385 713
555 376
559 352
43 506
290 275
587 296
766 250
150 731
170 279
87 544
628 449
681 63
225 86
54 481
315 519
437 187
719 223
50 766
62 92
503 351
366 322
647 619
59 284
69 484
50 156
259 678
92 427
228 317
768 281
285 314
288 209
500 494
688 549
491 237
129 482
588 494
35 722
601 349
493 669
64 31
56 322
196 148
237 423
720 236
191 492
550 478
188 537
204 107
574 182
344 702
663 419
683 185
628 3
533 608
672 596
638 215
406 65
618 642
743 57
365 166
36 402
131 224
171 334
586 232
516 417
421 666
67 335
83 182
338 615
22 497
443 147
199 80
468 305
209 442
361 573
607 653
207 738
364 633
559 181
96 562
598 4
460 152
338 542
590 163
644 99
147 318
245 346
653 712
138 93
642 498
154 480
638 360
705 233
480 496
414 63
545 499
66 236
138 659
265 727
54 141
313 456
714 46
289 599
245 426
179 118
412 332
598 281
179 22
2 658
517 671
720 550
401 273
17 26
164 538
241 217
678 553
160 111
598 449
197 75
362 376
192 5
195 277
542 374
299 543
519 303
445 727
84 333
231 357
358 650
126 598
98 291
383 514
401 212
194 86
542 43
461 734
48 143
242 589
4 28
619 11
331 295
737 670
115 455
258 472
337 639
302 690
161 172
691 50
639 116
135 413
415 83
378 462
225 107
538 229
135 388
495 721
170 719
110 540
405 624
243 229
494 32
407 655
203 329
192 330
701 326
742 347
664 607
296 120
713 65
604 335
708 330
543 365
280 141
136 173
764 634
657 489
666 551
375 356
112 54
685 300
379 146
134 274
752 429
650 697
749 741
519 176
559 550
28 326
690 163
498 685
284 643
405 181
425 268
25 24
321 709
579 188
87 712
717 70
628 598
254 608
59 261
271 617
42 298
174 219
716 160
135 232
34 27
668 714
294 692
738 103
121 36
290 207
236 238
532 95
324 274
191 382
22 461
230 319
247 659
537 194
50 671
425 83
697 581
285 479
504 510
581 624
545 358
318 12
595 338
363 406
99 553
19 120
501 504
438 747
395 206
429 444
364 341
15 548
153 299
514 657
40 326
768 72
683 318
84 766
655 702
659 753
486 678
104 218
669 29
453 551
490 113
483 341
453 497
120 94
283 634
750 578
447 749
137 618
554 476
103 440
409 761
680 126
158 271
600 59
299 540
609 276
652 579
616 592
563 224
173 77
345 410
142 23
391 279
128 432
242 230
360 651
223 271
264 380
542 95
694 328
634 23
604 5
601 707
85 396
162 257
728 506
667 358
529 545
124 144
208 365
374 567
247 84
326 511
719 99
93 133
682 727
155 5
219 243
712 303
126 105
48 342
611 714
699 627
490 54
2 185
674 631
240 409
202 565
151 153
151 499
285 64
713 695
325 164
169 268
722 551
372 1
124 470
714 54
328 691
363 586
364 524
704 603
164 138
399 570
290 37
301 62
356 245
756 680
408 412
179 362
194 39
618 317
508 564
626 324
742 476