128
480
219 75
279 474
366 39
399 407
95 398
211 25
361 215
431 388
43 168
393 410
149 447
148 198
395 340
192 54
242 15
475 460
442 273
325 327
183 243
254 278
32 336
302 265
70 124
44 464
291 436
394 312
274 413
29 189
272 93
114 385
459 460
237 292
124 81
139 307
196 264
104 99
471 405
363 412
401 407
395 211
362 308
42 28
113 423
88 256
387 201
161 365
181 397
49 304
349 59
130 64
322 105
163 312
382 45
243 302
323 29
32 77
209 426
104 321
368 191
448 146
263 128
382 443
396 430
139 265
8 268
200 329
245 362
32 146
279 146
447 121
175 350
197 255
295 172
95 54
362 414
199 17
414 101
459 329
50 117
465 410
257 185
258 373
418 162
38 216
179 356
337 225
225 405
479 392
97 445
445 330
379 36
346 312
136 197
32 57
185 369
466 313
425 116
205 362
149 242
98 327
117 306
72 214
230 422
125 198
387 89
400 157
124 265
468 131
333 371
60 38
259 397
350 203
384 75
437 52
188 54
379 177
231 322
390 460
263 34
50 41
474 449
197 470
233 56
472 438
427 51
475 77
320 216
152 223
162 108
275 350
33 45
46 263
238 435
114 20
340 163
413 333
131 129
322 236
185 314
65 3
236 59
79 75
146 230
298 308
209 92
49 241
8 94
375 245
400 361
136 259
43 68
463 46
69 305
153 253
10 217
127 245
147 205
320 292
307 137
471 35
100 39
148 459
4 42
223 275
274 230
53 317
170 388
234 238
212 386
362 221
474 8
337 140
84 176
431 390
184 422
425 283
332 444
261 336
357 355
130 151
457 55
339 146
442 92
383 45
349 264
137 342
143 473
1 226
169 303
136 352
116 432
27 448
267 159
303 143
386 304
293 362
358 23
27 191
114 409
235 462
64 371
323 206
236 195
303 404
18 310
147 133
133 173
100 399
332 274
414 237
98 226
118 327
249 16
390 234
424 144
88 359
387 282
436 142
477 258
417 366
440 83
18 92
128 470
11 459
263 424
87 232
41 76
431 161
91 340
267 386
355 354
264 133
155 91
274 151
348 82
36 307
165 406
271 292
395 281
142 49
96 100
153 8
47 455
169 137
186 307
394 60
180 49
193 334
139 338
357 358
420 264
57 104
61 327
267 327
479 408
248 446
379 400
453 425
246 13
433 431
319 346
10 18
266 74
224 276
412 452
153 223
235 81
326 296
407 464
142 405
263 389
370 161
180 215
105 297
227 57
247 418
274 129
435 411
74 50
206 5
21 230
227 256
311 424
423 237
279 436
34 61
217 275
221 268
9 197
85 108
125 203
45 270
331 351
200 405
401 405
281 421
155 380
68 465
195 362
93 474
318 478
54 406
273 147
193 153
215 277
260 340
480 304
129 202
175 201
478 95
125 279
387 151
178 455
7 372
208 100
237 45
97 291
450 241
309 35
394 43
311 173
254 182
349 383
256 43
103 253
9 99
51 267
250 100
113 128
344 321
227 452
365 196
262 207
308 442
241 221
5 423
266 258
477 134
32 252
48 6
24 56
105 427
194 226
398 307
353 133
147 452
105 383
39 238
461 346
200 221
439 76
36 224
205 32
357 237
155 276
114 178
331 218
476 396
315 394
222 60
398 368
383 22
143 293
260 123
30 459
344 468
406 251
83 130
282 311
238 436
106 352
5 308
441 353
224 276
266 445
207 183
205 461
77 347
273 336
469 302
186 204
162 111
454 116
240 127
427 478
434 404
349 439
232 309
183 327
456 448
163 54
22 367
34 450
105 306
305 94
480 10
169 161
472 143
276 232
141 94
101 95
18 321
405 121
21 107
447 349
426 1
402 319
368 436
289 344
261 465
437 132
347 478
164 338
140 312
441 152
405 61
246 294
253 170
414 274
276 252
142 93
253 63
412 12
370 220
355 23
76 184
154 422
181 318
280 192
149 240
343 425
173 461
239 425
150 44
90 298
296 103
262 420
166 193
303 407
284 49
429 360
104 103
301 156
292 452
347 440
212 82
384 256
414 14
72 83
58 162
252 353
264 386
164 301
98 338
228 254
386 48
5 10
22 177
165 313
149 384
144 232
337 48
359 270
413 430
224 470
463 348
214 247
253 377
419 222
234 38
475 12
86 351
21 107
48 57
292 68
312 435
171 168
354 49
437 287
478 53
276 333
400 362
99 44
130 389
265 364
299 132
247 384
2 139
362 401
195 45
340 27
480 30
66 353
78 375
31 428
427 179
280 218
60 250
261 189
30 45
424 328
48 190
103 402
328 337
322 395
381 54
421 380
83 6
125 33
380 27
332 198
205 3
415 136
124 67
325 153
464 140
1 31
330 103
432 49
439 146
443 212
199 255
463 153
133 107
185 384
6 36
102 210
390 388
346 33
455 62
186 438
201 58
340 402
32 164
451 343
309 285
74 379
60 56
51 192
35 108
95 40
15 68
121 405
456 338
437 302
399 14
131 472
71 470
393 103
25 235
445 333
40 390
103 451
445 26
34 479
133 480
390 147
68 31
423 395
368 380
88 159
265 218
150 336
79 414
310 104
41 146
308 432
55 283
402 371
308 435
242 440
434 151
106 373
181 49
159 421
300 246
451 84
335 472
291 286
405 472
389 445
137 88
268 63
370 189
434 197
15 195
156 321
345 134
213 398
54 244
338 225
9 308
180 216
299 471
21 95
462 281
412 471
368 199
53 130
260 6
326 274
72 354
114 417
359 327
206 284
442 415
380 450
114 79
57 284
421 77
378 275
357 181
265 117
252 189
246 31
67 443
304 138
188 418
426 418
136 151
221 97
85 120
418 70
71 475
353 11
423 251
157 172
303 293
160 74
2 277
104 68
239 408
77 299
217 23
236 224
45 329
192 2
320 129
71 390
475 424
273 418
66 429
461 240
114 140
314 115
416 289
54 174
216 130
344 304
24 100
399 421
300 110
422 139
239 364
401 105
179 65
394 244
365 374
356 478
33 189
112 448
477 37
14 85
39 357
260 62
328 179
2 19
288 295
158 398
179 430
23 229
14 416
345 378
310 220
248 214
408 231
182 276
268 67
232 306
423 12
239 143
190 113
161 349
407 190
267 457
11 161
206 24
96 70
274 277
289 41
363 88
271 64
235 410
2 467
107 296
478 346
438 59
458 471
279 256
52 65
105 63
225 182
438 193
123 231
341 283
143 223
242 286
158 476
215 159
462 322
455 331
59 284
261 388
146 60
163 198
476 139
132 221
192 89
285 314
192 17
116 206
112 357
11 141
225 98
300 206
419 146
409 349
301 189
256 319
248 418
388 244
429 39
336 140
479 12
454 190
380 441
396 11
190 278
152 414
375 323
11 185
340 291
53 32
480 308
350 119
118 257
234 66
167 441
77 166
324 402
227 224
363 142
106 424
420 129
229 186
451 239
371 182
50 423
214 401
251 435
391 368
84 17
305 250
457 381
415 173
303 162
268 57
175 373
480 466
22 100
172 344
338 62
398 259
356 3
51 126
437 442
365 40
330 189
162 306
442 96
350 264
129 137
192 304
30 63
161 403
162 332
138 371
265 55
150 141
409 72
138 238
385 23
149 234
83 310
412 44
406 281
179 406
290 370
229 191
432 262
113 465
113 122
356 250
49 25
390 457
448 399
214 353
293 363
458 376
192 389
291 469
62 470
395 351
231 15
61 55
276 45
39 261
166 266
30 214
290 291
191 130
209 404
2 374
158 331
269 350
240 431
338 301
292 124
43 395
139 103
449 286
19 359
66 184
145 447
398 306
257 460
307 338
255 308
231 413
31 371
282 270
321 11
442 133
135 4
399 145
458 239
302 348
117 240
51 133
206 320
311 463
299 137
192 426
317 422
358 347
184 31
8 24
41 449
28 47
324 426
63 173
184 237
40 173
476 442
177 201
282 359
183 452
16 246
397 204
187 146
422 370
176 429
266 217
269 165
135 464
463 70
28 38
306 67
210 301
380 259
21 181
137 76
25 24
321 421
99 380
87 40
141 262
340 406
350 128
443 357
463 425
426 10
462 123
428 64
423 328
322 315
380 330
390 404
354 103
217 324
2 303
236 142
436 95
420 178
95 382
406 77
326 223
439 179
345 386
242 287
233 83
121 5
285 383
408 30
5 144
353 358
318 108
19 146
75 310
195 169
211 120
117 408
342 75
107 206
333 348
364 437
303 356
441 107
130 369
136 134
384 360
11 222
468 382
367 414
83 81
102 294
200 218
93 413
165 71
10 17
291 245
453 113
120 286
91 250
174 98
255 77
329 138
170 188
391 56
121 473
8 222
158 79
312 251
11 348
321 372
364 3
136 208
467 128
365 77
249 410
46 23
7 375
32 48
434 422
456 75
415 463
168 92
62 479
214 424
346 407
316 101
409 323
181 396
450 65
344 218
475 262
241 353
28 144
400 461
86 375
55 372
230 223
335 291
93 421
106 439
347 293
411 147
136 111
414 105
48 150
323 42
411 435
394 438
98 185
290 55
432 217
298 181
439 153
343 403
93 448
233 311
133 164
457 268
146 263
372 193
412 86
234 342
40 19
171 10
76 332
416 27
68 234
207 378
386 421
301 350
260 53
180 392
216 28
179 362
290 423
426 221
28 180
434 420
70 476