128
608
571 267
503 538
174 39
207 247
63 590
467 217
297 599
79 324
395 232
521 250
533 95
148 230
203 20
416 406
242 207
59 204
186 561
453 359
311 51
606 374
352 176
590 361
166 380
396 272
3 308
522 248
114 381
477 317
400 605
434 353
523 204
269 420
476 113
171 179
484 488
552 547
375 533
299 252
17 87
523 19
394 436
266 220
529 455
248 32
163 73
385 77
277 45
209 144
477 91
322 352
578 585
291 344
222 589
595 238
387 221
256 493
369 234
104 289
80 351
32 562
135 416
350 411
172 558
267 41
40 588
104 9
277 394
64 498
87 370
127 473
591 94
357 63
327 172
351 118
522 94
71 369
222 421
171 393
370 437
145 122
129 249
130 117
354 514
6 440
595 452
305 289
545 373
351 584
545 413
93 170
507 484
538 120
296 421
224 377
569 81
498 409
41 340
525 394
565 530
226 551
373 242
232 22
6 294
605 262
99 89
144 317
572 73
436 579
205 371
60 166
451 269
574 491
320 491
597 276
124 214
219 209
167 162
230 172
455 226
146 265
26 289
581 310
361 120
600 278
491 51
443 45
32 120
248 351
322 236
19 446
161 557
46 327
430 275
210 276
212 355
253 237
35 225
546 108
345 538
97 547
300 539
591 331
370 230
74 84
177 92
241 337
360 286
375 181
272 297
168 483
43 420
431 398
357 369
217 93
10 313
351 309
563 333
32 324
275 105
119 451
516 359
500 587
356 266
159 339
274 38
213 317
170 356
426 526
116 34
330 125
58 72
145 12
116 176
335 390
600 454
233 507
524 444
485 272
421 355
2 87
105 535
115 274
282 540
191 109
285 520
553 342
303 89
353 418
265 399
200 256
564 144
475 480
299 63
143 111
130 464
197 234
390 23
507 383
562 89
491 238
320 435
579 14
236 35
143 500
434 54
467 389
517 333
260 207
396 114
30 525
578 226
150 71
249 368
166 522
456 48
472 487
195 154
212 430
189 354
33 334
120 499
114 28
544 86
235 331
199 264
567 488
201 428
271 161
187 436
395 354
195 258
232 101
411 155
530 599
508 274
324 19
165 150
367 100
235 601
142 145
576 420
345 488
559 327
41 137
474 147
202 60
404 145
161 206
299 402
517 518
68 552
249 232
413 7
43 359
319 184
216 606
315 560
485 265
598 237
113 463
383 314
522 178
170 394
96 180
188 324
89 575
267 49
198 72
55 560
430 373
455 37
370 161
308 567
425 9
195 537
471 290
562 97
467 443
202 274
14 389
597 422
355 256
471 264
39 525
535 180
2 381
537 83
541 556
41 69
565 556
317 139
237 590
235 415
424 437
81 437
537 69
251 604
36 113
579 394
349 506
574 62
278 214
145 531
161 505
311 117
452 20
256 80
1 202
495 137
350 575
573 279
355 535
274 391
359 244
496 100
461 461
161 131
66 17
373 547
522 75
55 365
414 22
157 415
544 43
551 285
329 227
563 395
154 548
497 224
504 385
323 68
237 196
198 15
532 282
561 445
357 327
522 162
61 70
288 604
432 550
280 152
169 555
258 34
206 147
257 421
531 292
489 479
199 398
205 122
72 157
279 140
196 192
13 256
261 301
571 404
562 242
555 122
508 524
475 106
62 444
238 592
447 118
175 357
516 379
190 587
536 468
438 443
371 450
90 343
462 52
138 416
5 404
249 225
320 116
330 381
271 567
77 429
397 251
177 304
21 366
602 268
546 431
102 20
272 511
363 126
274 212
541 279
8 181
215 39
8 544
131 598
214 207
418 322
169 594
17 190
64 10
169 1
152 271
20 424
493 94
261 159
306 513
149 25
405 363
63 125
10 513
114 543
112 532
257 600
517 593
181 292
315 62
4 466
332 344
601 536
437 253
86 454
477 234
478 274
596 252
398 317
157 511
252 588
146 508
579 375
204 472
58 518
533 62
376 576
405 368
503 553
333 301
399 201
534 588
186 234
232 295
262 100
198 513
399 55
124 81
429 328
264 487
237 508
260 324
475 56
84 82
608 128
94 110
40 19
90 226
572 321
520 546
132 429
450 242
484 286
322 16
325 586
214 273
485 473
597 64
240 392
465 240
231 558
61 270
288 150
207 572
182 119
509 313
259 62
554 454
347 588
470 383
565 75
48 153
260 356
536 499
459 392
450 81
341 511
350 341
52 269
304 554
387 524
578 357
585 524
523 36
215 384
418 491
170 177
35 141
244 571
32 94
66 481
174 119
95 236
459 467
504 474
412 602
389 381
62 365
8 584
112 222
71 242
104 561
418 459
93 374
421 124
467 486
317 353
604 123
300 166
589 515
31 104
220 131
485 281
208 204
257 319
426 327
560 241
279 82
91 84
455 223
527 25
421 235
377 128
70 68
294 50
294 36
154 513
167 350
186 374
553 154
404 82
192 68
323 183
149 125
266 315
348 184
339 160
131 428
287 200
207 292
569 501
328 434
405 206
175 302
291 440
455 86
521 39
473 555
221 13
72 198
39 131
381 90
2 511
517 608
422 115
292 383
327 331
208 124
248 95
137 538
534 592
335 158
342 200
425 274
532 208
471 283
338 563
372 339
178 280
338 599
394 341
373 113
383 293
556 22
99 84
271 344
387 318
501 440
517 317
105 152
236 287
434 573
242 197
15 419
476 65
409 582
405 494
406 500
178 65
521 276
468 504
11 247
213 223
78 441
252 503
592 487
181 130
164 422
326 178
552 514
242 353
199 39
558 316
250 447
92 162
434 559
377 156
517 589
378 307
421 341
201 117
540 93
246 95
227 283
272 170
508 514
234 418
264 183
125 513
21 216
386 166
487 155
321 395
455 91
413 588
143 325
416 74
418 373
168 36
47 440
525 267
57 151
76 32
45 521
256 386
448 33
551 326
507 264
433 354
66 237
45 528
274 460
602 83
224 481
438 270
312 354
248 80
216 324
431 581
556 78
358 395
111 12
433 329
595 577
394 52
525 438
292 190
289 285
272 512
157 421
494 181
487 133
580 94
168 403
66 435
480 135
222 302
147 366
23 453
334 416
217 250
246 508
152 246
184 135
150 52
556 355
552 434
487 524
239 367
318 17
193 509
151 126
203 9
203 545
462 536
352 70
498 309
577 41
267 472
175 416
235 442
482 179
587 72
94 218
438 123
234 343
343 96
180 545
425 383
481 598
22 545
379 519
565 59
271 223
242 158
350 476
599 223
46 578
295 459
507 444
293 452
498 28
547 70
284 75
164 157
384 185
413 154
416 81
212 398
16 453
555 77
33 258
300 78
227 306
249 445
461 541
288 63
568 226
452 244
13 7
112 396
511 236
550 318
28 473
108 43
30 374
120 62
23 131
459 569
148 419
405 320
352 84
382 23
22 225
586 34
551 409
141 454
356 402
483 384
267 590
138 8
356 577
389 90
99 239
51 566
50 455
278 113
539 371
455 560
308 145
305 250
553 445
95 13
239 578
108 217
271 245
224 338
214 324
428 24
562 478
302 323
36 291
147 574
53 602
237 360
458 541
322 402
90 416
126 328
97 233
256 368
478 191
417 403
514 236
138 179
425 439
502 461
441 360
138 206
65 375
277 522
19 598
28 108
406 153
147 214
98 402
581 287
592 102
81 209
337 538
388 474
81 281
326 521
352 175
118 417
261 395
42 280
384 69
99 501
542 246
107 31
359 399
317 55
500 109
263 549
38 362
414 118
34 451
31 98
17 148
514 598
254 267
269 30
336 79
530 269
36 348
11 107
139 327
161 350
147 135
290 184
497 415
302 242
257 44
51 594
511 564
583 157
543 563
186 270
33 427
250 69
167 260
495 17
298 367
78 156
501 80
339 101
494 352
55 143
395 105
448 10
381 422
166 315
88 63
296 120
489 545
508 367
516 394
95 525
152 493
72 365
572 122
177 457
474 551
599 580
48 150
589 140
571 466
166 50
528 461
490 409
109 101
487 336
207 294
572 70
178 35
434 141
476 323
597 341
265 300
25 24
449 5
483 124
471 40
493 390
212 374
510 320
187 101
367 393
394 330
462 283
76 608
423 552
322 123
604 298
422 20
322 583
345 516
98 207
268 590
308 479
68 530
511 254
342 269
38 447
311 211
121 386
210 543
329 531
57 37
541 191
56 574
165 400
481 582
318 140
563 338
331 342
579 233
595 312
213 344
150 523
555 270
13 156
524 53
399 292
89 331
194 145
296 358
256 488
331 574
20 606
303 62
51 273
294 38
584 506
93 445
133 359
426 145
227 53
197 17
344 606
59 538
142 66
607 397
265 42
74 604
359 376
57 409
360 350
158 47
568 251
491 412
1 20
556 547
72 464
275 128
173 333
377 26
110 375
423 375
128 208
82 486
296 139
287 47
200 444
94 159
406 296
570 119
316 229
57 99
405 332
226 577
376 602
603 198
369 129
284 208
336 365
86 23
503 84
390 95
239 483
573 357
490 535
475 517
475 243
8 271
286 233
560 374
227 554
571 307
74 246
514 121
322 311
464 537
106 245
23 345
439 307
93 320
553 279
549 420
521 556
402 519
180 353
284 118
298 246
424 83
203 42
524 236
64 379
164 170
15 506
514 165
205 318
196 149
596 136
568 220
83 362
130 583
426 413
92 116
370 228
518 284