128
256
59 75
87 186
174 231
111 23
223 206
243 121
169 151
111 36
43 40
201 58
53 63
212 70
171 84
32 118
178 143
187 236
218 17
165 135
247 19
158 214
224 144
78 137
38 188
172 80
227 116
138 24
178 93
93 93
176 125
210 97
11 140
77 228
156 241
107 147
4 8
104 227
151 181
107 188
113 23
11 83
138 148
106 60
241 199
152 160
67 105
1 77
245 77
49 144
61 155
34 64
162 137
35 56
62 141
243 174
163 253
256 45
145 106
104 129
48 255
32 114
103 32
190 91
108 238
235 169
136 12
232 41
149 10
96 210
151 82
127 57
79 126
101 223
231 204
95 22
202 126
135 49
158 69
139 9
50 117
177 186
129 153
226 21
162 66
230 56
147 100
113 225
225 213
191 200
161 29
221 106
155 100
154 56
168 37
64 217
153 241
146 25
137 116
45 42
181 18
98 71
117 210
40 86
166 230
29 70
3 249
176 157
92 73
212 3
109 19
220 6
3 109
30 139
224 75
181 148
92 22
219 209
231 2
38 140
231 66
210 233
58 129
133 150
201 88
152 54
107 115
59 109
224 88
248 191
162 172
83 254
193 45
206 167
46 243
50 20
52 3
253 109
131 129
2 76
217 154
129 67
12 187
175 235
18 166
170 180
81 252
177 17
40 126
183 85
112 233
104 163
235 100
15 110
229 17
185 189
170 57
255 181
243 173
160 4
83 73
183 163
68 103
180 107
228 106
191 83
82 38
245 61
138 4
170 110
20 98
42 189
154 40
113 140
212 16
143 38
88 70
201 155
172 124
5 144
229 195
226 55
233 215
115 114
218 28
223 237
125 8
169 22
47 25
161 2
41 47
40 128
116 240
27 32
107 31
175 79
226 144
133 202
102 247
59 63
18 25
43 142
32 211
163 78
236 67
79 20
114 118
147 229
101 173
4 207
204 178
30 173
66 162
118 167
153 176
230 170
200 16
56 231
227 218
52 206
29 130
225 142
248 115
114 92
32 118
43 235
39 72
151 104
233 12
15 129
187 244
43 130
3 98
104 229
59 155
178 87
28 146
228 19
5 86
111 36
203 153
14 241
224 164
89 200
175 103
73 105
90 115
234 92
212 81
65 14
235 242
101 6
132 72
25 136
157 135
171 103
31 184
88 254
91 176
197 9
22 13
113 111
127 90
202 82
170 10
96 148
252 196
153 127
11 177
6 168
55 176
14 85
103 101
82 193
20 23
201 41
35 57
151 162
146 97
243 59
106 82
206 101
21 102
227 32
23 232
199 77
151 212
162 253
57 243
189 76
9 133
117 44
189 11
205 78
107 191
136 213
17 85
57 37
187 28
68 209
3 10
29 154
222 190
150 22
177 83
97 185
215 213
228 148
224 176
225 74
111 105
30 127
189 87
163 119
114 231
71 116
240 100
13 205
33 163
226 209
245 67
138 203
23 109
94 246
29 63
64 139
167 93
9 99
179 171
218 36
145 32
152 129
131 164
77 164
70 47
116 58
113 253
5 135
106 98
125 134
160 188
16 70
24 24
169 203
194 130
238 83
161 133
211 36
41 31
199 110
77 58
168 189
55 172
68 160
13 192
37 173
123 52
242 146
75 154
92 12
27 74
94 188
206 48
223 246
79 165
100 155
222 11
88 20
182 155
179 194
90 215
110 212
10 96
101 84
249 193
96 20
10 189
207 215
237 173
205 59
81 48
213 46
58 44
66 239
198 244
176 31
203 30
242 212
125 87
40 117
23 135
136 32
67 86
246 47
2 194
105 82
241 62
128 42
105 193
24 47
180 200
77 126
229 63
82 97
149 121
213 171
255 93
202 65
178 191
112 180
129 216
5 113
21 132
155 126
68 178
172 248
121 248
117 93
54 198
189 202
62 146
116 60
238 61
125 159
252 236
82 124
195 87
236 216
218 134
85 30
56 256
21 176
247 137
13 45
79 201
246 140
90 106
200 71
166 68
230 161
47 55
28 241
141 8
200 103
141 28
132 196
27 152
116 18
32 128
62 110
72 51
250 162
156 193
232 66
4 205
226 50
4 254
34 144
5 234
246 145
5 121
85 32
16 200
49 48
71 110
157 142
160 150
47 60
86 23
125 89
227 94
138 230
91 172
118 95
149 107
240 153
228 68
184 243
11 232
34 81
85 191
222 245
84 13
48 170
35 172
2 5
9 140
235 100
55 96
194 203
202 177
99 173
244 27
160 254
2 193
78 87
127 44
75 211
56 122
124 90
37 125
94 45
8 72
144 62
167 82
8 113
2 107
29 246
133 188
243 134
125 65
220 251
108 38
205 163
159 72
252 195
197 89
240 204
161 127
10 71
208 17
183 210
123 212
199 255
143 185
133 11
249 96
6 100
134 210
6 36
26 1
231 222
90 214
169 250
84 178
64 36
195 247
245 61
202 187
60 88
115 192
99 108
31 104
207 164
57 213
200 82
213 174
47 46
131 216
39 214
137 103
249 75
93 237
136 38
167 195
125 26
130 223
133 160
70 83
68 127
39 11
208 252
184 255
41 58
214 80
15 94
182 8
169 18
244 48
55 155
242 179
180 115
146 56
18 215
138 85
85 177
95 37
172 22
35 212
79 248
35 94
85 216
101 253
233 88
44 31
242 29
210 165
143 99
220 161
57 102
245 142
22 84
178 193
105 212
148 184
203 183
21 31
142 121
28 119
208 71
149 194
100 102
102 242
200 66
146 1
167 135
142 188
218 63
124 66
18 15
249 220
197 13
250 83
133 21
201 85
92 93
22 191
195 123
176 138
188 66
138 98
200 23
29 161
85 152
226 102
167 219
65 107
231 59
189 108
79 133
192 170
226 213
104 164
79 24
45 11
89 183
108 32
205 137
192 34
32 161
135 198
123 200
49 98
2 237
205 80
114 140
250 83
96 97
246 174
120 34
184 208
216 36
239 165
172 174
198 203
79 76
145 201
19 193
42 20
173 246
100 30
129 93
112 224
189 101
142 53
135 69
4 94
104 243
2 19
160 199
222 238
19 110
183 37
46 224
57 218
214 156
248 86
248 103
54 180
204 195
232 82
7 236
175 111
222 177
129 125
119 94
107 137
203 33
174 248
256 230
210 213
129 201
43 120
47 96
43 250
34 19
75 40
254 250
150 219
170 23
87 32
116 193
169 63
225 86
54 225
59 7
181 187
207 223
50 254
62 92
247 95
110 66
135 107
59 28
69 228
50 156
3 166
92 171
228 61
256 25
29 58
32 209
244 238
176 37
235 237
129 226
76 238
35 210
89 93
237 157
64 31
56 66
196 148
237 167
208 236
191 236
38 222
188 25
204 107
62 182
88 190
151 163
171 185
116 3
21 96
160 84
126 215
150 65
106 130
231 57
109 166
36 146
131 224
171 78
74 232
4 161
165 154
67 79
83 182
82 103
22 241
187 147
199 80
212 49
209 186
105 61
95 141
207 226
108 121
47 181
96 50
86 4
204 152
82 30
78 163
132 99
147 62
245 90
141 200
138 93
130 242
154 224
126 104
193 233
224 240
158 63
33 243
66 236
138 147
9 215
54 141
57 200
202 46
33 87
245 170
179 118
156 76
86 25
179 22
2 146
5 159
208 38
145 17
17 26
164 26
241 217
166 41
160 111
86 193
197 75
106 120
192 5
195 21
30 118
43 31
7 47
189 215
84 77
231 101
102 138
126 86
98 35
127 2
145 212
194 86
30 43
205 222
48 143
242 77
4 28
107 11
75 39
225 158
115 199
2 216
81 127
46 178
161 172
179 50
127 116
135 157
159 83
122 206
225 107
26 229
135 132
239 209
170 207
110 28
149 112
243 229
238 32
151 143
203 73
192 74
189 70
230 91
152 95
40 120
201 65
92 79
196 74
31 109
24 141
136 173
252 122
145 233
154 39
119 100
112 54
173 44
123 146
134 18
240 173
138 185
237 229
7 176
47 38
28 70
178 163
242 173
28 131
149 181
169 12
25 24
65 197
67 188
87 200
205 70
116 86
254 96
59 5
15 105
42 42
174 219
204 160
135 232
34 27
156 202
38 180
226 103
121 36
34 207
236 238
20 95
68 18
191 126
22 205
230 63
247 147
25 194
50 159
169 83
185 69
29 223
248 254
69 112
33 102
62 12
83 82
107 150
99 41
19 120
245 248
182 235
139 206
173 188
108 85
15 36
153 43
2 145
40 70
256 72
171 62
84 254
143 190
147 241
230 166
104 218
157 29
197 39
234 113
227 85
197 241
120 94
27 122
238 66
191 237
137 106
42 220
103 184
153 249
168 126
158 15
88 59
43 28
97 20
140 67
104 80
51 224
173 77
89 154
142 23
135 23
128 176
242 230
104 139
223 15
8 124
30 95
182 72
122 23
92 5
89 195
85 140
162 1
216 250
155 102
17 33
124 144
208 109
118 55
247 84
70 255
207 99
93 133
170 215
155 5
219 243
200 47
126 105
48 86
99 202
187 115
234 54
2 185
162 119
240 153
202 53
151 153
151 243
29 64
201 183
69 164
169 12
210 39
116 1
124 214
202 54
72 179
107 74
108 12
192 91
164 138
143 58
34 37
45 62
100 245
244 168
152 156
179 106
194 39
106 61
252 52
114 68
230 220