128
672
507 267
375 666
558 231
111 599
575 14
19 409
169 407
47 196
523 552
489 218
53 63
628 582
395 436
192 246
242 591
667 76
58 369
613 615
471 51
542 374
608 432
110 649
166 28
44 560
579 532
106 504
466 605
413 189
368 477
306 481
267 172
429 196
412 369
139 211
292 552
584 99
183 21
75 220
593 119
107 499
650 212
330 316
17 615
376 256
291 9
65 557
181 493
625 592
61 635
130 352
514 585
451 24
478 525
243 398
515 221
224 365
305 426
8 321
368 383
448 530
263 512
286 443
204 238
235 265
200 364
488 41
149 266
608 626
663 50
351 505
271 446
197 447
199 76
95 438
458 414
295 593
126 581
363 329
146 597
465 218
161 281
258 181
418 66
134 408
659 356
241 129
129 309
575 200
385 541
637 42
283 132
634 408
40 197
608 57
665 273
274 25
425 404
205 170
341 338
578 327
21 18
456 22
326 230
221 582
99 185
496 253
316 457
660 227
525 467
156 518
67 301
542 491
576 75
533 244
284 438
571 177
327 226
198 652
455 418
434 425
474 257
5 662
41 536
88 438
331 243
283 269
416 24
632 319
642 492
563 254
129 333
430 455
430 627
306 212
244 67
509 45
323 513
34 236
377 122
545 579
236 155
175 651
50 134
298 20
497 188
145 625
392 574
279 149
400 457
232 643
523 68
559 46
453 593
153 157
586 25
607 149
51 109
128 100
115 425
663 611
484 135
436 75
580 42
223 179
370 326
149 221
266 580
138 46
500 290
74 413
186 8
433 236
660 560
335 102
184 326
41 667
332 348
69 240
261 163
418 631
361 439
51 626
346 188
671 45
349 72
329 534
623 89
97 610
649 303
40 160
500 624
27 160
171 639
399 431
2 16
389 362
454 311
315 671
498 313
43 174
256 371
35 206
332 3
15 308
306 598
339 133
421 365
292 591
332 562
222 333
578 610
22 231
249 208
102 618
520 144
664 647
387 570
52 46
573 66
225 78
536 563
210 284
128 374
203 459
263 424
663 40
233 556
143 353
91 244
171 482
259 162
456 517
59 379
562 631
444 658
36 307
549 118
463 4
491 665
334 625
288 196
537 392
623 551
73 41
666 115
394 252
276 49
97 334
427 530
165 70
516 72
249 392
61 39
267 423
575 600
248 62
667 112
453 617
534 397
529 527
511 250
106 114
170 74
320 468
604 356
537 319
427 657
38 488
23 176
238 597
647 485
658 641
468 311
585 201
35 441
55 418
562 33
531 603
650 50
398 581
405 134
227 160
119 136
519 141
183 628
610 157
313 467
125 652
105 581
181 12
221 107
429 654
139 159
584 117
209 309
569 613
443 668
644 561
3 362
573 186
318 382
342 502
177 339
481 153
119 661
164 340
96 592
321 106
79 105
94 287
413 663
99 55
658 71
487 660
304 388
45 621
97 387
450 145
597 131
298 43
119 461
254 86
253 575
64 331
7 157
489 291
147 459
346 4
401 32
536 33
419 452
653 388
166 303
404 634
433 29
5 423
362 258
381 614
32 444
144 582
600 632
201 619
290 418
494 19
449 229
51 68
9 575
327 46
77 58
8 509
631 556
132 320
13 512
261 45
155 276
498 82
235 26
572 396
315 394
414 636
494 464
575 502
239 101
548 315
30 555
152 660
310 155
179 322
666 311
238 148
586 64
101 20
633 545
416 276
266 157
111 87
493 557
461 59
657 336
373 14
90 396
546 399
550 596
48 415
235 286
434 20
349 535
40 309
279 327
456 544
355 438
502 175
322 162
105 306
497 478
192 586
73 65
184 623
660 232
237 94
389 671
114 609
405 25
117 11
351 445
426 577
210 127
80 532
289 56
165 657
533 228
443 478
164 626
428 24
57 536
117 445
534 102
253 266
126 370
276 348
142 573
253 351
28 204
82 316
259 119
172 664
346 614
469 510
568 96
533 624
631 521
269 365
623 521
630 620
90 106
296 103
550 420
454 577
495 407
92 625
525 264
488 199
205 156
580 644
251 440
596 82
288 64
318 110
456 275
58 546
252 353
648 2
644 301
578 338
36 542
290 432
5 106
502 81
261 409
53 384
48 520
337 336
455 654
317 238
128 374
655 252
598 631
253 569
131 30
234 38
571 396
470 447
501 299
528 633
580 452
216 627
171 552
162 625
533 479
190 533
180 45
112 650
3 236
418 5
265 652
587 36
247 384
482 619
554 209
579 333
532 123
288 30
546 449
654 279
127 44
139 179
88 122
156 634
357 573
510 621
424 424
528 670
7 210
616 433
418 395
93 150
517 380
179 390
29 33
668 27
620 6
205 579
127 232
412 355
133 249
176 428
1 31
426 7
240 241
439 530
635 404
7 351
655 57
613 11
89 480
582 36
486 114
486 484
346 225
167 350
474 342
105 346
244 402
224 356
643 535
213 477
266 91
156 248
147 96
131 108
575 40
15 260
25 501
72 242
53 110
591 398
323 568
71 566
297 295
121 139
157 333
616 294
295 643
541 314
610 671
421 384
582 435
644 607
135 587
176 188
568 639
457 218
534 528
655 30
22 104
41 50
308 528
343 475
498 83
116 435
626 536
146 535
298 661
469 433
447 517
492 342
355 276
431 88
3 286
117 568
389 157
617 568
556 159
370 381
242 485
15 195
348 33
57 518
21 398
150 340
242 513
9 596
660 312
11 663
597 671
558 185
28 375
80 583
533 322
164 102
134 178
168 354
210 225
71 231
494 92
442 607
476 450
402 463
633 284
325 557
282 83
69 181
457 21
636 189
342 127
163 347
304 330
572 514
426 514
616 247
605 385
181 408
34 454
71 667
65 395
423 347
349 364
399 5
256 362
194 469
488 356
143 120
557 587
505 311
428 320
429 233
576 482
512 609
263 582
475 328
177 226
546 525
461 144
402 44
506 595
512 193
150 654
312 34
440 16
216 196
207 517
300 110
326 139
47 460
593 393
659 641
490 532
365 278
548 94
321 381
16 160
573 37
14 85
615 453
644 158
520 179
2 19
288 199
158 206
659 622
599 517
590 416
249 282
22 124
248 214
504 135
374 276
172 259
232 114
39 204
143 431
382 17
449 541
215 478
75 73
299 545
590 216
288 166
370 181
289 617
267 664
79 640
139 122
98 371
107 8
574 250
438 155
266 87
567 352
436 641
297 63
513 86
150 1
123 519
53 283
335 319
146 286
158 284
407 255
654 514
263 427
635 572
453 100
530 348
451 294
188 619
228 29
576 377
573 26
96 497
308 302
16 453
587 45
609 194
300 590
35 434
217 541
205 669
640 607
344 418
100 532
237 327
432 140
575 204
166 670
572 345
300 587
670 86
632 606
279 131
395 185
436 483
53 512
480 20
446 23
310 545
426 546
71 57
557 646
132 594
515 32
267 142
490 136
228 321
613 378
451 335
563 86
146 615
598 497
635 243
391 272
660 17
17 58
73 573
31 77
495 546
652 633
559 469
96 658
118 580
364 440
242 254
398 259
68 195
627 30
437 346
173 424
234 189
354 306
634 384
254 456
129 233
288 16
30 255
545 19
162 236
330 275
361 55
534 429
121 360
330 430
577 503
53 138
563 406
316 524
118 569
179 118
2 466
133 575
48 550
593 81
113 122
356 346
49 217
102 169
448 303
598 353
5 651
362 568
384 5
291 373
446 470
491 447
135 495
349 55
372 141
135 357
262 362
30 310
578 3
479 226
305 404
578 182
254 139
77 638
144 239
338 589
580 28
235 587
523 583
641 94
595 647
450 184
337 351
494 114
353 172
211 530
447 116
39 29
127 659
666 270
225 203
58 133
231 292
591 625
74 431
590 540
405 240
51 613
590 416
599 271
587 137
672 234
125 38
262 251
568 127
392 120
329 449
124 431
612 42
255 557
472 45
424 77
284 346
561 201
90 359
471 548
496 342
109 492
379 242
614 274
368 333
266 25
653 261
327 464
175 454
220 518
498 643
594 109
188 355
309 277
41 652
25 408
321 133
99 572
375 40
45 70
244 310
638 224
443 165
559 617
618 106
462 315
620 256
423 136
610 603
284 522
582 308
258 103
313 228
2 15
140 46
628 383
228 466
479 670
502 365
614 319
343 275
633 290
530 383
425 467
313 581
189 95
216 318
197 528
545 70
414 12
115 242
267 214
579 73
211 408
309 24
54 651
299 14
141 156
268 437
495 452
345 11
418 561
328 614
288 72
11 30
84 670
271 222
83 177
294 294
584 602
189 509
453 359
394 593
387 533
357 209
312 574
91 58
462 290
543 77
233 426
650 188
295 248
409 377
296 30
542 79
504 59
587 156
417 180
76 3
40 304
83 224
77 173
153 410
334 23
487 567
320 336
626 614
456 363
319 79
264 188
158 95
118 616
250 407
124 197
409 35
373 492
258 449
536 410
187 70
433 545
508 624
208 461
566 663
151 84
614 415
143 99
381 133
586 631
539 581
27 147
616 399
510 201
48 246
611 234
315 243
106 150
194 185
482 631
48 505
586 661
247 57
631 499
189 544
329 599
325 356
73 268
626 455
468 1
28 278
234 342
520 211
363 586
268 44
416 315
548 330
303 666
386 133
493 446
548 149
372 200
504 316
467 458
98 135
330 125
412 564
338 132
646 572