128
288
219 75
279 282
174 231
111 23
191 206
115 217
73 119
143 4
235 264
9 26
53 255
52 198
203 148
192 246
242 15
91 172
250 81
37 135
183 147
158 86
224 144
14 169
262 28
44 80
3 52
106 216
178 29
125 93
176 189
210 1
75 172
45 196
124 81
43 19
100 72
104 195
87 117
75 220
17 119
11 19
170 116
234 220
17 231
184 64
3 105
65 77
277 109
145 112
61 59
130 160
130 105
67 216
94 141
147 110
131 29
128 173
17 234
104 33
176 287
256 50
263 32
286 251
12 142
235 73
200 76
104 41
53 170
128 146
183 146
255 25
175 254
197 63
199 172
95 246
170 222
7 17
126 5
267 137
146 213
81 218
161 185
258 85
226 258
230 120
275 68
145 33
33 213
95 104
97 61
61 138
283 228
154 120
232 5
128 249
89 81
178 121
137 20
205 74
149 146
194 135
213 210
168 118
134 134
221 102
195 281
112 61
220 265
180 35
141 179
156 230
259 205
62 107
96 267
53 244
284 246
91 81
39 130
198 172
263 130
146 41
282 257
101 86
233 152
280 246
43 147
187 173
224 120
152 31
258 204
275 254
33 237
46 71
238 243
114 212
244 259
125 237
227 225
34 44
89 26
161 3
44 59
175 267
50 38
10 20
113 284
145 145
104 190
87 53
16 73
136 259
43 260
79 142
69 113
57 157
10 217
31 53
147 205
32 196
115 41
87 227
196 231
244 171
4 42
223 179
274 230
149 29
74 100
42 142
212 98
170 221
186 200
145 44
276 176
239 102
88 38
41 283
140 156
165 144
69 259
34 55
73 55
243 146
154 284
287 237
253 168
41 150
239 185
193 226
73 15
40 160
212 240
27 64
267 63
207 47
194 112
101 266
166 215
123 191
210 121
139 174
160 179
35 110
236 99
207 20
114 118
51 37
229 77
100 207
140 178
126 45
2 226
22 39
153 16
102 234
136 240
280 167
3 186
148 238
285 66
129 270
56 179
18 284
128 278
203 267
167 40
183 40
137 76
239 161
91 52
267 98
163 258
264 37
155 283
274 151
60 274
132 115
165 22
271 4
11 185
142 49
96 196
249 104
143 71
265 233
282 115
202 156
84 49
193 238
43 50
261 262
36 264
249 200
157 231
75 39
287 216
248 254
283 208
69 137
150 205
241 143
31 154
10 114
74 74
224 276
124 68
249 31
43 81
230 200
23 176
238 21
263 197
274 257
276 215
105 9
131 57
151 34
82 33
147 27
266 242
14 101
21 134
131 64
215 232
135 237
279 244
130 253
25 275
221 172
201 197
181 204
125 203
237 78
235 255
104 213
209 117
185 229
251 188
164 177
3 170
285 282
126 286
246 22
273 51
193 57
119 85
260 244
288 208
33 106
175 9
190 95
125 87
195 247
274 71
7 276
112 4
141 237
1 99
258 145
21 35
202 139
119 173
254 278
253 287
256 139
7 157
105 3
243 171
250 100
113 128
248 225
131 260
173 4
70 15
20 250
49 221
101 39
266 66
189 230
224 156
240 102
24 56
105 139
98 226
110 211
65 229
147 68
201 191
231 142
77 250
104 125
55 76
36 32
13 224
261 237
251 84
210 274
139 26
284 108
123 106
30 60
206 176
287 118
239 101
260 27
222 75
152 276
22 59
179 34
282 23
142 244
106 64
101 116
249 257
224 84
74 253
15 279
13 173
269 251
273 240
277 206
186 12
66 207
70 116
240 223
139 94
50 116
157 151
232 117
279 39
72 64
163 246
214 175
130 66
9 114
17 286
192 202
169 257
280 239
84 232
45 94
197 95
210 225
117 25
213 107
63 157
42 97
114 127
272 244
193 152
69 81
149 132
155 190
260 146
140 216
249 56
21 157
150 102
253 266
126 178
84 60
46 285
157 159
124 12
274 28
163 215
268 184
58 134
85 30
280 96
245 240
151 137
269 173
239 233
150 236
282 106
8 199
262 36
70 97
207 215
284 241
141 264
8 199
109 252
100 260
59 56
212 82
192 64
126 14
168 275
250 162
252 257
72 98
164 13
194 242
228 62
194 240
197 202
22 177
165 121
149 96
48 232
49 240
167 174
125 46
32 86
79 156
214 151
253 89
35 30
42 134
91 108
86 159
21 107
48 57
100 68
24 147
171 72
258 49
245 95
94 149
180 45
16 266
195 140
226 101
169 268
107 132
247 192
2 139
170 209
195 141
148 219
288 30
162 257
78 279
223 44
139 275
88 26
252 154
165 189
126 45
40 232
48 286
7 210
136 49
130 203
189 150
133 188
179 6
29 129
284 123
44 6
109 3
31 232
28 67
133 153
272 44
97 31
42 103
240 49
151 242
251 212
103 255
271 153
133 11
281 288
6 36
6 114
198 196
58 225
263 62
90 246
105 58
148 18
32 260
67 55
213 189
266 187
156 248
51 288
131 204
287 136
111 164
121 21
72 50
245 206
111 206
35 88
263 182
105 7
25 43
61 237
232 198
7 259
157 218
130 287
133 288
6 243
164 127
135 107
176 92
184 159
169 218
246 144
271 222
22 8
137 242
116 240
151 283
210 179
212 51
50 56
50 55
10 85
181 145
63 229
108 246
259 276
47 88
3 190
21 184
197 157
137 184
268 159
178 189
50 101
111 99
156 33
153 38
117 206
54 52
146 33
9 116
180 216
203 183
117 95
78 185
124 87
80 103
245 130
164 6
230 274
264 258
18 129
167 135
206 92
58 223
284 66
210 175
153 284
229 269
90 179
165 85
265 117
60 93
246 223
259 59
208 234
188 226
234 226
232 151
29 1
85 24
226 166
71 91
161 11
231 251
61 268
207 197
256 266
2 85
200 260
143 120
77 203
217 23
140 32
45 41
192 2
224 129
167 6
91 40
177 34
162 237
173 240
18 140
218 19
224 1
150 78
120 226
152 208
120 4
111 37
204 14
38 139
143 76
17 105
275 65
10 148
173 182
260 190
33 189
208 256
189 229
206 181
39 69
260 158
232 83
194 19
96 103
158 110
179 46
215 37
110 224
57 282
118 28
56 22
216 135
278 276
76 67
40 114
135 12
143 239
94 209
257 61
23 286
171 73
203 257
110 24
192 166
178 181
193 233
75 280
79 64
139 26
2 179
11 8
190 154
246 155
74 87
87 256
244 257
201 159
225 182
54 1
219 231
53 283
47 127
146 286
62 284
23 63
174 34
71 235
59 188
261 4
146 60
259 102
188 43
132 125
96 185
285 26
288 209
20 206
208 165
203 141
33 98
204 206
131 146
25 61
205 285
64 223
56 34
196 244
237 39
240 44
95 108
70 94
188 249
12 107
286 86
248 30
183 35
107 185
52 3
245 128
288 20
62 215
214 257
42 162
167 153
77 262
132 18
227 32
267 238
10 136
36 129
37 90
163 143
275 86
146 231
214 17
251 147
103 176
276 17
209 154
169 285
127 173
15 66
76 153
175 85
288 82
214 196
172 248
50 158
206 67
260 3
243 222
149 58
269 136
234 189
162 114
58 288
158 72
225 233
96 112
30 255
65 115
162 236
234 83
265 151
150 237
25 264
42 46
193 23
53 138
83 214
124 140
214 281
83 22
98 178
133 287
144 70
113 177
17 218
260 154
241 121
102 265
256 15
22 161
197 75
170 280
288 5
3 85
158 86
107 255
135 111
253 151
180 237
39 69
166 170
222 118
2 195
95 130
209 116
2 278
62 43
269 62
48 143
146 205
100 124
43 107
235 7
257 286
115 167
66 280
49 159
110 210
65 76
211 146
63 212
135 125
127 275
186 174
129 203
250 229
39 4
207 145
170 47
14 156
213 240
147 133
110 128
215 175
203 137
192 138
221 38
262 59
184 31
104 24
233 65
124 143
228 42
159 269
88 45
136 173
284 154
177 105
282 263
279 68
112 54
205 204
91 50
134 274
80 237
170 25
173 165
39 272
79 70
124 38
114 259
210 109
284 259
213 277
233 76
217 216
129 133
3 92
183 136
237 262
244 118
158 128
155 69
271 233
138 106
270 123
236 64
231 232
34 27
92 138
102 20
66 103
25 228
194 207
236 142
52 191
132 82
191 286
22 173
230 31
151 83
153 98
146 95
41 179
121 5
189 95
24 126
197 48
65 262
126 12
115 50
75 118
3 265
115 24
21 216
54 171
11 206
141 156
172 53
207 164
57 107
130 81
232 38
288 168
11 126
180 286
175 126
275 177
102 102
200 122
189 125
165 71
202 17
99 245
69 17
120 286
283 250
78 98
159 77
137 42
74 188
199 248
25 185
8 126
158 79
120 59
203 156
129 276
172 99
232 112
275 224
269 269
57 218
238 215
7 87
128 240
146 38
72 171
223 79
168 92
158 287
22 232
154 23
220 197
121 35
181 108
258 161
248 26
91 70
241 257
28 240
208 173
278 279
55 84
230 223
47 99
93 229
202 247
251 5
27 243
40 207
222 9
240 54
35 42
123 147
10 150
98 89
194 247
240 121
202 181
55 249
151 19
189 64
137 23
229 164
265 268
242 71
276 193
124 182
234 246
40 115
267 10
76 44
128 27
164 42
207 90
2 229
109 62
164 245
84 104
120 220
83 74
2 231
138 125
124 84
242 36
70 92