128
352
251 43
55 154
302 327
79 247
127 238
307 25
169 119
111 260
107 168
41 346
53 159
244 262
171 340
288 214
146 175
251 44
282 305
261 231
343 339
126 118
288 144
142 169
262 316
140 80
131 180
74 248
50 29
157 221
16 157
146 225
43 108
333 36
124 241
267 115
292 104
232 291
311 21
107 284
49 247
11 179
74 84
74 188
177 295
120 256
163 265
129 205
21 109
305 144
61 283
258 352
34 201
291 344
286 45
275 334
3 349
160 141
145 298
328 321
240 95
288 114
71 64
30 91
236 334
299 297
264 204
8 297
117 298
352 50
55 338
31 57
335 254
197 191
199 236
159 150
330 158
263 113
286 293
203 169
274 149
177 250
65 185
194 245
194 258
294 248
307 36
305 1
289 213
191 200
97 61
349 138
219 324
250 152
264 165
32 249
25 273
146 153
169 52
45 10
21 338
258 327
21 274
328 22
134 230
221 294
291 217
144 221
188 41
20 163
269 115
124 294
35 333
94 203
96 139
277 116
188 182
91 273
167 130
294 300
7 162
306 9
90 97
229 342
137 312
216 118
75 339
59 173
32 216
88 127
66 12
243 254
257 45
174 71
238 115
82 244
340 35
317 77
131 193
66 332
153 282
161 291
332 219
111 11
146 198
138 212
273 28
177 177
136 350
311 21
176 105
328 163
139 292
303 334
197 17
25 349
10 185
351 341
115 109
352 260
19 137
183 291
228 7
180 75
68 138
95 307
306 134
117 93
138 132
138 334
148 162
42 157
58 40
209 172
212 208
79 230
56 262
169 283
332 60
5 48
261 163
2 215
9 183
19 146
314 156
127 173
29 168
41 86
271 249
257 130
105 47
8 160
20 240
155 352
11 223
47 271
98 112
133 106
294 215
251 319
18 25
139 46
256 179
131 174
140 99
15 244
146 86
115 165
37 269
164 47
140 274
30 237
34 162
342 39
25 304
70 106
328 208
216 295
99 58
180 238
157 194
193 14
344 307
178 28
288 54
75 75
327 104
23 72
329 76
175 65
27 244
235 66
163 98
8 325
155 251
210 311
92 114
324 83
69 214
175 4
267 249
142 305
64 228
89 104
15 327
169 41
282 115
170 92
212 241
65 14
139 338
37 294
100 72
89 168
349 263
235 327
223 24
344 350
315 80
101 329
118 333
81 47
95 250
138 306
202 266
32 52
252 132
345 63
203 145
230 200
55 176
174 277
263 165
274 225
308 87
201 137
67 281
183 226
242 33
179 155
10 274
206 261
53 262
323 256
55 264
167 109
151 52
98 61
281 83
285 300
169 197
85 300
189 331
173 142
11 63
296 21
337 149
345 37
59 28
4 113
3 234
285 154
286 94
214 278
177 211
225 57
119 309
4 308
288 176
97 10
239 105
94 223
253 87
323 23
114 327
199 116
272 132
333 205
225 195
130 113
117 67
170 235
23 173
254 22
61 351
96 299
103 189
233 67
275 267
90 100
305 352
280 225
131 324
77 68
166 271
244 346
337 61
229 71
298 130
157 6
192 252
16 6
88 248
73 75
226 226
238 179
225 229
51 68
201 191
199 78
173 90
72 157
215 12
292 160
205 96
165 45
59 244
114 146
139 186
284 76
123 170
254 60
110 304
191 310
207 101
36 27
254 107
184 116
182 187
339 34
282 215
142 340
106 256
197 308
153 193
32 276
10 285
47 119
301 301
141 155
49 176
181 302
346 76
130 175
262 180
208 255
43 350
306 212
253 151
168 53
55 263
40 64
259 150
246 207
98 98
73 146
273 254
160 266
41 289
152 303
116 8
269 222
69 223
82 33
85 313
149 139
223 253
266 193
50 223
48 148
321 184
293 305
85 164
283 190
164 82
140 344
153 120
213 221
342 6
317 74
318 114
212 252
14 189
93 63
60 204
274 28
35 279
44 184
90 326
21 254
56 224
245 208
343 169
141 45
175 105
118 204
282 42
104 7
294 260
70 1
175 55
92 273
333 136
168 71
109 252
36 228
123 280
84 178
96 288
286 334
104 51
186 34
156 289
40 162
260 173
162 146
228 318
66 272
165 234
54 337
133 89
213 320
80 8
209 176
7 142
221 110
256 54
207 124
54 247
285 313
131 158
106 70
123 236
342 351
117 43
336 313
196 260
344 275
331 200
162 337
341 31
94 309
84 13
80 202
259 76
226 101
233 332
235 68
279 224
66 107
330 113
67 237
84 59
160 62
322 321
46 23
63 204
331 211
216 122
60 186
197 285
350 77
328 232
208 254
167 338
8 209
98 139
93 246
197 252
307 166
285 65
188 59
332 230
269 259
351 40
156 259
325 153
48 12
33 255
266 199
240 337
55 50
123 212
295 31
175 313
261 107
25 160
230 4
38 146
326 100
186 129
7 222
282 54
233 26
20 210
288 324
195 55
21 29
266 27
60 88
339 320
259 76
127 136
143 228
345 117
328 242
245 46
111 238
163 56
263 182
265 199
217 171
253 237
200 230
327 323
317 26
2 223
101 192
70 243
68 63
71 107
304 316
216 127
265 26
182 176
271 158
86 136
41 50
84 304
279 123
274 307
148 275
242 248
114 311
138 245
21 209
63 37
236 278
227 148
15 120
35 350
277 184
133 317
233 280
332 223
50 253
178 197
239 67
92 65
25 294
309 110
214 84
146 161
9 20
20 88
139 55
85 127
238 281
156 183
208 135
53 322
100 230
166 338
8 322
50 33
327 7
206 252
154 63
124 162
146 143
313 348
261 45
122 211
325 341
41 245
188 157
214 287
99 91
272 106
124 322
202 162
40 55
61 193
117 184
66 326
39 27
321 299
135 91
221 172
143 325
128 330
130 53
264 228
143 184
45 331
217 247
140 320
13 265
224 194
160 289
167 198
27 136
209 162
290 77
45 144
114 172
122 243
224 97
182 14
280 226
56 208
184 196
239 261
172 110
102 331
47 332
241 137
179 161
10 116
301 54
324 62
225 93
304 96
189 197
174 181
135 229
100 318
136 339
226 19
96 39
350 206
19 302
343 261
110 352
89 58
54 60
184 342
152 199
86 52
44 323
296 178
199 44
207 47
30 145
65 189
183 126
43 265
139 97
174 248
96 262
18 213
321 201
267 184
47 352
299 154
34 243
43 296
286 250
342 27
42 119
279 288
308 321
265 95
65 150
54 225
123 71
149 155
335 63
50 94
126 348
247 159
238 290
103 235
251 156
325 4
338 252
291 294
284 267
100 349
128 153
285 250
288 145
52 334
272 101
75 109
161 34
268 46
323 82
345 285
301 317
288 351
216 226
4 148
205 103
208 332
319 204
230 254
60 345
236 331
158 22
88 318
55 67
75 89
212 131
21 224
96 308
222 23
246 225
234 98
39 153
141 6
68 82
323 128
75 206
170 296
228 321
325 346
35 47
83 310
178 103
182 337
59 115
71 304
52 17
113 90
169 253
95 301
335 66
140 121
335 309
64 274
278 100
268 24
146 350
46 35
164 291
83 222
53 154
237 104
234 349
258 50
314 352
62 296
129 201
128 112
158 255
97 147
2 12
234 211
73 279
246 237
281 40
170 46
257 55
213 138
115 118
252 76
118 313
83 310
226 210
69 95
112 230
241 177
241 186
36 26
177 281
262 105
32 143
150 289
261 11
138 24
128 37
163 309
62 246
267 287
167 47
29 343
276 333
167 229
166 266
254 342
194 227
95 290
17 244
226 342
318 75
13 94
112 239
50 173
196 28
171 75
75 199
65 62
243 295
290 56
209 255
46 114
129 204
115 210
159 340
199 125
127 275
218 238
161 331
122 5
7 292
143 145
202 271
270 156
213 272
211 133
174 320
311 303
171 73
224 42
125 70
166 251
56 95
200 216
73 321
284 143
324 74
351 237
344 333
40 269
252 314
113 73
282 135
23 164
208 310
205 44
27 82
6 82
176 205
10 249
237 5
103 272
143 166
220 198
146 259
114 45
284 291
117 213
73 204
89 344
161 293
99 252
23 104
45 198
20 54
158 256
123 325
239 265
138 106
110 347
76 288
39 8
226 219
284 10
70 20
2 295
25 164
194 47
332 238
308 351
4 178
319 126
214 205
38 63
23 211
57 98
146 95
105 19
313 101
93 95
120 158
37 144
321 294
254 300
179 274
11 246
163 329
19 24
245 120
86 267
331 142
77 124
300 245
207 324
345 299
130 113
104 166
320 136
107 222
84 350
143 158
307 305
134 326
328 26
157 125
5 199
330 81
35 341
325 241
312 30
251 90
142 66
319 109
265 138
42 60
199 184
217 153
200 350
190 239
88 347
11 156
193 52
236 291
40 272
243 64
13 141
217 218
270 183
327 183
32 80
306 230
328 171
31 175
232 220
62 319
278 136
122 183
188 69
121 291
53 12
2 65
216 218
283 198
49 321
92 144
48 45
22 23
215 116
262 95
47 323
125 37
170 247
219 69
27 51
8 79
126 9
208 54
227 138
251 339
106 342
130 217
98 215
304 25
42 213
119 89
247 307
125 64
265 55
197 292
105 204
82 295
212 289
348 150
74 246
136 243
299 330
172 108
256 123
132 298
335 314
34 293
269 222
68 181
276 264
120 92
115 202
34 39
202 29
188 276
338 36
230 348