128
640
59 75
599 314
46 359
239 407
95 78
371 505
41 535
111 548
43 168
73 570
309 447
468 198
555 340
32 374
562 15
315 620
602 273
165 7
503 403
414 598
352 16
462 265
550 444
44 464
611 116
394 152
434 93
349 349
432 253
594 225
139 140
77 612
284 241
619 147
516 264
104 99
151 565
363 572
241 407
395 211
522 148
362 188
113 583
408 416
67 361
1 205
501 77
49 144
189 539
290 64
162 265
163 312
62 525
243 302
163 509
512 557
529 106
104 1
48 511
288 626
103 288
62 603
236 110
619 425
8 268
360 169
405 522
352 466
279 466
127 441
335 510
357 95
615 332
95 534
202 254
519 177
414 581
139 9
50 117
305 570
257 25
98 533
418 322
358 56
19 356
497 225
225 85
319 72
417 285
605 490
539 356
26 312
296 37
192 217
25 369
146 153
265 116
45 42
309 402
98 327
117 466
552 214
550 102
285 198
387 249
560 157
604 585
468 131
493 531
220 518
259 237
30 523
224 75
437 532
348 534
219 337
231 2
550 140
103 194
210 361
314 129
517 150
73 216
152 438
107 371
315 237
480 216
632 63
162 428
595 510
193 45
206 423
558 115
434 20
180 3
253 493
131 129
2 76
345 154
385 323
396 59
559 235
146 550
298 308
209 252
49 401
168 254
55 85
240 361
616 419
363 228
143 366
229 145
313 573
170 57
127 565
627 45
160 132
467 457
311 35
580 359
308 619
484 362
63 595
594 550
373 317
10 388
554 238
532 226
42 61
154 168
497 140
84 16
271 550
344 582
585 283
172 124
261 16
357 195
610 311
617 215
499 626
602 412
223 365
509 264
297 22
303 153
161 386
169 303
296 512
116 112
27 288
107 159
303 463
226 144
133 202
358 503
187 191
274 409
555 142
544 211
163 206
236 195
463 404
498 630
147 613
613 173
260 79
332 434
414 557
578 546
118 167
409 176
230 554
584 144
568 359
227 602
436 462
157 258
97 526
120 243
498 92
288 630
171 619
423 584
407 232
361 396
271 1
571 500
427 386
515 354
104 613
315 411
434 471
28 402
356 147
5 86
111 292
75 281
142 369
96 420
473 328
47 615
329 617
346 627
234 220
340 209
193 14
619 498
357 518
260 584
537 264
541 7
427 487
159 568
88 126
219 560
453 265
406 13
113 111
639 346
330 338
426 394
224 276
252 452
153 383
395 561
6 296
567 304
142 85
103 229
210 321
20 535
585 297
547 57
407 418
274 609
115 571
234 210
206 485
21 230
227 416
151 104
583 77
279 596
34 381
57 115
61 588
9 517
245 428
445 523
205 590
491 191
520 85
401 85
441 421
315 540
68 465
515 522
413 154
478 318
534 406
433 467
353 313
215 597
100 20
480 304
609 202
495 361
158 255
445 599
547 631
498 615
327 372
368 100
397 205
417 291
610 81
629 195
394 203
151 493
94 502
29 63
576 523
423 93
9 99
51 427
90 420
273 288
24 1
387 292
205 36
582 47
628 442
241 381
5 263
106 98
637 134
32 572
528 326
24 536
425 587
194 386
238 467
33 133
467 292
425 543
199 238
461 186
40 61
439 556
196 544
525 192
37 557
635 436
114 18
331 538
476 396
155 74
222 60
78 48
223 502
463 293
100 283
350 139
344 148
566 411
563 450
602 471
238 596
266 352
485 468
121 193
224 276
266 445
207 343
365 301
77 187
593 176
469 302
186 44
322 111
454 116
560 287
587 158
114 84
509 599
552 629
23 7
136 288
323 214
502 47
514 450
105 466
625 574
640 170
489 321
152 303
436 72
461 254
101 575
338 481
405 121
341 427
127 349
586 321
562 319
368 436
129 344
261 625
277 132
27 638
324 178
300 632
121 632
245 221
566 454
573 330
574 274
116 572
622 573
253 543
252 492
210 380
195 343
236 344
474 262
341 158
440 512
149 560
503 265
13 301
79 585
630 524
90 618
456 583
422 580
486 33
303 567
284 369
269 520
584 103
141 156
132 452
27 280
372 402
544 256
574 494
72 563
378 162
412 193
104 66
4 461
98 178
388 254
546 528
5 490
502 17
5 633
469 544
144 72
177 48
199 110
413 270
544 150
303 188
214 407
253 217
99 222
394 358
475 172
246 351
21 107
368 537
612 68
312 115
11 488
34 209
597 447
478 373
596 13
560 42
419 44
130 389
265 524
619 612
567 224
322 459
202 561
355 45
500 27
160 510
386 193
78 215
511 428
587 339
440 378
380 90
421 509
350 45
264 328
528 190
423 82
8 497
2 235
541 374
261 60
243 6
125 193
220 507
492 38
205 163
415 456
124 67
325 473
624 460
161 511
10 583
592 529
439 466
123 212
199 255
143 313
133 267
505 224
6 356
262 210
390 548
26 513
615 222
346 598
41 378
340 562
192 164
451 503
629 445
74 59
60 216
371 192
355 108
415 360
335 548
441 85
456 338
597 302
559 174
131 472
551 470
393 103
505 75
605 493
520 550
423 451
125 26
514 479
133 160
70 467
68 511
423 395
208 380
568 639
425 58
470 336
399 94
310 264
41 146
628 432
55 283
242 51
308 115
402 440
274 471
266 213
341 49
479 421
300 406
291 84
335 632
291 606
85 472
229 125
617 88
428 543
370 29
594 37
15 355
476 161
185 614
373 398
534 84
178 65
489 468
20 56
459 311
21 415
142 121
412 631
208 199
533 450
100 486
486 114
72 194
274 257
39 7
526 444
602 575
380 450
274 399
377 604
581 397
378 595
517 21
585 597
92 349
406 191
67 123
304 138
188 578
266 98
456 151
541 417
85 280
98 230
551 475
193 491
103 571
317 492
463 133
320 554
482 597
104 548
79 408
557 139
217 183
236 544
205 9
192 162
160 289
391 70
635 584
433 98
386 109
461 80
114 140
634 595
96 609
374 174
376 290
184 464
344 420
239 421
300 430
582 459
79 204
401 585
19 65
554 404
45 374
356 158
513 349
112 608
317 357
14 565
519 197
260 222
488 499
2 19
288 455
478 238
19 110
183 549
174 96
185 218
470 540
248 214
248 231
182 436
588 67
232 466
263 492
559 623
350 433
1 509
247 350
107 137
331 161
46 504
256 230
594 597
129 201
43 248
431 224
555 250
162 147
587 296
638 506
278 219
298 151
599 416
372 65
425 63
225 342
438 353
443 391
181 443
463 223
562 126
318 476
375 479
622 322
135 491
59 284
581 228
306 540
3 38
476 299
612 61
512 409
285 314
32 337
116 366
432 37
491 621
385 98
460 366
419 466
89 349
621 29
576 159
568 578
68 404
109 39
336 620
319 492
294 350
60 281
76 491
190 438
472 574
535 163
171 185
500 131
533 352
160 468
510 599
278 577
234 386
487 441
237 166
164 402
387 224
43 462
586 104
260 289
549 26
451 79
211 182
210 103
534 241
571 275
71 208
84 177
465 570
617 61
95 13
463 482
108 377
175 53
480 306
342 260
332 24
338 542
78 419
516 483
531 446
117 602
525 200
10 349
2 626
282 96
510 104
449 617
352 624
30 63
161 243
322 492
138 531
265 215
310 141
569 72
458 558
545 343
629 554
563 630
412 204
86 281
179 406
130 530
389 31
592 422
273 145
273 282
36 410
369 345
550 297
288 239
214 193
453 203
618 376
192 389
451 149
542 630
555 31
391 175
61 215
596 205
359 101
486 266
510 214
610 291
511 130
529 84
322 214
158 171
589 350
560 271
498 461
132 284
363 395
459 423
609 286
499 199
386 344
465 127
558 306
417 300
307 178
255 628
391 413
31 211
122 590
481 491
282 613
135 4
239 465
298 79
622 28
277 240
371 613
366 160
151 143
459 457
192 586
317 582
358 347
24 351
168 504
201 449
348 207
324 586
543 493
24 397
520 173
636 122
17 361
282 39
503 612
496 566
557 44
507 146
262 530
496 429
266 57
109 485
135 304
303 550
28 198
306 547
370 301
540 259
21 181
297 396
25 24
321 581
579 60
87 200
461 582
500 86
510 608
443 517
143 105
426 170
302 603
588 544
263 488
162 155
540 330
550 564
354 103
377 164
162 463
236 622
276 95
580 18
575 382
406 77
486 63
119 19
25 66
562 287
553 83
441 325
285 223
248 510
325 624
33 358
318 268
339 466
235 150
355 169
531 120
117 248
182 235
267 206
173 188
364 597
143 36
281 427
130 529
296 454
384 200
171 62
468 382
527 574
403 241
102 294
360 218
413 413
325 551
490 497
611 85
453 113
120 606
411 250
494 578
575 237
9 618
170 348
231 56
281 633
168 382
158 399
472 571
171 28
481 532
524 323
616 208
307 608
45 77
89 410
526 23
7 535
512 48
114 102
616 395
95 143
8 252
542 479
54 584
506 407
476 261
89 323
341 396
290 385
344 378
155 102
401 33
508 144
80 621
246 55
375 212
70 383
335 611
93 261
426 599
27 133
91 627
456 431
254 105
48 470
483 202
571 115
234 438
258 185
290 375
112 537
458 181
279 153
23 243
413 448
73 311
453 164
297 268
466 423
372 513
252 86
74 182
200 179
491 330
236 12
576 347
548 394
527 58
546 421
301 190
100 373
500 552
536 28
179 362
450 423
106 61
508 180
114 580
230 476