128
896
59 715
599 442
558 231
111 151
351 462
243 633
169 407
495 420
299 552
713 442
53 63
852 582
171 212
416 246
690 143
443 748
730 145
165 391
247 275
542 598
608 656
334 649
166 700
44 336
355 756
778 280
690 605
861 861
816 253
82 481
267 396
205 868
412 369
363 659
516 776
360 99
407 693
747 444
369 791
779 723
650 660
106 316
241 839
152 32
67 233
513 333
629 717
177 144
61 411
802 576
290 137
675 696
702 525
243 174
291 893
896 813
529 874
232 769
816 383
672 754
487 288
62 219
876 238
235 41
648 140
488 41
149 266
608 850
663 722
127 57
719 894
869 223
871 76
95 662
458 638
519 817
798 581
139 777
818 373
689 442
385 281
482 405
418 66
358 184
659 356
241 353
353 85
575 200
161 541
861 490
283 356
410 184
40 421
832 729
665 497
274 25
649 628
429 170
565 786
354 327
245 466
680 470
550 230
669 582
771 633
48 29
92 457
212 3
749 19
604 518
515 749
542 267
352 75
309 20
732 662
347 849
103 2
422 652
231 194
210 873
698 257
5 662
713 88
536 438
107 243
59 493
864 472
632 319
418 44
339 254
577 557
206 679
430 627
306 660
692 515
509 493
771 513
258 460
601 794
769 579
12 827
175 875
274 806
298 692
721 636
817 401
168 126
55 597
624 233
232 419
747 740
783 494
229 145
825 829
810 697
383 821
499 557
800 772
339 201
439 163
708 359
436 747
356 490
447 851
594 550
373 445
266 132
810 494
276 738
298 189
410 680
881 12
212 784
783 550
856 326
713 667
556 124
517 16
485 835
866 183
361 215
499 626
346 412
223 493
125 520
553 534
175 537
545 386
425 303
40 384
500 624
27 160
619 415
175 207
226 16
389 586
230 759
315 447
274 537
43 398
32 595
35 206
108 451
463 532
754 374
787 357
869 813
516 591
332 562
670 557
578 162
246 679
25 432
102 170
72 144
440 871
611 346
52 718
797 514
225 526
760 115
882 732
800 374
427 235
39 200
663 488
233 780
143 129
315 244
171 258
259 610
232 741
59 155
562 855
668 658
484 531
773 342
239 676
715 665
782 625
736 420
89 840
175 103
73 489
218 115
618 476
724 721
321 782
875 754
613 518
516 72
25 392
285 263
43 871
799 824
472 510
219 560
453 393
534 397
753 751
511 474
330 338
170 522
96 20
380 580
537 767
651 433
262 40
695 176
14 597
871 485
210 193
20 535
585 425
35 441
279 418
786 481
755 827
874 722
846 357
405 358
227 160
791 360
71 589
407 852
162 381
313 243
573 204
777 133
629 684
445 779
205 206
363 831
136 341
657 85
569 165
443 668
196 337
3 138
797 410
94 830
790 278
177 339
481 825
343 213
612 788
96 816
97 330
751 105
542 511
189 215
547 503
882 743
711 884
752 612
269 845
545 163
226 593
373 579
522 715
791 237
478 758
29 575
64 779
679 605
265 739
819 683
346 676
401 32
536 257
643 676
205 164
838 303
628 186
881 253
5 647
362 482
381 390
32 444
144 582
152 408
425 843
66 642
494 467
673 5
723 292
681 799
327 494
77 58
680 61
183 556
580 544
13 64
37 45
379 52
498 530
459 26
348 396
539 842
862 188
718 688
351 502
463 549
100 539
478 779
600 660
310 155
179 322
218 87
238 596
138 736
101 468
633 321
864 276
266 829
335 87
493 557
461 59
209 560
597 686
314 172
322 623
326 372
48 415
459 286
882 468
125 87
40 757
279 775
8 544
579 214
502 175
770 834
105 82
497 702
640 810
745 65
408 175
436 456
461 766
613 447
338 609
405 249
341 683
127 221
202 577
434 575
752 308
513 728
389 881
533 4
667 254
836 178
428 248
505 760
117 221
310 326
701 714
574 146
500 572
366 573
253 799
252 876
82 764
707 343
620 216
346 390
469 286
568 768
533 176
631 521
269 813
847 73
630 396
90 106
72 327
550 196
230 801
47 183
540 625
525 264
712 871
653 156
132 196
27 664
372 530
288 512
318 110
456 51
506 546
28 577
872 450
644 77
354 562
260 766
290 656
5 106
502 529
261 633
725 160
272 72
561 560
455 878
541 14
800 150
431 700
598 407
253 345
355 478
10 486
347 172
246 223
277 747
752 409
356 452
440 627
395 104
162 849
85 703
862 757
852 269
560 426
675 684
642 5
265 652
363 484
695 608
706 843
330 433
355 557
756 795
288 254
770 449
206 727
127 44
587 851
312 122
380 858
805 125
734 173
648 200
528 446
679 210
392 881
642 619
541 374
517 828
627 390
253 705
220 251
620 678
205 803
799 456
636 579
581 473
624 204
673 255
650 455
464 17
439 82
635 852
455 127
655 57
389 11
761 480
134 484
262 338
262 36
794 1
615 350
474 342
553 122
468 178
448 804
195 759
885 701
714 315
828 472
371 320
355 108
799 488
463 36
697 725
72 466
725 558
815 174
771 344
295 342
521 743
121 587
605 109
392 294
295 195
765 538
386 223
645 160
582 211
196 383
807 139
848 636
568 639
681 442
86 80
655 478
694 776
41 274
756 304
567 27
498 307
564 883
402 312
146 87
522 213
469 433
223 293
44 790
803 724
207 760
675 734
341 344
613 381
617 344
556 159
370 157
466 37
15 867
348 33
57 742
245 398
150 340
690 65
233 596
660 312
459 439
149 671
782 633
28 375
80 583
533 322
612 102
358 626
840 578
658 1
295 7
270 316
218 831
252 450
402 15
633 732
325 781
506 83
517 405
457 469
860 861
790 575
835 123
304 778
572 66
650 738
840 23
157 161
853 408
482 230
295 219
65 619
871 571
573 364
847 5
704 810
866 469
488 804
591 792
557 139
729 311
876 544
205 9
576 34
288 161
263 582
251 328
177 226
770 749
461 592
626 268
506 595
736 865
374 430
760 34
440 464
216 420
879 293
300 558
326 587
719 460
145 841
659 193
42 532
813 502
100 542
769 605
240 608
573 485
14 309
391 453
644 606
744 627
2 19
288 199
606 878
659 622
823 293
814 864
697 730
470 796
248 214
504 359
822 52
844 707
232 338
263 876
815 879
606 689
1 765
887 478
747 521
75 545
814 888
512 614
594 853
513 841
43 888
303 864
811 122
546 147
331 680
126 250
662 603
42 535
343 800
884 193
297 63
737 86
822 225
571 519
53 59
335 95
818 510
830 732
631 479
878 66
263 875
187 796
453 100
306 796
3 294
860 171
228 701
128 153
797 698
544 721
756 750
688 677
363 493
385 866
76 366
35 210
217 93
877 669
192 159
568 194
324 532
237 551
208 364
575 876
166 222
572 793
76 363
446 310
856 830
279 803
171 185
884 259
277 736
32 468
894 471
534 321
874 770
743 57
109 422
804 146
515 480
43 590
714 360
4 545
165 154
451 335
339 310
594 615
150 497
187 19
839 720
212 689
465 58
745 573
479 525
719 98
876 633
559 693
96 434
342 132
588 664
466 30
846 35
516 867
403 702
885 346
397 200
10 861
130 754
410 608
254 232
577 233
736 240
30 703
545 243
834 236
778 275
137 727
310 653
569 584
330 430
801 727
501 810
563 630
540 76
342 793
179 790
2 18
133 799
720 550
145 529
785 794
804 794
497 217
550 169
672 751
598 577
453 203
362 120
832 5
67 149
670 246
43 671
135 47
573 727
596 589
359 357
486 138
254 86
354 675
255 2
529 852
578 854
30 811
77 862
816 15
114 589
132 28
235 139
75 807
865 542
371 199
2 856
337 127
46 562
801 172
435 306
895 116
263 29
799 211
890 718
225 875
282 357
7 516
367 849
298 207
366 540
405 240
499 613
366 416
151 271
587 585
448 458
573 710
486 475
792 351
168 120
329 449
348 207
836 714
31 109
24 269
648 301
508 122
785 873
538 807
247 100
496 566
557 44
379 18
390 274
368 557
266 697
877 485
775 688
175 678
668 70
50 419
370 557
412 131
533 53
41 652
25 408
321 581
323 572
599 712
717 70
244 86
638 224
443 389
783 617
170 554
686 91
844 32
647 360
162 155
284 74
806 308
482 103
761 676
674 463
364 494
404 607
452 18
703 894
278 589
614 319
119 275
409 66
306 159
425 467
313 581
413 95
888 766
197 752
545 742
190 12
339 466
491 662
355 297
659 632
757 248
54 875
523 462
813 828
492 213
271 676
793 683
642 785
552 838
512 72
683 702
84 894
271 446
531 625
742 294
360 602
413 285
453 807
618 369
611 85
581 881
760 350
539 506
238 66
319 749
9 874
426 860
743 696
409 377
296 254
542 527
728 59
811 156
865 404
524 451
488 80
307 224
301 845
601 410
782 23
263 791
768 560
626 614
232 139
95 527
264 636
158 95
566 840
250 407
348 645
857 707
597 268
34 1
88 634
411 742
657 545
508 400
208 237
118 439
375 84
838 639
591 99
605 133
810 855
539 133
475 371
840 175
510 873
48 470
611 458
315 243
106 822
642 185
34 631
496 281
586 437
23 281
407 499
413 320
329 823
325 804
297 268
850 679
244 1
252 726
458 566
72 435
363 586
492 268
192 91
548 778
527 442
162 805
45 446
100 373
372 424
280 540
691 234
322 807
106 573
636 564
114 580
870 348