128
704
251 395
407 506
302 679
431 599
479 590
307 377
169 471
111 612
107 168
393 698
53 511
596 262
171 340
288 566
498 527
251 44
282 657
613 583
695 339
478 470
288 144
142 521
614 316
492 80
483 180
74 600
50 29
157 221
368 509
146 225
395 460
333 36
476 241
619 467
644 456
232 291
663 373
107 636
49 599
11 531
74 84
426 188
177 647
472 608
515 617
129 205
373 461
305 144
61 283
610 704
34 201
291 696
638 397
627 686
355 701
512 493
145 298
680 321
240 447
288 114
423 416
382 91
236 686
299 297
264 204
360 297
469 650
352 402
407 338
383 57
335 254
549 543
551 588
159 150
330 510
263 113
286 645
203 521
626 501
177 250
65 537
546 597
546 258
294 248
659 36
305 353
289 213
191 200
97 413
349 490
219 676
602 504
616 165
384 601
25 625
146 153
521 52
45 362
373 338
610 327
373 274
680 22
486 230
221 646
643 569
496 221
540 393
20 515
621 467
476 646
387 685
94 203
96 139
629 468
540 534
91 273
167 130
294 652
359 514
658 361
442 449
581 342
137 664
216 118
427 691
59 173
32 216
440 127
418 364
595 254
257 45
526 423
238 115
434 596
692 387
317 429
131 193
66 332
153 282
513 643
332 571
111 363
146 550
490 564
273 380
177 529
488 702
311 21
176 105
680 163
491 292
655 686
549 17
377 701
362 185
703 693
115 109
352 260
19 137
183 291
580 359
180 427
420 490
447 659
658 486
117 445
138 132
490 686
148 162
42 509
410 40
561 524
212 208
79 230
408 262
521 283
684 60
5 400
613 515
354 567
361 535
371 498
666 156
479 173
381 520
41 86
623 601
609 130
105 47
360 512
372 240
155 352
363 223
47 271
98 464
133 458
294 567
251 319
18 25
491 398
608 531
483 526
492 451
15 596
498 438
467 165
37 621
516 399
140 626
30 237
386 162
694 39
25 304
422 106
328 208
568 295
99 410
180 590
157 194
545 14
696 307
178 28
288 54
427 427
679 456
23 424
681 76
527 65
379 244
235 66
515 98
360 677
507 603
562 663
92 466
676 83
69 214
175 356
267 601
142 305
416 228
89 456
367 679
521 41
282 115
170 92
212 593
65 14
491 690
37 646
452 72
89 520
349 263
235 679
223 376
344 702
667 432
453 329
470 333
433 47
447 602
138 658
554 266
32 404
252 132
345 63
203 497
582 552
55 176
526 277
615 165
274 577
660 87
201 489
419 633
535 226
594 33
179 507
362 274
206 613
405 614
675 608
407 616
519 461
151 404
98 61
633 435
637 652
521 197
437 300
189 331
525 142
363 63
648 21
337 149
697 37
59 28
4 465
3 586
285 154
286 446
214 278
177 211
225 57
471 661
356 660
288 176
97 10
239 105
94 575
253 87
675 375
114 679
199 116
624 484
333 205
225 547
482 465
117 67
522 587
23 173
606 374
413 703
448 651
103 541
585 419
627 619
90 100
657 352
280 577
131 676
77 420
518 623
244 698
689 61
581 71
298 482
509 6
544 252
16 6
88 600
425 75
578 578
238 531
225 581
403 420
553 543
199 430
525 442
424 509
567 364
644 160
205 448
165 45
59 244
114 146
139 538
284 76
475 522
606 60
462 304
543 310
207 101
36 27
606 459
536 468
182 539
691 386
282 215
494 340
458 608
549 660
505 193
32 276
10 637
399 471
301 301
141 507
401 176
533 302
698 428
130 175
262 180
560 607
395 350
306 212
253 151
168 53
407 263
392 416
259 150
246 559
450 450
425 146
625 254
512 618
41 641
152 303
116 8
269 574
421 575
82 33
85 313
149 491
575 605
266 193
50 575
48 500
321 536
645 305
85 516
283 190
516 434
492 696
505 120
565 221
694 6
317 74
318 466
564 252
366 189
445 415
60 556
274 380
387 279
44 536
90 326
21 606
56 576
597 560
695 521
141 45
527 457
118 204
282 42
456 7
294 260
422 353
175 55
92 625
333 136
520 423
461 604
388 580
475 280
436 530
96 640
638 686
456 51
186 34
156 641
40 514
260 525
162 498
580 318
418 272
517 234
54 337
133 441
213 672
80 8
561 176
7 494
221 462
608 406
559 124
406 599
637 665
483 158
458 422
475 236
694 351
469 43
688 665
548 260
696 627
331 552
162 337
341 383
94 309
84 13
432 554
611 428
578 453
585 332
235 420
631 224
66 459
330 113
419 237
436 411
160 62
322 321
398 23
63 556
331 211
568 122
60 538
549 637
350 429
328 584
208 254
167 338
8 561
450 491
93 246
197 252
307 518
637 65
540 59
684 230
269 611
351 392
508 259
325 153
48 12
33 255
266 199
592 337
55 402
123 212
647 383
527 313
261 459
377 160
582 356
390 146
326 100
538 129
359 222
282 406
233 378
20 562
640 676
195 55
373 381
266 379
60 88
691 320
611 428
479 488
143 228
697 469
328 594
597 46
111 238
515 408
615 534
265 551
569 523
605 237
200 230
679 323
317 26
2 223
453 544
70 595
68 63
423 459
656 316
568 127
617 378
534 528
271 158
438 136
41 402
436 304
631 475
626 307
500 627
594 248
466 663
138 597
21 561
415 37
236 278
227 148
15 120
35 350
277 536
485 317
233 280
684 223
50 605
530 549
591 419
92 417
377 294
309 462
214 84
498 513
361 20
20 440
139 55
85 479
590 633
156 183
208 135
405 322
100 230
166 690
8 322
402 385
679 7
206 252
154 63
124 514
146 143
313 348
261 397
122 211
325 341
393 597
540 157
214 639
451 443
624 458
124 322
202 162
392 407
413 545
469 536
418 678
39 27
321 299
487 443
573 172
143 325
128 682
482 405
616 228
143 536
45 331
217 247
492 672
13 265
576 546
160 289
519 198
379 136
561 162
642 429
397 144
114 524
122 595
224 97
182 366
632 226
56 208
536 548
239 613
172 110
454 331
399 332
593 137
531 513
362 468
301 54
676 414
577 93
304 96
189 549
526 181
135 581
452 670
488 691
578 19
96 391
350 558
19 302
695 613
110 352
441 410
406 412
184 342
504 551
438 52
396 323
296 530
199 44
559 47
30 497
65 189
183 478
43 265
139 97
174 248
448 614
18 213
321 201
619 184
47 352
299 506
34 595
395 296
638 250
342 27
42 471
279 288
308 321
617 447
417 150
54 225
123 71
501 507
335 415
50 446
126 348
247 159
238 642
455 235
251 156
325 356
690 604
643 294
284 619
100 701
128 153
285 250
288 145
52 686
624 101
427 109
513 34
268 46
675 82
345 285
301 669
640 351
568 578
4 148
557 103
208 684
319 556
230 606
60 345
588 683
510 374
88 318
407 419
427 441
564 131
21 224
96 660
574 23
598 577
234 450
39 505
493 358
420 82
323 480
427 206
522 296
580 673
677 346
387 399
83 310
530 103
534 689
59 467
71 656
404 369
465 442
169 253
95 653
335 418
492 121
687 309
416 626
278 452
268 24
146 350
398 35
516 291
83 574
53 154
589 456
586 349
258 50
666 352
62 296
129 553
480 112
158 255
97 499
2 364
586 211
73 279
246 589
633 392
522 46
609 407
565 490
115 118
604 76
470 665
435 662
578 210
69 95
464 230
593 529
593 538
36 26
177 281
614 105
32 495
150 641
261 11
490 376
128 389
515 661
414 246
619 287
519 47
381 343
276 333
167 229
166 266
254 342
546 227
447 642
17 596
578 342
670 427
13 94
112 591
50 525
196 28
171 75
75 551
417 414
243 647
642 408
209 255
46 114
481 556
115 562
511 692
199 477
479 275
570 590
161 683
474 357
7 644
495 145
554 271
622 156
213 624
563 485
174 672
663 655
523 73
576 394
125 70
166 603
408 95
552 568
73 321
284 143
324 74
351 237
344 333
392 621
252 314
465 425
282 487
375 164
560 310
557 44
379 82
6 82
176 557
10 249
237 357
455 624
495 166
220 198
498 611
114 45
284 643
469 565
425 204
89 344
513 645
451 252
23 456
397 198
372 406
510 608
123 325
591 617
490 106
110 347
76 288
391 360
226 219
284 10
422 372
354 295
377 164
546 399
684 238
660 351
4 530
319 126
214 205
38 63
375 211
409 450
498 95
105 19
313 453
93 95
120 510
389 496
673 294
254 652
531 274
363 598
163 681
19 376
245 120
438 619
331 142
429 124
300 597
207 676
345 299
130 465
104 518
320 136
107 574
84 702
143 510
659 305
486 678
680 26
157 477
5 551
682 433
35 341
325 241
312 30
603 442
494 66
319 109
265 490
42 412
551 184
217 505
552 702
542 591
88 699
363 156
545 404
588 643
40 272
243 416
365 141
217 218
270 535
327 535
384 432
306 230
680 523
31 527
584 572
414 671
630 136
122 535
540 69
473 643
405 12
354 65
216 570
283 550
401 673
444 144
400 45
374 375
567 468
262 447
399 675
477 389
170 599
219 69
27 51
8 431
126 361
560 406
227 138
251 691
106 694
130 569
98 567
304 25
394 565
471 89
599 307
477 64
265 55
197 292
105 204
82 295
564 641
700 150
74 246
136 243
299 330
172 460
256 475
484 650
335 314
34 293
621 574
420 181
628 616
472 92
115 554
386 39
554 381
188 628
690 388
230 348