128
832
699 75
87 762
814 359
495 599
31 206
115 569
617 791
751 228
171 552
521 762
373 703
404 326
619 20
288 182
434 719
699 300
666 785
101 647
183 595
414 214
672 400
782 329
358 572
428 400
291 116
330 536
690 605
29 477
624 189
530 97
779 268
269 484
92 369
299 275
4 584
488 547
23 437
43 252
49 471
651 339
586 148
42 316
625 775
664 288
3 361
385 781
629 653
305 720
61 475
162 64
226 521
611 248
830 653
499 46
163 189
384 621
209 298
104 1
240 767
160 114
167 544
766 795
236 238
555 297
712 716
232 105
277 10
224 274
535 594
319 697
783 574
485 31
39 460
31 150
394 62
263 433
478 197
395 713
434 117
49 186
705 281
290 21
162 386
294 696
19 484
561 673
225 85
703 136
545 605
285 810
667 420
410 312
616 677
64 89
665 817
274 409
137 436
429 298
693 722
162 711
373 594
552 470
678 294
605 262
67 57
112 605
476 521
84 131
237 19
92 70
3 237
478 139
544 75
309 404
668 470
283 81
103 706
550 780
167 322
82 105
250 193
709 598
713 664
600 822
683 691
59 557
800 408
568 511
354 44
83 190
385 237
270 487
814 819
306 148
180 387
125 429
579 1
194 332
665 794
193 387
524 251
111 491
530 678
170 52
593 252
113 145
360 382
503 341
240 681
360 419
235 484
719 686
357 81
57 189
746 249
447 437
371 557
96 68
275 265
823 35
388 103
52 619
356 554
127 467
274 358
53 509
714 644
234 238
724 290
298 637
410 744
113 780
340 208
15 614
344 6
649 731
812 572
517 336
165 515
802 439
745 727
819 626
538 220
31 301
381 328
809 790
111 89
737 450
297 623
232 640
500 752
411 480
363 799
815 527
354 656
133 266
550 823
59 127
210 89
427 590
288 403
547 398
364 323
719 660
114 822
339 613
613 749
260 143
716 114
542 237
770 674
502 359
665 432
358 746
520 784
376 679
227 794
116 590
285 2
289 270
696 627
50 476
416 182
619 299
295 328
407 104
41 780
335 577
379 692
363 770
515 738
616 613
699 603
370 151
604 530
420 467
325 342
815 740
523 601
78 689
800 356
665 712
175 39
457 553
602 691
362 284
596 17
65 462
619 306
485 262
4 776
601 328
157 583
107 551
223 184
280 62
411 112
773 585
22 269
177 623
127 538
74 722
426 10
224 84
316 580
345 191
523 817
518 680
567 496
398 789
551 677
18 129
660 663
713 553
99 57
343 98
466 289
819 763
170 82
14 485
661 230
675 352
215 232
71 781
599 340
610 317
57 499
445 588
329 197
309 300
125 523
397 462
811 255
392 149
337 405
505 165
635 220
388 17
323 330
669 90
670 318
406 598
817 723
353 185
791 661
484 84
352 48
545 202
303 809
222 639
381 727
675 55
114 231
775 436
432 612
397 269
97 803
34 785
565 259
138 523
87 621
478 310
541 191
384 11
167 605
521 419
499 235
474 484
337 288
792 769
67 228
205 36
198 111
692 634
369 829
325 327
490 802
509 198
32 60
80 70
664 600
489 203
706 2
558 211
289 389
147 228
617 223
135 686
205 826
488 573
695 684
772 352
525 448
549 557
379 500
498 210
267 154
284 12
27 10
222 188
270 368
287 54
463 293
740 667
158 395
408 20
118 219
243 642
666 663
238 212
330 736
293 468
761 449
480 788
458 701
15 727
109 173
653 571
465 560
405 622
826 684
514 111
70 628
752 607
459 158
690 660
61 151
296 821
471 647
648 96
387 534
694 495
706 386
105 338
113 510
832 106
233 513
88 303
308 8
781 638
37 639
466 801
661 633
661 299
447 349
266 705
50 831
368 756
385 344
261 369
21 132
347 126
516 434
428 696
313 248
501 349
54 6
189 714
638 18
180 124
366 317
829 415
316 236
210 700
579 343
108 472
474 454
597 158
56 64
21 368
311 393
589 237
399 777
118 76
666 170
200 71
358 68
486 673
175 567
412 625
77 520
136 551
141 604
580 68
667 600
436 18
160 64
126 430
712 243
506 546
284 705
616 514
644 141
354 690
708 638
482 656
197 618
246 209
389 825
277 96
464 584
817 624
519 110
93 398
224 598
815 380
342 599
61 153
611 286
10 358
91 364
182 159
149 427
368 409
292 516
376 755
139 360
418 657
469 511
222 565
276 77
112 490
675 44
514 325
329 524
555 292
759 736
450 779
202 689
355 365
244 731
288 382
130 705
206 471
255 300
203 403
376 186
60 90
229 573
286 557
136 8
720 62
615 210
8 689
66 235
221 182
133 508
563 262
253 641
732 379
812 806
781 227
159 712
188 259
453 473
688 460
481 575
522 263
784 401
119 722
635 212
71 639
591 505
773 11
313 544
262 292
518 210
390 548
90 577
807 414
218 662
41 570
276 434
704 100
3 695
821 509
74 763
316 664
435 256
547 620
799 808
783 356
57 341
72 18
85 750
431 174
451 344
743 726
777 615
697 651
477 685
328 422
487 515
253 794
642 799
581 480
646 531
4 703
743 779
720 828
568 191
41 186
534 784
783 350
438 648
41 786
372 240
375 731
754 499
692 563
338 440
210 151
138 85
21 49
735 613
748 470
675 788
527 248
611 350
597 88
165 637
41 408
748 287
306 669
786 165
271 291
604 353
441 614
437 334
534 212
114 321
681 788
148 248
203 759
597 671
14 633
348 759
208 263
213 386
804 166
550 242
328 194
594 769
679 199
142 252
282 127
444 130
786 591
249 28
389 13
698 275
645 85
201 725
220 285
278 191
323 699
432 650
764 194
458 482
264 599
733 545
725 344
546 550
807 795
577 363
679 443
509 364
399 581
128 618
34 277
808 356
143 408
45 779
473 503
428 608
141 201
192 738
416 737
455 390
571 200
625 418
514 301
653 784
754 780
570 787
224 417
182 366
824 226
184 336
600 612
815 613
684 174
518 267
79 12
529 521
83 193
810 596
365 630
420 286
577 157
240 800
573 293
206 437
391 389
644 158
40 627
770 595
800 327
30 750
339 430
439 293
622 416
761 154
214 348
312 662
504 423
630 116
716 707
424 274
263 236
303 175
30 113
769 701
439 670
619 649
139 97
110 760
512 38
786 597
385 265
299 760
687 96
747 442
674 339
587 808
574 58
150 475
170 791
215 480
500 1
169 639
97 150
438 481
59 391
117 315
527 415
114 254
382 28
695 223
366 450
199 811
379 220
325 420
50 540
67 550
412 107
228 509
128 665
29 186
96 17
500 494
304 613
747 557
513 482
780 46
99 18
729 349
109 221
768 31
760 2
452 340
813 679
720 108
383 620
294 478
508 665
140 811
318 758
536 830
407 355
747 377
244 515
725 224
736 660
254 535
534 705
746 514
423 505
493 806
164 658
323 672
491 462
522 680
388 97
549 666
451 463
211 566
146 103
790 753
763 83
327 464
660 113
17 250
617 509
223 653
335 546
364 697
47 53
544 306
150 132
140 472
594 350
78 611
324 739
403 254
821 730
589 648
714 605
770 498
154 160
190 488
577 553
224 624
606 639
801 627
770 108
138 403
329 215
182 653
825 456
778 686
225 535
373 106
179 310
476 332
470 665
691 86
258 82
709 735
720 550
529 529
657 538
100 26
625 281
678 617
608 495
470 1
69 11
810 248
320 453
451 661
158 310
747 415
263 495
317 23
212 717
551 741
422 522
766 214
802 483
831 450
145 468
450 86
350 299
333 670
752 655
498 77
4 284
363 139
779 679
161 30
435 583
770 24
273 575
238 114
225 108
435 242
447 52
327 797
223 531
634 142
353 171
90 357
455 452
367 273
170 399
174 476
149 816
499 293
558 608
279 783
715 713
64 202
637 390
166 27
792 671
40 312
9 129
540 335
452 74
479 493
472 525
136 493
508 506
657 233
282 807
183 36
688 118
237 364
507 274
262 466
112 301
650 121
301 229
327 624
175 678
156 518
370 291
178 45
668 707
277 117
681 332
25 408
449 261
643 828
535 72
333 646
244 150
638 544
251 5
207 425
682 362
110 91
524 160
135 360
34 283
348 586
614 372
162 103
505 676
98 207
620 430
724 31
452 402
447 702
278 653
294 831
55 275
89 578
434 223
105 467
505 325
93 159
696 126
261 368
801 230
446 588
659 210
491 150
483 105
19 760
629 184
758 683
459 14
301 60
108 277
399 484
601 491
514 465
616 774
704 456
171 318
212 702
527 574
723 177
678 742
104 474
797 733
197 295
618 497
227 597
773 625
248 414
155 762
46 642
575 749
137 618
106 220
359 632
793 249
680 638
30 655
152 827
555 220
289 212
716 387
808 528
51 96
813 205
729 730
718 471
647 23
128 624
114 486
296 75
735 143
584 764
798 735
630 392
122 791
604 709
345 451
277 396
546 257
472 442
155 230
81 673
124 80
464 237
566 759
311 340
774 63
143 739
669 645
170 791
603 645
539 819
264 815
254 809
112 598
419 266
827 371
106 118
450 441
226 55
240 409
266 181
471 409
791 179
221 128
9 695
645 548
681 76
402 807
52 513
572 342
778 566
712 755
555 202
236 652
128 475
228 394
655 570
802 485
749 62
484 757
756 296
472 476
371 42
450 295
426 189
636 372
626 388
166 220