128
736
635 459
375 410
46 135
463 55
575 398
499 537
457 343
367 676
459 360
73 90
245 319
340 326
331 276
448 22
114 719
27 12
666 401
645 711
23 371
30 598
256 16
398 201
358 252
364 304
611 436
394 344
242 221
669 573
496 605
82 97
75 332
333 228
220 241
203 243
100 456
104 579
695 501
43 540
241 407
107 115
106 500
458 572
209 615
632 192
707 713
289 45
309 621
497 528
349 187
34 448
642 361
291 600
350 333
403 590
227 733
704 557
721 650
392 193
528 287
608 722
487 160
254 59
268 14
75 617
200 108
552 105
693 106
192 306
663 82
159 153
79 350
709 287
263 588
479 278
138 574
263 113
222 517
171 489
530 245
593 218
577 409
322 21
2 2
326 664
307 708
81 609
321 277
159 72
129 125
349 490
699 100
602 184
616 261
160 633
729 241
114 57
137 660
77 138
149 402
66 455
373 370
328 182
646 710
253 262
99 601
240 285
700 105
468 67
589 115
188 582
355 525
638 491
672 715
117 84
604 182
539 465
39 354
646 684
327 162
434 649
250 673
197 438
41 152
728 118
267 179
699 109
192 88
88 127
290 204
211 158
609 237
622 647
78 531
82 404
180 515
541 429
451 1
130 716
153 122
321 643
524 283
15 715
594 102
106 148
529 316
529 401
40 414
535 117
432 105
8 611
619 548
527 558
37 657
25 189
266 345
319 53
115 333
32 708
659 137
343 451
676 135
340 203
36 138
319 691
466 550
565 349
586 580
394 622
500 418
298 29
250 616
305 364
436 336
335 358
696 678
73 635
300 636
101 336
261 643
290 727
681 343
563 530
186 220
415 173
125 712
425 374
79 729
1 514
329 559
136 288
724 432
411 288
555 735
623 79
130 400
69 74
6 119
603 415
338 281
587 462
480 275
99 558
492 323
559 84
146 182
595 133
101 269
420 655
268 530
222 397
194 290
470 423
409 560
326 234
104 176
184 71
675 506
116 430
93 674
1 462
344 595
594 444
352 502
363 619
295 584
503 712
361 460
623 257
283 212
715 610
611 162
680 37
667 283
466 23
220 690
484 563
549 566
495 164
331 121
270 113
192 260
313 40
207 423
297 489
122 499
586 732
660 17
33 590
299 722
101 6
676 72
57 488
125 551
139 679
159 408
280 574
155 592
613 361
502 397
337 623
159 186
618 82
426 138
160 212
124 484
217 287
555 497
38 680
311 400
622 469
295 165
306 449
244 407
73 233
67 409
119 450
82 225
531 731
586 178
206 709
661 646
259 480
407 520
647 717
407 20
674 701
409 467
413 140
137 709
373 428
605 715
141 174
203 159
168 53
337 373
249 261
283 732
228 689
3 362
157 410
382 318
374 278
49 275
417 409
471 53
100 340
32 240
513 458
399 169
734 735
541 247
483 311
242 711
487 244
560 644
141 205
225 515
482 497
277 387
170 11
439 269
574 694
733 351
640 395
519 637
617 547
147 587
122 612
49 96
344 609
3 708
77 452
486 47
436 250
433 605
261 359
362 98
541 358
672 444
240 678
344 120
489 715
194 98
78 243
193 645
115 420
617 415
359 590
685 58
104 381
151 588
228 512
173 32
133 109
699 596
274 306
715 26
508 396
347 586
638 28
718 16
671 598
655 517
452 603
62 555
248 212
630 699
211 66
730 567
398 692
426 672
485 628
185 481
288 532
330 189
47 311
429 205
397 347
721 112
213 46
154 684
482 47
646 180
112 127
11 510
306 660
445 55
552 629
23 327
648 352
3 182
150 431
386 34
265 370
145 478
640 298
649 385
568 559
564 680
173 62
677 479
722 609
21 25
725 43
351 125
618 577
306 255
272 692
289 24
325 657
501 452
443 638
324 274
460 376
441 120
437 381
598 646
477 618
670 466
660 508
590 29
349 159
284 108
338 572
131 151
716 120
602 422
21 190
696 704
565 400
87 489
269 173
399 9
54 556
698 202
328 39
454 164
198 1
495 23
60 113
173 40
456 39
461 700
452 644
667 280
308 242
32 64
638 654
296 691
474 258
380 65
296 322
452 717
322 434
4 606
546 400
133 266
662 81
229 377
725 384
144 520
113 176
71 14
317 366
192 54
111 60
342 407
381 57
611 190
490 102
59 524
502 415
53 427
496 505
292 708
376 435
715 488
98 49
501 415
414 181
468 13
240 298
419 108
578 517
297 332
107 580
343 608
258 619
522 241
387 301
436 27
736 414
2 97
462 727
735 364
171 691
376 634
252 282
5 93
286 301
648 392
368 254
487 114
136 497
354 11
61 278
37 60
691 38
381 641
28 603
492 422
557 355
319 296
124 547
389 409
336 524
65 703
42 551
80 401
311 658
411 596
199 671
143 377
197 523
281 448
614 36
134 434
614 676
730 1
487 606
410 86
393 698
276 658
736 580
323 535
501 221
394 187
156 536
563 352
547 332
63 424
591 420
345 469
360 562
469 334
431 366
643 312
327 182
233 327
249 43
125 13
264 6
423 643
541 474
482 351
69 32
262 659
452 607
615 299
432 348
120 351
201 26
662 528
431 382
342 680
649 690
180 400
695 91
306 723
564 51
562 632
82 87
554 21
693 433
543 613
268 662
451 468
175 600
483 94
245 312
37 157
265 440
44 447
530 349
434 357
623 259
252 193
345 294
213 526
214 244
402 705
169 116
660 568
715 407
661 447
718 185
92 471
624 135
181 642
708 614
262 594
360 2
50 705
519 263
718 220
730 607
412 162
210 335
217 412
229 141
122 435
325 437
169 437
60 573
342 31
675 91
624 298
316 674
490 322
424 471
541 417
341 216
66 38
39 283
449 267
647 571
189 460
495 581
384 554
418 213
584 356
303 472
141 107
633 631
428 544
589 457
448 418
160 513
455 198
283 168
689 194
226 141
141 208
210 524
26 627
736 97
470 302
568 610
632 688
728 324
719 69
268 430
486 427
207 428
113 713
83 289
394 308
653 534
4 126
321 29
16 320
125 709
110 181
71 5
356 62
552 339
130 307
32 103
734 462
531 334
439 101
622 96
633 538
630 636
152 438
664 391
22 276
364 355
680 434
359 300
719 399
638 337
705 157
439 190
619 457
11 545
558 632
640 454
658 21
353 73
683 504
463 704
267 314
546 211
235 392
510 218
54 635
554 247
279 480
660 161
425 671
705 470
54 97
411 711
341 251
271 287
242 222
478 508
535 287
718 34
679 715
475 220
101 516
690 380
259 614
28 171
36 733
128 89
317 538
288 145
52 46
656 293
267 621
289 290
172 270
323 338
473 285
45 573
64 223
216 322
324 244
717 359
464 108
671 268
646 222
636 185
268 555
702 22
440 254
311 99
11 121
660 707
405 192
544 468
414 247
278 1
714 258
583 665
589 518
420 722
227 320
171 494
362 360
516 289
101 314
387 111
435 534
82 103
726 113
571 627
583 112
116 49
593 698
713 445
479 621
431 706
428 89
687 53
448 690
342 36
268 216
146 702
238 451
292 451
51 126
341 634
461 456
170 317
642 146
250 384
254 680
577 681
256 528
734 191
705 563
226 236
266 595
425 503
310 717
441 584
330 270
705 55
213 138
595 118
508 108
502 25
275 566
194 530
357 415
720 550
241 433
49 730
292 698
721 601
678 425
672 495
694 641
37 171
266 632
288 37
227 277
286 502
107 479
519 687
157 727
500 621
423 37
614 202
734 598
66 163
287 226
657 244
130 182
638 619
77 190
656 527
466 205
516 60
171 523
11 327
513 734
435 423
34 312
625 255
174 178
417 684
627 562
415 20
7 317
127 307
506 46
97 459
474 613
519 644
623 17
458 623
238 380
309 496
691 421
14 352
87 431
299 713
480 202
221 486
518 347
280 511
616 376
233 353
476 239
484 362
479 429
248 205
72 45
700 250
689 713
602 263
407 388
240 374
589 684
123 594
518 402
368 397
266 601
237 229
327 208
79 294
124 550
498 195
594 461
668 35
437 533
297 332
409 24
705 261
195 316
119 712
205 486
596 470
574 96
187 389
527 265
682 650
78 667
332 160
391 264
194 315
284 714
646 692
2 103
441 420
418 559
620 622
532 479
580 594
63 30
470 589
294 639
727 595
569 322
18 223
585 211
537 357
413 671
312 638
37 16
321 678
62 204
563 82
171 630
163 233
659 632
309 440
534 299
299 366
109 316
76 181
15 100
537 427
258 113
328 294
352 136
235 414
340 286
495 734
403 657
230 326
552 538
253 573
325 39
426 433
579 725
613 593
88 638
507 346
14 322
127 365
681 586
266 508
359 24
505 25
168 734
574 207
24 91
43 572
129 692
268 195
680 368
275 256
493 45
89 730
590 215
359 535
288 112
530 646
360 299
671 527
520 508
734 543
86 264
378 439
220 133
633 387
725 172
642 481
440 730
475 518
209 321
540 720
432 333
630 55
631 52
70 415
47 67
445 357
554 87
59 261
443 179
648 431
574 553
400 502
547 138
283 243
458 86
226 377
642 343
656 25
618 725
439 665
279 371
285 96
681 567
581 388
9 492
306 71
308 705
572 342
106 118
584 51
427 298
652 556
128 571
580 10
559 506
674 325
141 446
644 85
276 488
472 508
243 42
578 39
234 413
380 340
18 452
614 668