2
1024
607 76
323 732
364 327
630 876
907 992
949 140
390 986
636 174
698 668
304 462
626 217
368 577
371 346
504 662
948 457
889 530
532 188
238 895
514 867
746 396
835 670
536 200
632 147
374 305
814 677
766 415
893 109
991 240
455 470
901 378
926 766
907 433
953 120
304 442
987 25
837 797
695 348
996 302
495 345
606 284
1021 347
699 890
455 665
105 909
111 1005
262 12
746 145
445 674
264 748
91 226
772 928
1022 442
251 994
743 745
314 324
5 311
670 703
176 101
343 280
1009 453
260 247
465 1006
391 909
655 654
632 746
880 379
649 877
821 899
846 539
620 136
863 624
446 508
302 621
608 644
900 593
73 135
839 537
116 205
421 771
858 28
492 713
406 116
566 202
1014 387
741 609
522 579
208 967
62 509
563 670
129 438
238 201
573 52
737 688
256 133
434 89
160 925
802 565
16 343
767 6
729 483
614 227
37 822
169 98
306 732
767 434
145 1004
634 717
31 346
381 286
478 814
375 637
715 152
178 730
494 944
735 198
402 325
424 438
122 593
535 427
300 278
861 444
257 470
137 288
816 517
573 269
306 947
906 1020
74 59
726 567
1002 436
765 379
760 164
816 881
756 326
284 31
603 120
475 860
589 611
123 380
103 695
649 408
618 530
404 691
588 105
234 565
540 998
943 276
137 734
132 893
35 415
923 638
534 373
473 99
983 595
478 61
265 102
469 882
631 872
549 194
976 782
758 491
755 676
766 891
385 898
759 420
288 658
33 822
6 505
920 989
75 373
25 339
475 493
197 81
340 745
275 291
502 8
782 232
684 523
98 44
396 857
463 684
490 495
481 495
999 376
459 49
748 484
388 198
976 584
279 292
304 553
582 805
560 339
12 219
862 109
263 233
965 725
916 430
196 372
925 170
747 359
219 471
842 606
668 794
165 946
61 468
474 642
248 10
981 259
228 818
367 490
26 308
191 942
737 386
289 637
555 12
996 773
482 813
354 125
582 518
47 642
985 520
260 208
529 216
466 757
9 833
222 34
116 412
975 852
797 240
465 328
251 436
76 732
224 430
856 806
947 902
423 908
398 682
91 926
897 557
658 905
365 880
939 480
267 889
307 40
104 771
367 354
182 442
61 406
871 917
187 794
794 609
677 167
267 767
69 139
299 726
20 663
581 958
118 848
822 425
887 926
171 229
255 353
670 316
758 517
208 944
286 1001
528 962
144 794
704 212
933 1003
937 952
641 494
885 759
317 682
159 179
583 329
407 838
681 52
129 414
568 336
333 853
312 861
790 455
630 470
666 538
448 579
465 64
48 325
822 364
1007 980
542 565
285 948
378 965
999 506
355 543
841 687
371 129
523 137
583 129
606 225
666 29
803 107
92 850
431 914
189 413
869 730
978 129
653 331
70 627
837 424
145 653
86 516
781 609
652 340
737 233
564 378
261 342
484 352
167 915
241 355
303 86
60 256
214 712
587 283
314 399
706 459
27 792
974 808
376 601
123 88
833 686
465 69
3 949
420 169
839 661
523 117
746 582
373 959
269 959
218 582
333 923
16 359
690 989
142 41
565 264
128 373
949 593
441 951
517 861
95 331
497 617
447 218
174 819
152 442
753 369
1024 61
268 15
420 957
1004 561
998 544
825 101
917 749
693 333
676 185
169 770
515 665
363 962
882 536
756 10
978 485
378 977
545 645
991 964
578 970
501 551
490 301
651 382
25 320
714 700
504 883
446 1019
523 808
956 381
319 687
390 272
147 767
224 692
388 191
631 965
136 107
491 625
407 117
1006 432
436 696
107 940
554 552
934 52
335 865
432 654
527 821
925 674
564 125
341 951
315 971
891 450
54 357
51 460
473 32
891 909
727 998
824 256
525 733
308 860
573 739
489 75
536 389
748 75
513 64
1 827
11 891
253 64
223 303
523 695
334 390
579 37
363 378
292 887
86 599
722 658
314 186
733 849
575 456
923 63
520 923
890 530
789 118
593 1011
420 91
681 753
480 236
789 842
613 57
705 699
655 402
332 968
588 40
792 138
496 690
200 1015
588 65
520 352
182 88
338 601
178 1019
330 658
230 94
475 842
150 155
516 805
557 848
748 120
887 516
257 358
181 456
348 769
521 867
96 702
954 434
279 108
428 608
765 657
701 215
474 851
370 990
631 926
813 354
21 675
869 277
9 26
732 356
794 228
199 889
930 128
298 184
235 725
791 999
357 467
190 831
293 559
796 923
460 584
253 480
234 97
756 242
122 463
598 915
691 796
780 596
923 53
779 134
778 545
108 110
1011 297
940 280
855 711
178 290
270 430
769 504
527 500
745 648
963 318
539 629
89 294
200 1012
346 978
121 99
498 228
209 484
525 124
763 355
835 941
645 80
346 389
583 872
889 304
496 827
621 10
431 710
303 630
697 648
583 817
747 56
20 955
539 544
54 278
899 888
194 519
968 539
907 526
387 771
829 882
573 426
891 1003
111 169
608 807
816 166
599 538
221 618
468 760
138 522
13 12
385 206
530 328
744 412
854 106
159 658
987 731
59 853
710 169
1021 293
975 813
459 549
326 679
143 794
414 280
291 426
291 675
631 820
1003 351
207 832
456 365
465 419
72 524
247 781
692 244
49 643
32 507
167 357
162 309
126 575
588 416
1001 878
67 607
673 45
957 880
876 389
220 316
807 291
839 29
47 507
272 96
125 303
602 291
660 763
600 785
314 163
177 290
17 243
896 689
287 829
544 138
193 764
453 999
30 268
3 77
774 275
172 898
577 773
164 212
512 763
997 825
926 149
90 942
391 985
606 677
789 126
814 981
889 242
955 918
509 958
994 258
208 141
131 784
914 295
996 401
33 968
201 958
92 290
875 482
250 457
134 15
582 947
995 446
164 926
339 673
859 309
930 42
449 37
825 338
331 796
738 363
739 938
297 830
203 147
287 453
603 420
467 160
342 437
605 506
338 944
154 172
228 59
213 676
95 14
1014 425
809 727
788 524
641 60
329 843
206 616
271 809
11 737
968 353
150 549
858 487
468 1011
659 695
45 871
346 140
884 335
564 669
38 327
168 678
386 496
496 592
87 767
376 98
479 319
450 628
867 283
91 310
269 749
1004 313
595 326
452 455
660 1016
99 697
318 266
350 704
761 846
271 848
588 646
945 42
964 370
670 807
652 760
92 920
484 72
208 54
397 660
508 32
651 606
729 968
871 54
647 608
899 917
431 462
538 351
504 478
720 149
260 347
908 351
242 367
422 449
420 818
84 928
850 734
509 554
678 356
607 300
963 482
193 369
943 730
719 422
183 414
570 442
760 453
793 1001
819 190
425 215
1008 509
118 833
218 626
362 895
981 968
171 919
425 363
263 344
68 981
765 251
370 311
692 105
763 460
81 558
650 506
772 633
1014 889
441 207
490 802
78 447
745 248
341 146
610 604
489 677
560 229
927 930
539 595
10 278
30 91
835 679
596 582
287 585
446 727
791 935
504 868
357 225
91 698
370 700
277 858
353 836
62 255
741 601
849 751
878 879
841 688
533 412
245 820
996 690
522 762
600 2
606 957
226 696
630 595
372 906
428 724
717 489
978 434
65 803
160 942
657 1000
605 165
387 849
984 358
514 482
95 90
483 700
22 708
372 651
278 743
532 705
442 224
169 395
657 234
173 816
151 829
791 756
994 153
580 953
510 70
410 605
159 892
280 180
575 651
830 852
369 337
532 810
560 701
181 193
934 353
1008 60
158 775
815 127
927 371
55 413
440 465
1017 598
332 272
777 907
923 582
734 267
918 242
53 453
942 233
645 851
585 629
910 742
379 701
868 281
47 923
693 486
363 685
59 694
957 835
576 855
392 286
97 285
527 149
737 444
381 358
270 966
986 155
683 340
855 527
620 901
425 289
362 787
973 420
456 905
230 8
735 621
293 832
905 819
980 618
238 337
975 507
278 936
661 960
251 492
462 870
368 886
134 730
648 83
125 80
987 355
87 698
975 379
505 856
173 460
449 410
796 399
916 49
310 552
1009 560
19 446
405 387
308 539
92 955
621 216
10 583
570 96
256 521
474 760
352 646
196 800
31 991
174 946
16 483
474 1024
18 492
445 422
878 752
960 969
683 556
161 692
115 730
788 370
226 237
106 577
883 301
352 913
267 525
835 282
1007 284
281 1024
775 726
422 629
453 357
573 111
913 733
803 3
439 566
372 664
802 477
217 660
777 568
549 20
69 359
301 51
642 582
51 392
283 472
1020 735
828 569
846 716
277 624
718 715
165 66
355 966
542 571
602 295
114 126
314 182
484 614
233 101
171 283
492 453
754 488
164 557
32 1009
249 308
608 966
1023 772
7 353
713 549
923 290
843 12
415 132
194 898
745 426
998 916
708 466
344 437
953 507
993 984
491 217
267 74
159 265
845 165
617 534
713 515
823 531
527 214
662 720
87 383
121 61
274 828
526 617
240 454
100 208
413 590
425 679
664 583
944 484
747 536
1017 436
27 816
966 553
5 604
248 91
986 368
151 235
171 676
851 410
105 950
617 517
516 17
172 155
599 91
638 322
626 631
757 652
422 698
180 426
277 427
516 238
794 667
472 964
318 299
349 423
224 966
939 739
982 86
893 557
176 507
878 802
113 610
429 534
283 609
959 560
11 450
797 805
92 245
744 410
543 69