2
160
138 40
106 94
98 54
45 35
89 4
134 158
59 41
1 134
131 102
136 50
36 96
18 64
16 133
47 150
142 6
30 151
45 136
117 14
61 1
48 22
36 53
19 94
94 19
99 96
153 75
145 28
10 3
123 58
7 9
79 148
15 108
11 91
83 127
105 16
159 24
37 34
77 55
159 10
105 130
105 129
44 121
156 85
155 118
142 1
159 60
21 45
40 31
135 122
29 111
9 59
135 45
92 83
131 122
92 76
91 68
76 6
60 72
91 87
61 104
119 59
36 139
103 75
41 110
68 101
60 77
159 34
153 90
116 124
84 79
71 14
18 146
20 110
89 142
68 150
85 26
48 152
37 23
66 109
132 6
50 31
82 48
97 74
10 84
69 93
35 139
138 84
157 157
33 85
10 100
74 127
158 154
118 34
16 56
142 19
61 63
49 14
111 17
119 152
133 60
84 7
38 61
122 66
90 155
151 131
126 96
97 155
89 87
28 136
142 42
154 74
104 75
119 86
123 77
77 95
136 32
133 46
125 95
143 86
121 5
56 86
133 153
113 93
111 12
69 92
53 94
37 29
8 155
146 3
103 95
97 111
126 102
28 122
36 42
47 156
47 103
113 19
127 65
111 77
77 51
40 1
145 76
61 24
102 79
26 76
13 155
26 138
96 85
132 131
127 18
158 45
120 142
63 118
47 45
34 155
96 105
27 112
20 88
135 153
6 33
69 50
27 126
59 154
83 30
124 81
48 153
125 39
134 59
157 52
135 62
46 102
39 105
53 90
32 60
83 69
92 23
118 118
20 48
111 102
78 106
22 125
130 18
3 103
108 31
155 83
125 72
24 3
16 77
92 79
136 46
19 99
68 8
88 88
56 70
29 133
47 83
129 16
100 131
118 80
34 144
2 30
88 25
32 103
133 155
54 140
41 72
78 108
80 5
35 135
106 96
139 152
50 107
7 21
109 157
100 142
140 101
43 99
158 74
42 130
101 127
142 141
38 91
120 149
96 155
155 41
122 133
65 43
79 71
63 60
67 3
73 79
135 116
17 132
61 90
134 1
56 147
141 126
77 101
114 44
127 109
117 120
113 21
2 64
91 64
123 30
98 35
140 105
150 156
108 51
118 81
83 45
99 64
10 16
36 124
59 2
104 15
153 56
35 154
119 158
89 113
27 59
148 6
3 9
33 110
59 150
63 142
67 1
77 76
16 112
71 75
145 14
89 137
102 156
2 92
153 122
45 19
20 64
56 54
72 120
4 3
142 98
16 48
98 92
123 146
75 34
60 91
79 20
99 52
47 100
16 39
61 92
89 113
155 16
6 98
136 41
100 117
138 115
4 76
78 158
93 24
63 24
114 142
43 52
65 122
23 80
32 116
43 121
68 37
8 105
7 143
146 106
131 123
93 6
70 42
4 2
66 66
25 19
79 100
103 144
61 125
95 92
80 138
84 19
46 124
156 52
106 141
30 109
135 122
114 45
3 149
78 68
55 103
119 133
42 61
148 134
57 83
97 9
92 53
27 137
16 22
61 153
34 90
133 9
51 87
85 85
75 2
25 1
104 15
134 17
75 153
22 3
75 119
11 38
43 70
47 90
123 107
82 157
36 55
37 118
13 121
74 87
122 98
120 66
144 93
114 58
85 136
93 32
126 103
101 40
44 147
129 7
125 50
35 160
136 71
149 148
63 95
107 24
64 66
121 48
30 75
137 146
82 69
49 79
44 150
118 87
8 86
125 133
7 159
4 143
101 25
2 3
119 140
59 22
77 19
69 106
125 46
124 78
146 12
156 29
33 113
116 73
70 80
45 77
111 48
91 51
72 124
86 62
104 144
84 20
34 24
158 31
69 121
108 87
4 104
115 69
88 102
141 30
54 57
106 4
104 68
86 48
31 11
109 6
26 64
26 60
88 55
90 156
47 69
114 82
44 69
150 4
10 2
33 63
58 10
98 34
77 24
81 139
66 61
145 92
125 42
23 52
96 144
79 14
84 33
95 128
133 117
131 14
118 3
77 16
44 46
49 120
101 1
98 7
93 82
130 57
123 24
140 90
7 91
103 90
155 70
89 127
26 59
140 143
93 88
30 136
6 110
127 106
142 65
112 75
18 113
3 13
136 15
134 14
105 77
136 131
146 64
129 43
155 140
25 119
68 87
127 105
36 93
50 18
29 34
124 79
146 126
123 154
12 96
39 148
44 14
118 61
110 86
103 136
66 160
126 5
86 92
109 153
57 30
42 117
63 5
67 81
3 29
106 14
125 144
2 40
30 119
101 11
77 43
18 142
42 143
18 127
107 158
120 3
27 1
151 122
38 58
74 40
118 19
85 82
34 86
122 95
77 94
105 25
136 122
38 18
137 55
16 83
52 7
117 110
40 107
71 77
36 16
148 154
34 72
107 100
30 100
34 138
33 11
2 9
4 39
58 140
93 73
62 16
80 18
157 119
157 68
35 32
83 54
57 149
125 4
120 154
103 153
131 136
35 4
144 39
42 41
18 6
145 80
53 64
129 50
54 157
149 88
29 71
141 85
91 138
120 50
3 63
75 6
38 109
9 53
147 83
125 5
88 109
116 141
45 116
62 98
113 50
58 13
152 70
129 83
47 89
4 50
151 78
87 60
59 95
144 45
17 140
81 137
88 68
149 4
24 50
102 8
99 159
20 90
68 20
44 147
108 48
68 130
157 154
61 55
120 76
132 9
55 52
145 143
152 133
146 15
22 119
54 152
117 105
81 57
124 157
75 72
44 142
73 40
7 134
127 126
49 98
134 104
149 150
118 140
122 135
26 15
94 111
6 82
55 119
10 19
147 84
90 30
65 2
101 103
7 67
69 56
4 74
31 25
64 148
36 25
154 94
72 119
44 109
41 131
99 82
149 85
6 110
114 102
143 87
45 150
153 113
77 29
26 139
85 121
158 120
146 151
85 89
110 1
37 22
131 8
103 119
92 108
100 78
82 82
4 126
103 28
110 51
88 7
29 12
128 26
4 145
49 88
73 30
120 141
51 90
148 25
80 80
5 19
157 86
133 32
83 107
59 32
158 19
38 58
30 37
116 65
21 36
153 125
65 144
106 147
74 125
43 25
44 47
76 72
4 48
135 86
26 66
149 55
84 59
113 113
95 68
18 116
103 42
80 39
57 57
25 130
22 67
27 97
146 102
41 149
21 15
107 46
80 95
133 35
153 85
20 88
24 69
75 158
110 26
36 38
83 92
8 136
30 66
72 15
7 144
36 59
31 142
136 142
108 108
17 133
64 36
60 87
104 6
84 85
31 151
122 145
114 1
120 144
66 64
30 104
79 65
34 109
78 10
91 26
149 139
158 53
14 89
139 149
126 95
73 156
117 66
13 71
67 4
54 4
99 83
140 18
20 13
158 97
54 88
154 43
98 151
127 111
111 137
131 76
71 43
104 60
141 116
130 47
151 55
82 90
137 61
107 28
106 136
125 159
64 118
73 33
141 39
16 91
16 146
7 118
61 142
17 41
97 146
119 87
40 40
48 49
101 154
108 78
130 72
76 65
62 149
129 42
59 144
4 74
130 42
64 30
23 80
70 151
98 28
110 9
99 157
89 71
23 37
148 24
108 64
120 41
84 88
114 14
72 118
120 41
31 23
102 54
102 43
76 71
102 25
80 40
22 8
111 44
44 130
67 24
33 58
96 148
145 50
34 56
39 153
128 69
15 101
154 148
143 70
59 84
94 10
156 115
49 138
30 125
107 128
20 12
25 115
31 42
36 64
97 74
56 97
143 70
37 8
90 20
77 20
135 11
29 2
157 77
139 59
41 86
26 60
129 83
47 159
124 82
63 92
156 118
28 10
60 97
17 21
116 94
40 122
136 68
124 132
16 102
62 57
59 120
148 27
42 34
58 37
116 120
128 143
109 28
152 40
124 40
60 111
5 99
72 140
38 67
144 54
41 45
142 99
4 129
158 77
3 55
145 118
46 113
100 26
12 123
98 135
34 157
117 39
128 60
50 37
127 65
90 7
110 71
137 145
40 6
94 74
92 78
63 137
62 34
35 105
156 132
111 29
128 67
99 127
127 149
4 93
53 125
131 34
36 107
51 107
145 16
20 76
125 82
53 59
147 119
3 142
90 114
42 89
52 13
56 18
33 91
142 117
55 144
151 122
123 73
68 107
120 119
22 84
72 106
142 58
64 17
71 153
2 145
114 53
157 41
103 29
131 116
145 25
100 7
19 62
111 86
8 102
77 61
26 148
7 39
78 70
87 148
95 88
4 48
13 160
88 115
60 90
70 77
146 41
115 4
102 98
122 141
39 38
42 96
57 80
7 6
21 93
26 115
53 29
34 65
61 153
19 120
114 120
68 100
1 55
103 134
152 96
115 62
5 28
158 62
107 4
67 127
128 92
114 20
153 19
84 53
44 134
44 157
126 112
96 158
38 71
131 29
6 117
90 11
16 87
104 122
122 42
121 90
6 106
141 158
124 97
82 7
70 125
36 67
108 131
64 145
73 67
45 111
23 135
153 39
93 96
32 87
9 24
48 14
129 28
43 125
124 124
3 66
121 38
132 68
41 68
85 113
134 129
63 28
135 55
66 100
22 130
26 31
153 73
76 154
132 119