2
192
106 40
106 126
162 86
141 35
185 4
6 30
155 41
161 6
35 70
8 146
132 96
50 32
48 133
79 54
14 6
62 183
45 168
181 78
125 129
112 182
4 181
19 158
30 179
35 128
121 43
81 60
138 131
155 58
135 41
175 148
47 44
11 155
19 191
41 16
191 24
5 2
13 23
31 42
73 130
169 65
172 121
124 181
123 86
46 65
191 28
85 109
136 95
71 154
157 175
41 27
7 45
28 83
131 122
124 12
59 164
140 102
156 72
91 151
29 8
87 27
100 171
135 43
137 78
68 165
60 109
191 66
25 26
148 156
20 143
39 78
178 178
180 14
121 142
36 150
149 122
176 120
165 183
162 173
68 102
146 127
18 144
65 42
42 84
69 61
99 107
10 148
157 189
161 85
10 4
42 31
190 90
150 162
80 184
142 19
93 159
145 174
111 81
87 24
37 28
84 135
134 93
154 162
154 123
55 35
190 160
65 59
57 87
28 8
78 42
26 42
8 43
87 182
187 173
13 31
8 160
37 14
125 191
47 150
185 165
184 182
5 57
113 125
15 12
133 92
53 30
5 125
72 91
178 131
135 63
161 15
30 70
92 26
68 10
175 60
175 167
113 179
95 33
111 109
45 115
72 161
145 76
157 88
38 15
26 44
77 59
58 106
128 21
4 3
31 178
126 77
152 110
63 118
143 45
34 59
160 169
91 176
52 56
71 153
70 161
5 18
27 126
187 26
19 190
28 113
176 25
189 7
134 123
125 148
39 30
14 70
71 169
53 186
32 188
147 165
156 23
182 182
20 48
15 38
46 106
150 29
2 18
35 135
12 31
91 51
125 168
120 3
144 173
188 47
168 14
83 3
36 136
56 56
184 134
93 37
111 115
129 112
132 163
54 16
66 16
66 62
56 185
64 7
37 123
118 76
137 8
78 172
144 133
35 135
138 192
43 56
178 171
167 181
13 93
4 78
108 69
11 35
126 74
42 162
69 31
110 13
38 59
56 53
192 91
59 137
154 101
65 11
79 39
191 156
131 3
105 111
135 116
145 68
61 58
102 129
88 83
141 190
141 5
50 12
159 109
21 184
81 85
2 32
123 192
187 126
66 99
108 73
22 60
12 83
182 113
83 141
67 32
138 16
100 188
27 66
168 47
121 56
131 122
87 126
185 145
59 123
52 166
3 137
97 14
27 86
191 110
99 65
13 44
80 112
103 107
49 78
153 169
6 156
162 156
89 26
109 147
148 32
184 22
168 152
36 67
110 98
48 16
162 60
59 114
43 162
28 155
111 52
3 180
79 164
16 167
189 188
185 17
27 48
38 66
8 137
132 117
42 179
132 12
110 62
189 24
95 88
178 14
139 180
65 90
23 80
128 84
139 121
100 165
40 9
103 47
146 42
35 187
93 38
70 74
100 66
98 2
153 83
79 164
135 144
61 157
95 188
48 42
180 19
78 92
92 180
138 45
94 45
103 186
82 173
67 53
110 164
55 71
119 133
42 61
148 166
89 51
33 9
156 85
27 41
176 118
93 185
34 186
101 137
179 183
181 117
43 98
153 161
168 143
102 81
11 121
118 163
171 151
171 6
107 70
111 154
59 11
146 93
4 55
101 54
109 89
42 151
186 2
184 162
16 93
114 26
21 40
61 64
62 39
133 40
172 51
1 39
125 146
3 128
72 103
53 180
63 159
11 56
32 2
89 48
158 11
137 50
114 5
177 47
108 118
86 87
40 86
189 165
103 191
164 175
165 89
34 35
55 108
155 86
173 51
133 138
125 78
60 110
146 44
156 61
33 49
148 137
6 144
109 109
15 80
155 179
168 60
86 94
168 48
180 148
162 184
158 159
69 25
76 87
132 40
147 37
152 166
173 30
182 153
138 4
40 164
54 80
31 139
173 70
58 32
26 28
24 55
186 92
143 133
50 146
44 5
182 68
170 34
97 159
186 106
34 98
77 88
177 171
98 29
49 156
61 138
55 84
192 112
47 14
116 97
159 160
165 21
35 14
54 131
173 48
108 78
145 184
37 1
162 135
93 18
162 153
155 88
108 26
7 27
39 122
187 70
153 159
90 187
172 143
189 24
62 104
166 78
159 10
142 129
144 43
18 177
67 45
72 47
134 142
73 173
136 131
50 96
161 11
155 12
153 23
36 87
191 73
164 157
82 114
157 98
28 47
82 94
155 26
12 96
39 148
140 174
86 61
142 54
71 168
66 96
62 165
182 60
45 25
89 190
10 117
95 37
35 49
3 189
138 14
93 176
162 104
30 55
165 43
173 43
82 46
138 143
82 127
75 190
152 163
187 161
151 154
70 186
74 72
54 19
149 146
66 118
58 159
45 94
9 89
136 90
6 82
105 87
80 179
84 103
21 142
136 171
103 13
36 48
148 90
66 104
107 4
94 36
162 10
129 43
98 73
4 103
26 108
189 105
94 144
16 114
157 151
157 68
163 192
115 182
153 53
93 68
120 186
103 89
3 40
3 164
112 7
74 137
114 134
113 16
149 128
1 114
150 29
53 120
29 167
109 181
91 74
120 18
131 31
171 6
70 173
169 53
179 115
61 101
56 173
180 13
173 52
190 130
81 50
122 173
88 102
33 179
175 153
68 114
183 46
183 124
91 159
48 77
81 172
49 9
152 100
85 4
152 82
134 104
131 63
84 26
164 180
76 19
140 144
4 2
61 186
189 151
24 108
100 169
87 148
177 47
120 69
50 79
150 55
54 152
117 9
177 153
188 125
43 136
76 46
9 136
103 6
159 126
113 66
102 8
21 150
118 140
26 39
90 47
94 15
6 82
23 55
106 19
51 148
154 126
1 162
133 167
39 99
101 152
164 74
31 57
32 148
68 57
58 30
168 23
44 45
105 131
163 82
149 21
38 174
146 102
15 151
77 54
57 177
77 93
58 171
21 153
190 88
18 55
181 57
78 97
101 54
35 136
135 183
156 172
36 174
146 50
132 30
167 60
78 115
24 7
93 44
160 90
4 49
17 184
105 158
152 77
19 186
20 25
48 176
69 83
157 22
5 160
115 43
27 192
158 115
6 122
158 37
84 33
85 164
25 61
129 48
138 19
42 29
107 153
12 175
108 40
68 112
71 182
26 162
53 55
84 123
177 49
159 68
82 52
39 170
112 39
89 121
57 130
150 163
155 33
18 70
137 85
53 15
139 78
176 191
5 131
121 181
52 88
120 5
11 30
174 186
68 134
115 188
72 136
30 98
168 47
167 176
4 91
63 142
40 110
12 44
49 5
96 100
92 23
104 166
52 149
159 183
90 145
50 33
88 80
130 128
190 168
175 1
130 45
14 170
155 26
85 75
30 181
174 185
11 149
30 127
105 188
181 66
13 39
99 164
118 100
163 115
140 146
180 77
62 1
118 24
90 11
162 119
63 143
175 137
163 12
71 75
72 124
13 84
162 111
119 151
82 90
73 29
43 124
170 168
125 95
192 22
169 33
13 39
48 187
176 18
7 118
157 142
49 169
33 18
151 151
168 40
112 113
69 154
108 110
130 40
12 1
126 181
97 138
91 144
4 74
162 74
64 126
23 112
102 119
2 60
142 41
163 61
25 103
87 133
20 88
172 32
152 169
84 56
178 46
8 182
184 169
127 55
166 150
166 139
140 39
70 89
80 40
150 104
143 44
44 34
131 88
65 154
128 20
17 114
130 24
167 121
64 101
175 101
122 20
47 70
59 116
158 10
28 115
177 42
30 93
75 32
52 12
185 179
95 74
164 32
97 138
152 33
47 134
133 40
26 180
109 148
167 75
157 66
61 141
107 155
41 182
186 92
65 51
143 159
124 114
191 92
60 150
124 170
156 129
17 53
116 126
8 154
72 164
28 132
176 134
158 25
187 24
180 59
74 130
90 69
52 88
160 175
109 156
152 136
92 40
188 79
37 3
40 108
38 131
112 22
137 77
110 131
100 97
62 45
35 151
177 86
110 145
68 90
172 91
98 71
2 93
21 39
160 124
18 69
63 1
90 7
78 7
9 49
104 134
158 10
156 142
159 73
158 98
35 9
188 132
143 189
32 163
99 63
95 117
132 157
117 93
35 66
100 43
179 75
49 16
84 12
29 50
85 59
19 183
67 14
122 18
74 25
52 45
88 146
33 91
174 21
183 80
87 154
187 137
36 43
24 183
54 52
104 10
110 122
192 49
7 121
130 145
18 181
189 169
7 29
67 52
49 57
132 7
83 126
15 118
168 102
173 93
154 84
103 135
78 102
55 84
95 184
100 112
45 96
88 51
188 26
102 109
146 105
179 36
38 66
26 77
167 6
170 192
153 144
7 102
117 61
58 19
117 157
2 161
125 153
19 120
50 184
100 4
97 151
39 6
24 128
83 62
5 124
62 158
75 68
67 191
192 124
82 116
153 147
84 85
172 166
76 29
30 176
32 190
6 135
3 29
70 149
90 75
144 151
104 26
90 42
89 90
38 42
77 190
188 33
146 167
6 29
68 99
76 99
96 81
105 163
173 47
119 71
185 71
93 96
160 55
9 120
16 46
161 92
107 29
124 60
67 2
153 134
100 36
105 68
181 17
38 161
63 28
103 55
98 68
22 130
122 31
57 137
140 90
100 55