2
256
234 168
42 62
98 150
77 35
57 4
198 222
91 41
33 198
99 134
8 146
132 32
114 224
48 197
79 182
14 70
254 247
237 40
53 78
189 129
112 246
132 53
211 222
94 243
163 192
121 171
81 252
202 195
219 250
135 41
175 148
111 172
139 91
211 191
169 144
63 24
133 194
77 87
159 170
73 66
105 193
236 185
188 181
123 150
174 1
191 92
149 45
8 31
135 218
221 47
105 27
71 237
220 147
67 122
60 140
187 164
76 166
92 8
91 215
157 8
215 91
100 107
135 107
137 14
68 101
60 173
127 130
153 90
20 220
212 79
103 142
242 178
52 78
185 142
36 86
149 250
176 248
101 55
98 237
68 166
82 127
82 208
1 234
42 20
197 253
99 43
138 84
221 189
161 149
74 196
234 223
190 154
214 34
208 56
14 19
221 95
145 46
47 145
23 88
165 220
84 7
6 221
90 226
154 251
119 227
190 96
193 123
249 151
156 200
206 170
218 170
8 107
215 54
251 237
141 159
200 224
165 206
189 255
175 86
249 37
56 182
133 249
49 125
143 204
69 92
117 30
5 125
136 219
178 131
199 63
33 143
30 198
92 218
196 10
47 188
47 103
113 179
95 161
47 237
109 115
72 225
145 76
93 24
38 15
154 236
77 187
122 106
128 213
68 67
223 114
254 13
216 110
191 54
15 237
34 123
96 105
91 240
180 184
7 217
198 161
197 18
91 62
123 218
19 190
28 241
48 25
253 7
134 187
61 148
167 94
14 6
199 105
245 122
32 252
83 229
156 23
246 246
84 112
207 102
46 234
86 93
2 82
99 135
12 159
27 179
253 40
184 195
144 173
60 175
168 142
147 67
164 136
56 248
248 6
93 37
239 179
129 240
4 227
118 16
130 144
194 126
184 121
64 71
37 123
246 204
9 136
14 172
16 69
163 7
74 256
43 56
178 171
39 181
141 157
196 14
44 133
139 227
254 202
42 34
69 31
238 77
166 251
248 181
64 155
187 137
154 229
193 75
143 231
255 28
131 195
41 175
71 180
145 68
125 186
102 193
216 83
13 126
77 5
50 140
159 237
21 56
209 213
130 96
187 128
123 62
66 163
236 137
86 124
204 211
54 49
147 13
131 160
138 208
164 188
91 66
168 111
121 120
67 250
215 254
121 81
59 187
244 38
67 73
161 14
27 214
63 174
227 193
77 108
144 240
39 235
49 206
89 169
70 156
162 28
153 26
109 211
212 96
248 22
168 152
36 195
110 98
112 80
34 188
187 178
171 226
156 219
175 244
131 244
143 36
16 39
61 124
249 17
219 240
38 130
136 73
68 245
170 179
68 204
110 254
125 24
223 24
242 142
11 116
129 154
151 144
192 212
11 185
228 229
168 9
103 47
82 170
35 251
93 102
198 202
100 66
226 66
89 211
207 100
71 80
253 221
223 188
176 234
116 147
206 28
156 52
74 237
222 109
231 58
210 173
3 53
238 228
119 71
183 69
170 253
148 166
217 115
97 137
92 213
27 41
240 182
93 57
162 58
165 137
115 119
53 117
171 34
89 33
104 15
102 17
11 249
182 227
107 23
107 198
235 134
239 218
59 75
18 221
132 183
101 246
45 153
106 215
186 194
248 34
208 93
50 218
85 232
189 192
254 39
133 232
172 115
193 231
189 210
195 64
136 39
53 180
191 159
139 120
96 130
153 48
222 203
9 50
178 197
241 175
236 118
150 151
232 86
125 165
39 63
228 175
101 25
98 35
183 236
155 22
109 51
69 74
253 78
124 174
18 108
92 253
225 241
148 201
70 16
109 109
79 80
27 179
104 124
214 30
104 112
52 212
162 120
30 159
197 153
76 215
4 168
211 229
152 102
173 222
118 25
74 196
104 100
118 208
223 75
237 70
186 32
26 92
152 55
250 92
207 69
50 210
236 5
182 132
106 98
97 223
122 170
162 226
13 24
177 235
98 157
49 28
189 74
119 84
128 112
175 78
180 225
31 160
229 213
35 78
54 131
45 176
44 206
145 56
229 65
34 71
221 82
98 153
155 216
236 26
71 155
103 250
123 134
153 95
90 187
172 143
61 216
62 104
166 206
159 138
14 193
208 235
18 49
131 173
8 111
198 78
9 45
72 131
178 224
225 11
155 140
153 215
100 215
63 9
164 221
146 178
157 98
156 175
146 30
91 154
140 32
231 148
76 46
22 253
14 246
7 168
130 160
126 229
118 188
237 25
153 126
202 53
223 101
227 113
131 61
10 14
93 240
162 168
30 183
165 43
173 171
210 46
74 79
18 191
11 254
216 163
123 161
215 90
6 186
202 136
246 211
149 82
194 54
250 223
237 158
9 153
72 218
198 146
41 215
80 51
212 39
213 78
200 171
167 205
100 112
84 90
66 232
171 4
30 164
226 10
65 235
162 137
196 103
26 236
61 105
30 16
144 242
93 87
157 4
35 256
115 118
89 181
93 4
184 122
167 153
131 232
131 36
112 71
138 137
50 198
241 80
213 128
65 50
214 221
53 248
221 167
109 53
91 202
56 18
67 223
171 198
198 45
233 53
115 115
189 165
56 173
244 13
45 52
62 2
17 114
250 237
24 102
33 115
47 89
132 114
55 46
55 252
91 31
48 205
145 236
113 201
152 100
213 196
152 18
198 168
131 191
148 154
36 180
12 83
12 144
196 66
189 250
61 23
24 108
228 169
87 84
113 239
184 69
178 79
86 119
246 216
53 137
113 89
60 125
171 72
12 110
137 200
103 198
223 126
49 194
38 136
21 150
118 204
218 39
26 47
158 15
6 210
151 119
42 211
243 212
26 254
65 162
197 167
103 163
37 152
100 74
31 121
224 148
68 185
186 94
232 87
108 237
41 3
99 82
213 85
38 238
82 102
143 23
13 246
185 49
141 29
122 171
149 89
62 216
18 247
53 249
78 161
229 118
163 72
199 119
156 236
100 238
82 242
4 94
231 188
142 115
216 7
29 108
96 90
68 113
81 120
105 158
24 77
19 186
148 217
48 48
197 147
29 22
133 32
115 107
219 256
222 179
6 250
30 101
84 97
213 164
217 61
65 240
138 83
170 29
43 217
76 239
108 104
4 240
135 118
90 98
117 55
20 123
49 49
223 132
146 180
39 106
240 103
89 121
185 2
150 227
219 225
210 70
73 213
53 207
75 142
48 191
197 67
57 245
116 24
120 5
203 158
110 186
4 198
51 188
200 200
158 162
168 111
231 240
68 27
191 142
168 238
76 108
49 133
96 164
156 215
168 102
116 21
31 119
218 81
50 161
24 208
66 192
62 40
175 129
66 109
14 234
91 90
85 139
222 181
46 121
139 213
222 255
233 252
117 194
77 167
99 100
118 164
35 179
204 210
52 13
62 65
246 152
154 75
34 119
255 79
239 137
35 204
135 11
200 252
205 20
162 47
119 23
210 154
201 157
107 252
170 168
61 159
64 214
233 97
77 231
176 59
112 210
7 246
221 206
241 169
225 146
215 87
168 168
240 113
69 90
108 238
2 168
140 65
126 117
161 202
91 80
4 202
34 10
192 254
215 176
166 183
66 124
14 233
35 253
89 103
87 197
84 88
108 224
152 233
84 56
178 174
136 182
120 169
191 55
166 150
230 75
76 39
198 89
16 232
86 104
79 172
44 162
3 152
129 154
128 212
209 50
130 88
231 249
256 165
47 165
58 20
239 134
59 180
222 74
156 51
177 234
222 221
139 224
116 12
121 243
223 74
36 96
161 10
88 161
175 134
69 232
154 52
109 212
231 75
29 130
125 205
107 91
169 246
58 28
1 179
15 223
252 50
63 156
60 150
60 234
28 129
209 181
180 62
136 154
136 164
28 4
112 134
94 25
123 152
52 123
74 66
90 69
116 152
224 175
45 28
152 72
156 104
252 79
165 131
232 44
38 3
48 150
137 141
174 3
36 225
126 109
35 215
177 150
110 145
68 154
172 219
226 71
66 221
149 231
96 124
18 133
127 65
26 7
206 199
9 241
168 134
94 202
92 14
95 201
158 162
99 73
124 68
143 189
32 35
163 127
159 181
4 29
245 29
35 194
228 43
179 139
177 16
84 12
29 178
213 187
83 55
3 206
122 146
138 153
180 45
24 82
225 27
110 213
55 144
151 26
187 73
164 107
88 247
118 116
168 74
46 250
128 49
199 249
194 81
146 117
125 169
199 93
195 52
49 249
196 199
19 126
15 182
232 102
173 93
218 84
167 7
78 38
55 20
31 248
100 176
109 224
88 51
60 26
102 109
18 41
51 36
166 66
218 141
167 134
234 128
217 144
135 38
181 189
58 211
181 157
130 33
125 217
83 184
242 184
36 4
225 87
39 134
152 256
19 62
133 252
190 94
139 68
131 63
256 188
18 180
89 147
212 213
108 38
140 93
222 176
96 190
6 135
67 157
134 85
218 11
80 151
104 218
218 234
25 218
166 42
141 254
188 97
210 39
134 93
132 99
12 227
32 17
105 99
173 239
183 135
249 7
29 96
224 247
73 248
208 238
33 92
235 221
188 188
3 66
25 134
164 36
105 196
53 209
38 225
191 220
103 183
226 132
22 194
122 95
185 73
76 218
164 55