2
320
298 40
106 254
98 214
205 35
249 4
134 158
219 41
161 134
291 262
136 210
196 96
178 224
176 133
207 310
142 6
190 311
45 296
117 14
61 1
48 182
196 53
19 94
94 179
99 256
313 235
145 188
10 3
283 58
7 169
239 148
175 108
11 91
83 127
105 16
319 24
197 194
77 215
159 170
265 130
105 129
44 121
316 245
315 278
302 1
319 220
21 45
200 31
135 282
29 111
169 219
135 45
92 83
131 122
252 76
251 228
76 166
220 72
91 87
221 264
279 219
36 299
263 235
201 270
68 101
60 237
319 194
153 90
276 284
84 79
231 14
178 306
180 270
249 142
228 150
85 186
48 312
37 183
226 109
132 166
210 191
82 208
257 234
170 84
69 253
35 299
138 84
157 317
33 85
10 260
234 287
318 154
278 34
16 56
142 19
221 223
209 174
111 17
279 152
293 220
84 7
198 221
282 226
90 315
311 291
126 96
257 315
249 87
28 136
142 42
154 234
264 235
279 246
123 237
77 95
136 32
293 206
125 255
303 86
121 165
56 246
133 313
113 253
271 12
69 92
53 94
197 189
8 155
306 3
263 255
97 271
286 262
28 282
196 202
47 316
47 103
113 179
287 225
111 237
237 51
200 161
145 76
221 24
102 79
26 236
13 315
186 298
256 85
132 131
287 178
318 205
280 302
63 118
207 45
34 315
96 105
27 112
180 248
135 153
6 33
69 210
27 126
59 154
83 190
284 241
48 153
125 199
134 59
317 212
295 222
206 262
199 105
53 250
32 60
83 229
92 23
118 118
20 48
271 102
238 106
22 285
130 18
163 263
268 31
155 243
125 232
184 3
16 237
252 239
296 206
19 259
228 8
248 248
56 70
29 293
47 243
129 176
260 291
118 80
194 144
2 190
248 185
192 263
293 315
54 140
201 72
78 108
80 5
35 135
266 256
299 312
50 107
167 181
269 157
260 142
300 261
203 99
318 74
42 290
261 287
302 141
38 251
120 309
256 155
315 201
282 293
65 203
79 231
63 220
67 3
233 239
135 116
17 132
61 250
294 1
216 147
141 126
77 261
114 204
287 109
277 120
273 21
2 224
251 64
123 190
258 35
300 265
150 316
268 211
118 241
83 205
259 224
10 16
36 124
219 2
104 175
313 56
195 314
279 318
249 273
187 59
308 166
3 9
33 270
219 150
63 302
227 1
77 236
16 112
231 235
305 14
89 297
262 156
162 92
153 282
45 19
20 224
56 214
232 280
164 3
302 98
176 208
98 252
123 306
235 34
220 91
239 180
259 52
207 100
16 39
61 252
249 273
155 176
166 258
136 201
260 117
298 115
4 76
238 318
253 24
223 24
114 142
203 52
65 282
23 80
192 276
203 121
228 37
168 265
167 303
146 106
291 123
93 166
70 202
164 2
226 66
25 19
79 100
263 144
61 285
95 252
240 298
244 19
206 284
156 52
266 301
30 109
295 122
274 45
3 309
238 228
55 263
119 133
42 61
148 294
217 243
97 9
92 213
27 297
176 182
221 313
34 250
293 9
51 247
245 245
235 162
25 161
104 15
294 17
75 313
182 163
235 279
171 198
43 70
47 90
123 267
82 157
196 55
37 118
173 281
234 87
122 258
120 226
144 93
114 218
85 296
253 192
126 103
261 40
44 307
129 167
125 210
195 320
136 231
309 308
63 95
267 184
224 66
281 48
30 75
137 306
242 69
49 239
44 310
278 87
168 86
125 293
167 319
164 303
101 25
162 163
119 300
219 22
237 179
69 266
125 206
124 238
146 172
156 189
33 113
276 73
70 80
45 237
271 208
91 51
232 124
86 222
104 304
244 20
34 184
158 31
69 281
268 87
4 104
275 229
88 102
301 30
54 217
266 4
104 228
246 208
31 11
109 6
186 224
26 220
88 55
250 156
207 69
114 82
44 69
310 4
170 162
33 223
58 170
98 34
77 24
241 299
226 221
305 92
125 202
183 212
256 304
239 14
244 33
95 288
293 277
291 14
118 3
237 176
44 206
209 120
101 1
98 7
93 82
290 217
283 24
300 90
7 91
103 250
315 70
89 287
26 59
300 143
253 88
190 296
166 270
287 266
142 65
272 235
18 113
3 173
136 175
134 14
265 237
136 131
306 224
289 203
155 140
25 279
228 87
127 265
36 93
210 178
29 34
284 239
146 286
283 154
12 96
39 148
204 174
278 61
270 246
263 296
66 160
126 165
246 252
109 153
217 190
202 117
223 165
227 241
3 189
266 14
285 304
162 40
30 119
101 171
237 43
18 302
202 143
18 127
267 318
280 163
187 161
151 282
198 58
74 200
118 19
85 82
194 246
122 95
237 94
265 25
136 282
198 18
297 215
16 243
212 167
277 270
200 107
231 77
36 176
148 154
194 232
107 260
30 100
34 138
193 171
162 9
4 39
218 300
253 233
222 16
80 178
157 279
157 68
35 192
243 54
217 309
285 4
120 314
103 153
131 296
195 164
304 199
202 201
178 6
305 80
213 64
129 50
214 157
309 248
29 231
301 245
91 138
120 210
3 223
235 6
198 109
169 53
307 243
125 165
248 109
116 141
45 116
62 258
273 50
58 173
152 230
289 243
47 89
4 50
311 238
247 60
219 95
304 205
17 300
241 137
88 228
149 4
24 210
262 168
259 319
20 90
228 180
204 147
268 208
68 130
317 314
61 215
280 236
292 169
215 212
305 303
312 133
306 15
22 119
54 152
117 265
241 217
124 317
235 72
204 302
73 200
167 134
287 126
49 258
294 264
149 150
118 140
282 295
26 175
94 271
6 82
215 119
170 19
307 84
90 190
65 162
261 103
167 227
229 216
164 74
31 185
224 148
196 185
314 94
232 279
44 109
41 131
99 82
149 85
166 110
274 102
143 87
205 310
313 113
77 29
186 299
85 281
318 280
146 311
245 249
270 161
37 182
291 8
263 119
92 108
100 238
82 242
4 286
103 188
270 51
88 7
29 172
288 26
4 305
209 248
233 30
280 141
211 250
148 25
240 240
5 19
157 86
133 32
243 107
219 192
158 179
198 58
30 37
276 225
21 36
153 125
65 304
266 147
234 285
43 25
204 47
236 232
4 48
135 246
26 226
309 55
84 59
113 113
95 68
18 116
103 42
240 39
217 57
185 130
22 227
27 97
146 262
201 149
181 15
267 206
240 255
133 195
313 245
180 88
184 69
75 158
110 186
196 198
243 252
8 136
30 226
232 175
167 304
196 219
191 142
296 302
268 108
177 133
224 36
220 87
104 166
244 85
31 311
282 145
114 161
280 144
66 64
190 104
239 65
194 109
78 170
91 26
149 139
158 53
174 249
139 149
286 255
233 316
117 66
13 231
227 164
54 164
99 243
140 18
180 13
318 257
54 88
154 203
98 311
127 271
111 137
291 76
71 203
264 60
141 276
290 47
311 215
82 90
137 221
107 188
106 296
125 159
64 278
233 33
141 39
176 251
176 146
7 118
221 142
177 41
97 146
279 87
40 40
48 49
261 154
108 238
130 232
76 65
62 309
289 202
219 144
4 74
290 202
64 190
23 240
230 311
258 188
270 169
99 317
89 231
23 197
148 24
108 224
280 41
84 248
114 174
72 118
120 41
191 183
102 214
102 203
76 231
262 25
80 40
22 168
271 44
44 290
67 24
193 218
256 148
145 50
194 216
39 313
128 229
175 101
314 148
303 70
59 244
94 10
156 115
49 298
30 285
267 288
180 12
185 115
31 202
36 224
97 74
216 97
303 70
197 168
90 180
237 20
295 11
29 2
317 77
299 219
41 246
186 220
129 243
207 159
124 242
63 92
316 278
188 170
220 257
17 181
116 254
200 282
136 228
284 132
176 262
222 217
59 280
308 187
202 194
218 197
116 280
288 303
109 28
152 200
284 40
60 271
165 259
232 300
38 67
304 214
201 205
302 259
164 289
318 237
163 215
305 278
46 273
260 26
172 283
98 135
194 157
277 39
288 60
210 197
127 65
90 7
270 71
137 305
40 6
94 74
92 78
223 137
222 34
35 265
316 132
271 189
288 227
99 127
287 309
4 93
53 285
291 194
36 107
51 267
305 16
20 76
285 242
213 59
147 119
3 142
250 274
202 89
52 173
216 18
33 91
302 277
55 144
151 282
123 73
228 107
280 119
182 244
232 266
302 58
64 177
71 313
2 145
274 53
317 41
263 29
131 116
305 185
260 7
19 62
271 246
168 102
237 221
26 148
167 199
78 230
247 148
95 248
164 48
173 160
88 115
60 90
230 237
146 41
115 164
102 258
282 141
39 198
42 256
217 80
7 166
181 253
186 275
53 29
194 225
61 153
19 120
114 120
228 260
161 215
103 134
152 256
275 62
5 188
318 222
267 4
67 127
128 252
274 180
153 19
84 213
44 294
204 157
286 112
96 318
198 71
131 29
6 277
90 11
16 87
104 282
282 42
281 90
166 106
141 318
124 97
82 167
70 285
196 227
268 291
224 145
233 227
45 111
183 135
313 199
93 96
32 247
9 184
208 174
289 28
43 285
124 124
3 66
281 198
292 228
41 68
245 273
294 289
63 28
295 55
226 260
22 130
186 31
313 73
76 154
292 119