2
32
10 8
10 30
2 22
13 3
25 4
6 30
27 9
1 6
3 6
8 18
4 32
18 32
16 5
15 22
14 6
30 23
13 8
21 14
29 1
16 22
4 21
19 30
30 19
3 32
25 11
17 28
10 3
27 26
7 9
15 20
15 12
11 27
19 31
9 16
31 24
5 2
13 23
31 10
9 2
9 1
12 25
28 21
27 22
14 1
31 28
21 13
8 31
7 26
29 15
9 27
7 13
28 19
3 26
28 12
27 4
12 6
28 8
27 23
29 8
23 27
4 11
7 11
9 14
4 5
28 13
31 2
25 26
20 28
20 15
7 14
18 18
20 14
25 14
4 22
21 26
16 24
5 23
2 13
4 6
18 31
18 16
1 10
10 20
5 29
3 11
10 20
29 29
1 21
10 4
10 31
30 26
22 2
16 24
14 19
29 31
17 14
15 17
23 24
5 28
20 7
6 29
26 2
26 27
23 3
30 32
1 27
25 23
28 8
14 10
26 10
8 11
23 22
27 13
13 31
8 32
5 14
29 31
15 22
25 5
24 22
5 25
17 29
15 12
5 28
21 30
5 29
8 27
18 3
7 31
1 15
30 6
28 26
4 10
15 28
15 7
17 19
31 1
15 13
13 19
8 1
17 12
29 24
6 15
26 12
13 27
26 10
32 21
4 3
31 18
30 13
24 14
31 22
15 13
2 27
32 9
27 16
20 24
7 25
6 1
5 18
27 30
27 26
19 30
28 17
16 25
29 7
6 27
29 20
7 30
14 6
7 9
21 26
32 28
19 5
28 23
22 22
20 16
15 6
14 10
22 29
2 18
3 7
12 31
27 19
29 8
24 3
16 13
28 15
8 14
19 3
4 8
24 24
24 6
29 5
15 19
1 16
4 3
22 16
2 16
2 30
24 25
32 7
5 27
22 12
9 8
14 12
16 5
3 7
10 32
11 24
18 11
7 21
13 29
4 14
12 5
11 3
30 10
10 2
5 31
14 13
6 27
24 21
32 27
27 9
26 5
1 11
15 7
31 28
3 3
9 15
7 20
17 4
29 26
6 1
24 19
13 30
13 5
18 12
31 13
21 24
17 21
2 32
27 32
27 30
2 3
12 9
22 28
12 19
22 17
19 13
3 32
10 16
4 28
27 2
8 15
25 24
3 26
23 30
25 17
27 27
20 6
3 9
1 14
27 22
31 14
3 1
13 12
16 16
7 11
17 14
25 9
6 28
2 28
25 26
13 19
20 32
24 22
8 24
4 3
14 2
16 16
2 28
27 18
11 2
28 27
15 20
3 20
15 4
16 7
29 28
25 17
27 16
6 2
8 9
4 21
10 19
4 12
14 30
29 24
31 24
18 14
11 20
1 26
23 16
32 20
11 25
4 5
8 9
7 15
18 10
3 27
29 6
6 10
4 2
2 2
25 19
15 4
7 16
29 29
31 28
16 10
20 19
14 28
28 20
10 13
30 13
7 26
18 13
3 21
14 4
23 7
23 5
10 29
20 6
25 19
1 9
28 21
27 9
16 22
29 25
2 26
5 9
19 23
21 21
11 2
25 1
8 15
6 17
11 25
22 3
11 23
11 6
11 6
15 26
27 11
18 29
4 23
5 22
13 25
10 23
26 2
24 2
16 29
18 26
21 8
29 32
30 7
5 8
12 19
1 7
29 18
3 32
8 7
21 20
31 31
11 24
32 2
25 16
30 11
9 18
18 5
17 15
12 22
22 23
8 22
29 5
7 31
4 15
5 25
2 3
23 12
27 22
13 19
5 10
29 14
28 14
18 12
28 29
1 17
20 9
6 16
13 13
15 16
27 19
8 28
22 30
8 16
20 20
2 24
30 31
5 25
12 23
4 8
19 5
24 6
13 30
22 25
10 4
8 4
22 16
31 11
13 6
26 32
26 28
24 23
26 28
15 5
18 18
12 5
22 4
10 2
1 31
26 10
2 2
13 24
17 11
2 29
17 28
29 10
23 20
32 16
15 14
20 1
31 32
5 21
3 14
22 3
13 16
12 14
17 24
5 1
2 7
29 18
2 25
27 24
12 26
7 27
7 26
27 6
25 31
26 27
12 15
29 24
30 8
6 14
31 10
14 1
16 11
18 17
3 13
8 15
6 14
9 13
8 3
18 32
1 11
27 12
25 23
4 23
31 9
4 29
18 18
29 2
28 15
18 30
27 26
12 32
7 20
12 14
22 29
14 22
7 8
2 32
30 5
22 28
13 25
25 30
10 21
31 5
3 17
3 29
10 14
29 16
2 8
30 23
5 11
13 11
18 14
10 15
18 31
11 30
24 3
27 1
23 26
6 26
10 8
22 19
21 18
2 22
26 31
13 30
9 25
8 26
6 18
9 23
16 19
20 7
21 14
8 11
7 13
4 16
20 26
2 8
11 4
30 4
2 10
1 11
2 9
4 7
26 12
29 9
30 16
16 18
29 23
29 4
3 32
19 22
25 21
29 4
24 26
7 25
3 8
3 4
16 7
10 9
18 6
17 16
21 32
1 18
22 29
21 24
29 7
13 21
27 10
24 18
3 31
11 6
6 13
9 21
19 19
29 5
24 13
20 13
13 20
30 2
17 18
26 13
24 6
1 19
15 25
4 18
23 14
23 28
27 31
16 13
17 12
17 9
24 4
21 4
24 18
6 8
3 31
20 26
4 20
12 19
12 16
4 2
29 26
29 23
24 12
4 9
23 20
17 15
24 5
18 15
22 23
22 24
21 9
17 25
28 29
11 8
12 14
9 8
7 6
31 30
17 2
6 8
21 22
22 12
26 7
26 15
30 15
6 18
23 23
10 19
19 20
26 30
1 2
5 7
7 3
5 24
4 10
31 25
32 20
4 25
26 30
8 23
12 13
9 3
3 18
21 21
6 14
18 6
15 23
13 22
25 17
13 29
26 11
21 25
30 24
18 23
21 25
14 1
5 22
3 8
7 23
28 12
4 14
18 18
4 30
7 28
14 19
24 7
29 12
32 26
4 17
17 24
9 30
24 13
19 26
20 25
16 16
5 19
29 22
5 32
19 11
27 32
30 19
6 26
30 5
20 1
21 4
25 29
1 16
10 19
10 29
11 25
12 15
12 8
4 16
7 22
26 2
21 23
20 27
17 17
31 4
18 20
7 10
16 7
25 25
25 2
22 3
27 1
18 6
9 21
21 15
11 14
16 31
5 3
25 21
20 24
24 5
11 30
14 26
4 6
19 28
8 8
30 2
8 15
7 16
4 27
31 14
8 14
12 12
17 5
32 4
28 23
8 6
20 21
31 23
26 17
18 1
24 16
2 32
30 8
15 1
2 13
14 10
27 26
21 11
30 21
14 25
11 21
30 31
9 28
21 2
13 7
3 4
22 4
3 19
12 18
20 13
30 1
22 24
26 11
2 23
31 15
15 9
3 12
7 11
8 28
13 20
2 15
23 23
18 26
9 29
11 28
10 8
29 31
32 22
9 1
13 7
16 27
16 18
7 22
29 14
17 9
1 18
23 23
8 8
16 17
5 26
12 14
2 8
12 1
30 21
1 10
27 16
4 10
2 10
32 30
23 16
6 23
2 28
14 9
3 29
25 7
23 5
20 24
12 32
24 9
20 24
18 14
8 22
24 9
31 23
6 22
6 11
12 7
6 25
16 8
22 8
15 12
12 2
3 24
1 26
32 20
17 18
2 24
7 25
32 5
15 5
26 20
15 6
27 20
30 10
28 19
17 10
30 29
11 32
20 12
25 19
31 10
4 32
1 10
24 1
15 6
5 8
26 20
13 20
7 11
29 2
29 13
11 27
9 22
26 28
1 19
15 31
28 18
31 28
28 22
28 10
28 1
17 21
20 30
8 26
8 4
28 4
16 6
30 25
27 24
20 27
10 2
26 5
20 24
32 15
13 28
24 8
28 8
28 15
5 3
8 12
6 3
16 22
9 13
14 3
4 1
30 13
3 23
17 22
14 17
4 26
12 27
2 7
2 29
21 7
32 28
18 5
31 1
26 7
14 7
9 17
8 6
30 10
28 14
31 9
30 2
3 9
28 4
15 29
32 3
3 31
31 21
4 29
21 29
3 2
4 11
19 11
17 16
20 12
29 18
21 27
19 23
3 14
26 18
10 25
20 13
24 18
1 27
14 21
23 16
23 26
27 9
4 11
24 23
22 20
8 10
14 26
32 17
7 25
2 17
18 21
29 9
7 29
3 20
17 25
4 7
19 30
15 22
8 6
13 29
26 20
7 7
14 6
23 20
31 24
4 16
13 32
24 19
28 26
6 13
18 9
19 4
6 2
26 13
7 6
10 32
25 16
7 6
21 29
26 19
21 29
2 1
29 25
19 24
18 24
4 4
1 23
7 6
24 32
19 30
5 28
30 30
11 4
3 31
32 28
18 20
25 19
20 21
12 6
12 29
30 16
32 30
6 7
3 29
6 21
26 11
16 23
8 26
26 10
25 26
6 10
13 30
28 1
18 7
6 29
4 3
12 3
32 17
9 3
13 15
23 7
25 7
29 32
32 23
9 24
16 14
1 28
11 29
28 28
3 2
25 6
4 4
9 4
21 17
6 1
31 28
7 23
2 4
22 2
26 31
25 9
12 26
4 23