2
352
74 104
42 62
162 246
13 35
345 324
6 158
219 297
257 6
291 70
264 274
196 160
306 288
112 133
79 182
110 198
30 247
301 72
21 174
29 33
208 86
68 277
243 286
222 147
3 224
281 267
145 124
74 99
123 250
295 201
143 52
47 172
11 59
243 31
233 336
127 152
69 194
77 311
191 298
169 258
169 161
172 25
284 309
187 54
206 129
319 348
245 77
232 255
135 122
349 79
169 187
231 237
28 19
259 282
316 76
187 196
300 70
284 232
27 183
349 296
23 315
4 267
39 235
233 238
68 293
316 237
127 194
185 154
212 92
148 239
231 334
146 178
52 142
121 142
36 118
85 58
80 152
37 183
34 333
68 166
274 31
50 48
289 234
266 212
37 61
163 267
106 20
157 157
161 277
10 196
42 159
318 186
310 2
16 56
334 147
221 319
177 334
15 177
279 344
101 28
52 263
294 157
346 162
26 155
87 99
62 192
257 91
25 279
92 104
334 138
250 266
104 139
311 182
27 237
173 127
264 288
101 270
157 95
143 246
313 293
344 22
197 249
177 285
239 332
37 220
117 350
197 285
136 155
178 227
103 63
1 79
350 166
60 218
260 266
111 220
207 103
305 51
63 129
335 301
109 83
232 289
81 76
285 280
294 175
154 108
237 219
186 234
32 309
164 291
223 274
222 141
24 238
191 150
15 237
98 187
320 41
187 112
116 120
39 121
294 257
229 242
123 126
187 218
147 350
156 81
272 89
221 7
326 123
157 52
71 318
238 102
71 137
213 250
256 316
19 261
220 311
150 342
148 48
207 294
46 74
22 317
226 306
323 199
140 191
251 211
221 200
312 291
336 173
188 303
136 270
275 67
228 136
120 24
184 38
317 229
175 51
257 48
4 227
246 208
130 208
66 62
120 25
352 103
261 251
118 108
169 40
174 44
176 293
67 7
42 96
299 216
210 203
263 277
141 221
132 270
76 197
43 259
286 42
10 194
5 191
14 173
230 251
280 117
192 347
187 233
154 133
161 75
335 71
351 188
291 131
169 79
39 212
337 324
317 58
230 321
248 307
141 190
205 69
306 108
127 141
53 344
337 213
66 32
283 64
219 286
258 35
76 9
246 60
44 211
182 273
243 141
291 32
330 144
164 284
251 290
136 303
345 120
163 58
151 158
185 81
91 155
116 166
163 73
289 206
283 118
191 174
323 129
269 300
272 80
295 171
81 78
121 73
262 348
194 124
153 90
205 243
244 32
120 118
104 120
324 99
302 226
336 272
2 252
219 338
43 162
156 187
303 340
323 276
47 164
112 199
253 28
153 209
59 336
326 226
104 9
324 53
234 307
324 236
270 254
285 24
127 152
210 78
139 180
65 250
55 176
160 20
267 313
228 325
8 265
263 111
274 234
227 155
253 262
102 234
164 34
258 290
185 115
79 36
7 144
285 61
31 92
80 298
116 19
334 188
348 244
298 269
190 237
135 90
146 237
323 21
334 228
311 167
55 37
202 61
244 198
185 275
1 329
284 181
347 265
16 342
221 25
322 58
325 105
147 119
53 181
139 34
121 161
200 239
198 113
299 153
22 195
75 23
171 70
267 230
47 346
283 267
18 253
324 343
69 182
173 121
74 311
154 194
184 2
144 29
178 90
181 200
349 320
286 167
101 264
108 147
257 39
125 274
3 96
328 71
341 148
255 127
171 56
32 2
121 176
94 299
329 338
210 325
17 207
204 118
118 311
328 22
61 101
7 63
260 335
197 313
194 99
87 76
219 118
141 339
293 234
349 270
284 270
306 300
124 157
129 241
116 169
326 176
269 333
303 176
27 147
136 284
310 286
8 176
52 148
226 56
94 287
325 25
204 343
36 328
147 229
280 326
45 318
214 25
298 164
200 36
22 48
319 331
333 38
218 96
186 92
152 343
26 124
79 293
178 178
332 325
54 324
298 162
289 159
186 298
34 98
333 56
145 11
98 189
49 316
285 298
119 84
288 208
271 78
212 97
255 192
133 21
163 142
182 99
301 16
108 46
113 88
165 321
98 263
221 146
290 153
91 120
300 90
327 283
167 186
91 134
89 223
154 251
12 335
61 24
62 168
134 238
319 298
270 65
208 139
274 209
3 77
328 15
230 14
297 45
264 99
178 352
33 43
315 108
25 87
132 151
319 329
36 285
274 306
61 194
156 47
50 158
187 90
236 64
167 244
172 78
342 61
142 22
103 168
130 192
318 325
342 284
301 89
281 286
106 53
127 261
163 241
131 349
42 14
61 208
258 296
350 247
5 203
333 107
82 110
298 47
146 287
43 158
24 323
91 129
87 282
102 250
234 232
310 275
309 18
194 214
314 255
173 30
105 217
136 186
38 82
297 183
80 339
340 167
21 142
8 107
71 109
68 16
52 26
290 8
107 196
286 132
98 170
161 267
34 297
164 71
90 108
253 169
94 304
336 114
157 343
285 228
99 352
243 214
89 245
221 196
152 154
327 249
323 136
227 68
80 39
138 169
146 102
49 240
117 32
65 274
86 61
213 184
61 103
45 149
59 330
56 210
195 31
171 230
166 45
297 309
83 147
189 229
248 237
180 13
333 308
350 66
17 210
314 141
24 70
1 83
47 57
4 242
87 174
183 316
283 127
336 13
273 236
305 233
120 196
309 164
152 306
230 232
163 191
20 186
260 84
332 19
140 336
324 290
221 154
317 151
344 12
228 329
247 180
209 15
88 165
178 239
118 119
182 344
309 265
177 281
348 221
11 136
204 334
137 72
199 102
287 190
113 162
166 8
341 86
86 76
250 327
26 79
94 271
70 114
183 311
106 179
243 116
314 94
97 98
229 7
263 163
197 24
324 74
95 25
160 180
164 57
218 254
200 23
172 333
137 67
3 306
245 245
70 270
338 230
79 279
237 342
89 81
77 125
154 235
213 25
126 24
82 343
341 345
14 225
325 214
291 40
167 183
284 236
164 334
178 242
260 62
295 60
206 83
248 71
317 108
96 90
196 241
145 184
233 222
120 269
83 58
308 313
304 240
261 115
221 86
69 192
211 75
251 64
158 211
134 186
318 293
340 225
181 196
57 125
65 240
42 211
298 61
235 313
300 143
140 232
292 208
135 150
346 98
277 215
308 123
49 273
63 36
146 244
231 266
16 7
217 121
217 162
182 99
187 193
306 326
137 245
245 271
107 238
16 31
165 35
153 213
20 216
312 229
171 254
142 250
260 70
19 188
232 264
350 130
104 303
103 304
260 59
287 14
8 14
108 172
49 325
96 68
188 55
296 70
308 149
319 279
218 49
178 161
312 176
290 128
190 104
143 97
226 77
174 234
91 282
117 203
254 213
270 153
267 277
286 287
73 252
277 2
13 103
163 36
278 164
227 115
332 18
276 205
158 97
150 248
90 267
162 343
191 79
207 169
67 140
103 139
104 92
205 116
194 15
215 183
242 90
297 221
107 284
138 328
29 287
224 118
265 97
173 103
240 27
272 306
167 86
157 334
177 9
97 18
87 311
200 328
112 209
197 218
204 46
194 232
332 129
62 245
289 234
59 176
324 330
130 202
128 286
183 304
294 343
34 28
14 297
67 125
217 327
55 69
20 312
300 352
152 73
308 88
18 78
264 342
120 41
255 247
38 86
198 43
140 295
134 153
240 200
278 104
175 332
172 258
291 184
257 154
320 276
241 338
66 152
39 185
256 293
79 5
90 340
47 230
283 180
30 234
92 307
49 330
350 285
235 352
180 204
153 147
191 106
196 256
257 234
88 225
175 166
229 328
218 276
205 212
167 235
93 322
253 141
299 315
73 182
314 252
97 179
111 287
284 306
191 252
188 278
124 74
156 65
49 85
340 254
296 218
200 36
188 100
240 134
126 313
27 152
276 123
330 34
122 325
340 312
224 239
301 60
312 168
124 72
252 175
37 195
40 236
294 291
48 182
137 173
206 163
324 129
350 13
163 119
49 150
142 273
36 154
44 59
34 167
194 285
53 231
192 156
178 197
95 289
26 231
110 231
105 145
8 166
222 234
348 270
95 137
254 194
3 9
252 36
239 93
320 291
35 223
95 213
68 189
149 157
131 322
36 235
179 107
113 112
340 108
93 82
245 59
339 311
67 238
346 306
42 25
308 141
248 50
65 27
302 277
183 144
247 282
91 137
36 203
312 87
310 52
232 266
110 218
224 241
167 217
258 273
306 213
61 265
327 125
291 340
49 121
132 7
115 222
207 150
72 230
301 93
282 180
7 103
110 230
55 276
159 312
260 112
237 320
24 211
156 26
198 269
210 41
339 324
262 258
186 45
135 134
138 128
25 208
295 198
149 349
186 307
21 93
130 257
125 217
115 280
306 24
260 164
65 311
135 38
216 32
83 62
229 284
190 254
139 132
99 287
192 284
306 212
89 147
116 213
76 294
204 29
30 112
192 158
134 39
195 349
70 341
58 299
336 247
264 122
90 74
121 282
70 138
205 158
284 33
82 7
326 285
100 67
108 291
224 241
41 131
301 175
119 7
185 103
317 96
288 119
233 120
112 302
257 316
171 253
348 252
323 34
249 70
100 4
73 36
309 113
166 257
287 348
327 119
98 4
278 98
122 159
217 233
172 186
260 343