2
384
106 40
298 318
354 278
333 35
185 4
198 222
347 41
161 198
227 262
8 146
132 288
242 224
48 325
79 54
14 198
254 375
237 168
181 78
317 129
112 374
4 181
211 350
222 371
35 320
121 43
81 252
330 323
347 250
135 41
175 148
239 44
11 347
211 191
41 16
191 24
5 194
205 215
31 42
73 322
361 65
364 313
316 181
123 278
46 257
191 220
277 301
136 287
263 346
349 175
233 27
199 237
220 275
323 122
316 12
59 164
332 294
348 264
91 343
29 8
87 219
100 363
135 235
137 270
68 357
60 301
383 258
25 218
148 348
212 335
231 270
370 178
180 206
313 142
36 342
149 122
176 120
357 183
354 365
68 294
338 127
210 336
257 234
42 276
69 253
99 299
10 340
349 189
161 277
202 196
234 223
190 282
342 162
80 184
142 19
93 351
145 174
303 273
279 216
37 220
84 135
134 93
346 354
154 123
247 227
190 352
65 251
249 279
28 200
78 42
218 42
8 235
87 182
379 365
13 31
200 352
37 206
317 383
47 342
377 165
184 182
5 249
305 125
15 204
325 92
245 30
5 125
264 91
178 131
327 63
161 15
30 70
92 218
68 10
175 60
175 359
113 179
95 33
303 109
237 115
72 353
145 76
349 280
38 15
26 236
77 59
250 106
128 213
196 195
223 370
126 269
344 110
63 310
143 237
34 251
352 361
91 368
52 56
263 345
70 161
197 18
219 318
379 218
19 190
28 113
176 25
381 7
134 315
317 148
39 222
14 262
71 361
245 378
32 380
339 357
156 23
374 374
212 240
207 230
46 106
342 221
2 210
227 135
12 31
283 51
125 168
312 195
144 173
188 47
168 14
275 195
36 136
56 248
376 134
93 37
111 307
129 112
132 355
246 16
258 16
66 254
56 377
64 199
37 123
118 76
137 8
270 172
144 325
35 135
330 384
43 56
178 171
167 181
13 285
196 270
300 261
11 227
126 74
42 162
69 31
110 205
38 251
248 53
192 283
59 137
154 101
65 203
271 231
383 156
131 195
297 303
327 308
145 68
253 58
102 321
88 83
141 382
333 5
50 12
159 109
21 184
81 85
2 224
315 384
379 318
66 291
108 265
214 252
204 83
182 305
275 141
259 32
138 208
292 188
219 66
168 239
121 248
323 122
87 126
377 337
59 315
244 166
195 329
289 14
27 86
191 302
99 65
205 236
272 112
295 107
49 78
345 169
198 156
162 156
281 26
109 339
340 224
376 22
168 152
36 67
110 98
240 208
162 60
59 306
43 354
28 347
303 244
3 372
271 164
16 167
189 380
377 17
219 240
38 258
8 329
324 117
42 179
324 204
110 254
381 24
95 280
370 14
139 372
257 282
23 272
320 84
139 313
100 357
40 9
103 47
338 42
35 379
93 230
70 74
100 66
98 194
345 83
79 356
327 336
253 349
95 188
48 234
372 19
78 284
284 180
330 237
94 237
103 186
82 173
259 53
110 356
247 71
311 325
42 253
148 166
89 243
225 9
348 85
27 41
368 310
93 185
34 186
293 137
371 375
181 117
43 290
345 161
360 143
102 273
11 121
310 355
363 151
363 198
107 262
111 346
59 203
146 93
4 55
101 246
301 281
234 343
186 194
376 162
208 93
306 218
213 232
61 64
254 39
133 232
172 243
193 231
317 338
195 320
264 295
53 180
63 159
11 248
224 2
281 48
350 203
137 50
306 197
369 47
108 118
278 279
232 86
381 165
295 191
356 175
357 281
226 35
55 108
155 278
365 51
325 330
125 78
252 302
146 236
348 253
225 241
148 329
198 144
109 109
207 80
155 179
360 252
86 286
360 240
180 340
162 376
158 159
69 25
76 87
132 40
339 229
152 358
173 222
374 153
330 196
232 356
246 80
223 331
365 70
58 32
26 220
24 55
378 92
335 325
50 338
236 5
182 260
362 226
97 351
378 298
34 98
269 280
177 363
98 29
49 156
61 330
247 84
384 112
47 206
308 97
159 160
357 213
35 206
54 131
173 48
300 78
145 184
229 193
162 327
93 210
354 153
155 88
108 26
199 27
231 122
379 262
153 351
90 187
172 143
189 216
62 104
166 78
159 10
142 321
336 235
18 177
259 45
264 239
326 334
265 173
328 131
50 96
353 11
155 12
153 215
228 87
191 265
164 349
274 306
157 98
28 47
274 286
347 26
12 288
231 148
332 174
278 253
142 246
263 168
258 288
254 357
374 60
237 25
281 382
202 309
95 229
227 241
3 189
138 14
93 368
162 296
30 55
165 43
173 43
82 46
330 335
274 319
267 382
344 163
379 161
343 346
262 186
74 264
246 211
149 338
66 310
250 351
237 286
9 281
328 90
198 274
297 87
80 179
84 295
213 334
328 171
295 205
228 240
340 90
66 104
299 4
286 36
354 10
321 235
290 265
196 103
26 108
189 105
286 144
16 114
349 343
157 260
163 384
115 374
345 53
93 260
312 378
295 281
3 232
3 164
112 199
266 137
306 326
113 208
341 128
193 306
342 221
53 120
221 167
109 181
91 74
312 18
323 223
171 198
70 173
361 53
371 115
61 293
56 173
372 13
173 52
190 130
273 242
122 365
280 102
33 371
175 345
260 114
183 46
183 124
91 159
48 77
273 364
241 201
152 100
85 196
152 274
326 296
131 63
276 26
164 180
268 211
140 144
196 194
61 378
189 151
24 108
100 169
87 340
369 239
312 69
50 79
342 247
246 344
309 9
369 345
188 125
43 328
268 238
9 328
103 198
351 126
305 66
294 8
21 150
118 332
218 39
282 47
286 15
6 82
23 247
298 211
243 340
154 126
193 162
325 167
231 291
293 152
356 74
31 249
224 148
68 57
58 222
360 215
236 237
297 131
355 82
341 213
38 366
338 102
15 151
269 246
57 177
269 285
250 171
21 345
190 88
18 247
181 249
78 289
101 246
35 328
327 375
156 364
228 366
338 242
132 222
359 60
270 115
216 7
285 236
352 90
196 241
209 376
105 158
152 77
19 186
20 217
48 176
69 275
157 22
5 160
115 235
219 384
350 307
6 122
158 229
84 225
85 164
217 61
321 240
138 211
42 29
299 345
204 367
108 232
260 112
263 374
218 354
245 55
276 123
177 49
351 260
274 52
39 362
112 231
89 121
57 130
150 355
347 225
210 70
329 85
53 207
331 270
176 191
197 323
313 373
244 280
120 5
203 30
366 186
260 326
307 188
72 328
30 290
168 239
359 368
196 283
63 142
40 110
204 236
49 5
96 292
284 215
296 358
244 149
159 375
90 337
50 33
280 80
322 320
190 168
175 1
322 237
14 362
347 218
85 267
222 181
174 377
11 341
222 127
105 380
373 66
205 39
99 356
118 292
163 307
332 338
180 269
62 193
118 24
282 203
162 119
255 335
367 137
163 204
263 267
72 124
205 276
162 303
119 151
82 282
73 29
235 124
170 168
317 287
192 214
361 225
205 231
48 187
368 210
7 118
349 334
241 169
225 18
343 343
168 40
112 113
69 346
108 110
130 40
12 193
126 373
289 330
91 336
4 74
162 266
64 126
215 304
294 311
194 252
142 233
163 253
217 103
87 325
212 88
364 224
152 361
84 56
178 46
8 182
376 169
319 55
166 150
358 331
332 39
70 89
272 232
342 104
335 44
44 34
131 280
257 154
128 212
209 306
130 216
359 121
256 293
175 293
314 20
239 262
59 308
350 202
28 307
177 234
222 93
267 224
244 12
377 371
95 74
164 224
289 138
344 33
47 134
325 232
26 180
109 340
359 75
157 258
253 333
107 347
41 374
186 284
257 51
143 351
124 306
191 284
60 150
316 362
156 129
209 53
308 318
8 154
264 164
28 132
368 134
350 25
379 24
180 251
74 322
90 69
244 280
352 175
301 156
152 328
284 232
380 79
37 3
232 300
38 131
304 22
137 269
302 131
292 97
254 237
35 343
177 278
110 145
68 282
172 91
98 71
194 93
21 231
352 124
18 261
255 193
282 7
78 199
9 241
296 134
350 202
348 142
351 73
158 290
227 201
380 324
143 189
32 163
291 255
287 309
132 157
117 285
35 66
100 43
179 267
49 16
84 12
29 50
85 59
211 183
259 206
122 18
266 25
52 45
280 338
225 283
366 213
183 272
279 154
187 329
36 235
216 375
246 244
296 202
302 122
384 49
199 121
322 337
18 373
381 169
199 221
67 52
49 249
324 199
275 126
15 310
360 102
173 93
346 84
295 135
78 294
55 276
287 376
100 304
237 96
88 51
188 26
102 109
146 297
179 36
38 66
218 269
167 6
362 384
345 144
7 294
309 61
58 211
309 157
2 161
125 345
211 312
242 184
292 4
97 343
39 6
24 128
275 62
5 124
62 350
267 68
259 191
384 316
274 308
345 147
84 85
364 166
268 221
222 176
224 190
6 135
195 29
262 341
90 267
336 151
104 218
90 234
281 90
38 42
269 382
188 225
338 167
6 221
260 99
268 99
288 273
105 355
173 239
311 263
377 263
285 96
352 247
201 120
208 238
161 92
107 221
316 60
259 194
153 134
292 36
105 68
181 209
38 353
63 220
103 55
98 260
22 322
122 223
57 329
332 90
292 55