2
448
95 396
3 156
428 327
118 172
395 96
117 332
134 154
444 174
186 92
176 206
114 217
48 129
115 282
376 278
52 73
313 18
20 316
174 447
66 163
42 12
131 30
344 264
184 211
310 369
302 37
446 415
125 45
415 240
199 214
69 250
286 382
267 177
121 440
48 186
27 89
197 157
119 412
292 302
175 153
94 348
189 91
187 186
7 153
425 205
239 45
6 76
298 145
125 418
136 172
27 34
132 224
62 250
187 354
423 233
378 388
133 119
350 319
176 357
343 152
433 133
68 439
81 366
135 77
207 142
248 106
48 379
201 109
53 259
334 347
44 264
287 48
254 188
366 429
416 132
132 401
137 199
263 89
436 269
165 67
282 412
172 329
214 372
310 138
182 195
37 97
10 323
144 135
382 61
115 350
65 118
302 201
317 116
289 176
256 325
114 89
160 285
418 373
80 279
63 134
345 99
230 355
293 374
361 226
306 28
127 370
145 300
442 333
287 154
381 94
30 46
183 189
331 152
434 282
302 368
415 198
338 197
424 182
122 337
407 299
236 406
221 380
257 86
137 416
240 69
61 269
114 243
10 316
266 315
150 439
234 436
189 123
184 36
304 177
372 134
28 31
91 120
411 220
205 99
187 444
39 119
265 152
234 146
340 371
12 41
362 245
28 422
239 84
9 94
260 253
99 159
283 190
278 117
281 35
87 339
30 125
9 166
277 114
183 168
37 194
80 398
310 427
243 100
382 123
65 194
375 164
352 82
225 54
70 377
88 157
267 437
281 147
155 429
261 337
148 169
403 99
438 136
398 232
236 331
354 172
396 153
207 172
106 431
225 175
359 312
331 49
300 164
196 6
144 328
215 164
48 169
134 37
304 83
140 411
286 365
7 233
69 213
404 46
68 180
221 426
363 103
27 87
138 94
412 154
421 178
317 340
218 322
248 394
405 259
356 114
175 234
346 116
447 174
161 66
225 381
363 12
356 261
98 45
354 61
198 198
239 386
89 8
260 208
273 88
18 181
201 193
414 418
180 284
143 340
349 240
273 264
251 52
76 348
96 302
408 166
51 70
103 12
398 234
91 222
321 109
274 393
173 112
363 352
395 377
115 168
168 259
303 290
310 250
189 406
103 21
123 26
90 97
357 359
331 447
133 75
427 406
20 23
69 254
246 16
182 361
183 222
171 357
63 353
158 124
310 261
144 304
158 105
272 66
16 26
384 148
101 235
425 440
257 46
245 375
381 426
159 435
71 201
343 134
105 372
129 286
184 272
141 341
248 413
278 263
310 86
282 410
320 259
401 448
176 197
374 428
47 84
286 117
285 52
122 261
423 250
99 31
393 239
243 193
75 393
327 385
30 161
218 349
291 171
348 338
239 146
189 157
101 346
146 385
397 267
70 243
389 168
273 333
406 388
397 353
332 276
161 361
308 378
133 150
420 32
359 83
49 99
239 150
316 256
406 136
395 27
378 335
194 75
91 24
14 40
376 345
187 408
129 46
209 261
67 181
164 425
135 213
395 373
362 262
53 319
397 447
346 198
333 91
272 423
114 157
334 361
373 72
192 53
437 401
185 55
5 349
31 139
113 297
383 346
110 435
216 378
433 433
128 317
396 271
164 381
428 369
166 352
313 357
277 301
309 13
356 313
233 258
323 217
107 258
114 88
244 202
18 229
186 17
417 5
287 4
386 138
373 103
362 109
11 190
409 192
74 316
376 179
126 251
395 104
60 61
191 175
134 208
403 191
96 244
196 383
247 133
392 43
107 305
151 437
366 432
180 312
171 108
42 168
230 436
271 289
368 14
15 53
93 290
244 189
85 439
443 203
443 386
118 101
243 268
89 32
123 141
343 294
120 384
13 349
244 284
61 163
297 395
216 389
236 11
1 192
321 443
267 187
381 384
287 47
75 247
398 198
387 293
43 378
100 55
278 343
210 338
58 58
285 145
319 392
27 191
8 347
186 274
405 438
81 243
356 155
361 305
224 172
21 266
101 121
193 379
335 402
140 392
332 424
408 74
240 434
264 247
204 321
72 160
310 152
274 217
178 187
394 402
358 414
91 10
86 155
260 421
429 400
236 184
247 196
257 38
53 392
156 257
265 99
416 446
122 114
87 300
300 32
125 209
445 87
90 403
114 350
375 94
173 34
149 419
101 277
329 154
220 356
282 356
7 249
354 128
234 440
427 85
23 423
165 339
382 255
293 47
28 91
12 72
125 160
362 97
436 114
250 79
22 83
435 28
204 212
155 437
203 6
394 97
300 110
435 233
236 152
279 135
242 290
206 238
321 120
335 308
105 8
259 126
91 245
153 166
8 180
26 82
185 419
50 36
401 356
269 188
59 419
323 173
133 400
410 5
391 296
185 48
176 443
173 138
239 198
303 118
377 200
71 433
43 120
20 443
347 160
182 406
3 376
130 135
200 91
139 142
259 323
189 306
189 234
443 299
431 297
416 231
368 358
215 410
349 106
404 248
138 10
205 140
257 206
274 8
168 412
150 298
159 210
155 347
315 149
198 169
317 37
399 237
395 165
70 295
143 26
414 280
355 170
419 163
375 244
43 95
79 64
264 109
273 419
8 12
119 77
180 436
433 131
96 379
167 165
98 309
62 63
140 416
105 110
3 351
225 45
317 176
108 133
284 252
103 163
263 93
111 443
80 96
445 47
346 163
84 315
24 145
250 35
433 354
145 435
256 241
351 445
416 330
129 124
133 103
286 268
195 269
134 147
364 130
193 261
164 276
448 59
293 249
94 277
154 110
135 281
350 37
277 190
238 277
313 370
379 22
61 126
162 194
272 77
195 336
210 231
164 209
289 8
9 382
156 34
43 162
314 265
198 15
6 307
291 190
228 222
83 161
219 245
226 42
193 421
377 402
75 412
162 363
291 42
297 318
75 211
31 261
27 100
147 352
406 437
413 58
82 48
218 300
164 443
213 356
287 14
310 361
425 343
276 140
257 444
9 203
78 40
15 105
139 161
328 97
22 293
154 423
340 371
147 55
237 231
410 76
244 143
436 93
358 135
232 166
2 240
368 80
279 255
184 418
287 383
386 308
227 91
155 118
333 301
44 121
83 326
68 199
340 56
291 249
62 74
286 64
313 78
143 16
332 198
305 42
132 242
222 359
332 376
348 88
100 264
208 54
13 276
252 352
203 94
25 136
39 310
199 224
259 213
239 14
282 95
56 414
336 277
196 91
76 415
50 175
102 257
228 114
404 352
18 30
445 42
166 356
223 236
131 354
321 369
367 154
335 294
439 94
442 58
56 69
345 105
115 446
361 215
112 189
118 1
90 434
362 255
341 136
363 23
361 235
263 152
260 149
445 251
114 439
180 169
379 76
273 366
74 58
132 185
246 121
185 207
426 98
14 319
105 376
213 338
34 348
41 293
368 37
415 34
347 147
202 150
222 347
67 295
404 70
351 73
190 87
279 167
56 164
357 33
411 442
370 444
341 410
289 132
318 255
165 217
401 239
238 47
137 304
341 92
245 244
36 434
202 314
24 130
30 253
162 440
246 83
308 10
44 20
141 233
274 178
1 99
416 238
17 424
413 357
67 209
24 422
66 98
287 410
227 188
214 260
52 331
342 359
212 257
378 224
41 75
401 362
45 240
23 61
215 436
290 153
68 185
126 6
282 285
415 380
24 52
191 75
254 404
305 17
84 234
240 125
181 65
358 225
304 380
286 391
239 447
95 179
183 93
184 17
377 22
396 400
73 11
347 198
414 203
214 50
309 325
46 41
261 403
137 437
206 294
379 317
292 25
47 347
437 102
363 365
123 182
189 67
64 87
264 30
161 349
399 341
97 444
253 358
270 390
218 347
107 148
215 399
44 261
297 33
234 83
397 356
136 137
294 200
95 429
101 128
201 51
20 298
366 273
79 187
86 296
85 64
315 172
14 358
304 182
390 90
136 211
317 144
219 163
215 314
15 315
313 216
365 332
385 154
28 15
340 433
182 296
49 48
19 382
405 323
436 219
284 443
301 152
138 71
314 352
256 201
218 120
416 6
324 352
31 351
238 370
208 419
90 256
338 428
189 294
302 48
384 137
43 108
161 52
179 346
404 434
98 45
426 65
371 301
416 401
75 205
195 282
47 284
89 384
135 150
102 309
69 357
445 111
17 29
163 195
375 438
52 24
34 349
409 276
201 376
229 276
5 295
429 371
2 70
307 136
91 280
444 159
188 313
142 204
341 304
270 267
165 194
291 198
94 251
346 167
50 126
442 374
420 422
169 421
363 347
428 325
178 424
36 237
288 49
441 180
224 134
319 388
327 33
137 293
155 34
11 204
31 324
2 322
297 42
166 84
388 146
280 117
441 187
353 280
235 217
331 10
223 201
397 101
233 406
393 259
311 403
335 214
278 336
87 447
377 253
402 188
270 233
304 262
420 80
413 78
169 295
88 391
368 36
363 24
313 308
283 176
134 169
389 284
376 27
154 176
151 427
363 292
211 90
425 54
169 389
132 209
108 91
151 27
126 386
370 439
117 76
38 250
244 426
405 43
324 430
218 347
408 132
62 43
93 39
96 134
299 99
342 406
189 365
304 187
302 226
49 418
173 86
91 417
383 368
11 130
349 101
348 309
104 410
351 197