2
512
95 76
323 220
364 327
118 364
395 480
437 140
390 474
124 174
186 156
304 462
114 217
368 65
371 346
504 150
436 457
377 18
20 188
238 383
2 355
234 396
323 158
24 200
120 147
374 305
302 165
254 415
381 109
479 240
455 470
389 378
414 254
395 433
441 120
304 442
475 25
325 285
183 348
484 302
495 345
94 284
509 347
187 378
455 153
105 397
111 493
262 12
234 145
445 162
264 236
91 226
260 416
510 442
251 482
231 233
314 324
5 311
158 191
176 101
343 280
497 453
260 247
465 494
391 397
143 142
120 234
368 379
137 365
309 387
334 27
108 136
351 112
446 508
302 109
96 132
388 81
73 135
327 25
116 205
421 259
346 28
492 201
406 116
54 202
502 387
229 97
10 67
208 455
62 509
51 158
129 438
238 201
61 52
225 176
256 133
434 89
160 413
290 53
16 343
255 6
217 483
102 227
37 310
169 98
306 220
255 434
145 492
122 205
31 346
381 286
478 302
375 125
203 152
178 218
494 432
223 198
402 325
424 438
122 81
23 427
300 278
349 444
257 470
137 288
304 5
61 269
306 435
394 508
74 59
214 55
490 436
253 379
248 164
304 369
244 326
284 31
91 120
475 348
77 99
123 380
103 183
137 408
106 18
404 179
76 105
234 53
28 486
431 276
137 222
132 381
35 415
411 126
22 373
473 99
471 83
478 61
265 102
469 370
119 360
37 194
464 270
246 491
243 164
254 379
385 386
247 420
288 146
33 310
6 505
408 477
75 373
25 339
475 493
197 81
340 233
275 291
502 8
270 232
172 11
98 44
396 345
463 172
490 495
481 495
487 376
459 49
236 484
388 198
464 72
279 292
304 41
70 293
48 339
12 219
350 109
263 233
453 213
404 430
196 372
413 170
235 359
219 471
330 94
156 282
165 434
61 468
474 130
248 10
469 259
228 306
367 490
26 308
191 430
225 386
289 125
43 12
484 261
482 301
354 125
70 6
47 130
473 8
260 208
17 216
466 245
9 321
222 34
116 412
463 340
285 240
465 328
251 436
76 220
224 430
344 294
435 390
423 396
398 170
91 414
385 45
146 393
365 368
427 480
267 377
307 40
104 259
367 354
182 442
61 406
359 405
187 282
282 97
165 167
267 255
69 139
299 214
20 151
69 446
118 336
310 425
375 414
171 229
255 353
158 316
246 5
208 432
286 489
16 450
144 282
192 212
421 491
425 440
129 494
373 247
317 170
159 179
71 329
407 326
169 52
129 414
56 336
333 341
312 349
278 455
118 470
154 26
448 67
465 64
48 325
310 364
495 468
30 53
285 436
378 453
487 506
355 31
329 175
371 129
11 137
71 129
94 225
154 29
291 107
92 338
431 402
189 413
357 218
466 129
141 331
70 115
325 424
145 141
86 4
269 97
140 340
225 233
52 378
261 342
484 352
167 403
241 355
303 86
60 256
214 200
75 283
314 399
194 459
27 280
462 296
376 89
123 88
321 174
465 69
3 437
420 169
327 149
11 117
234 70
373 447
269 447
218 70
333 411
16 359
178 477
142 41
53 264
128 373
437 81
441 439
5 349
95 331
497 105
447 218
174 307
152 442
241 369
512 61
268 15
420 445
492 49
486 32
313 101
405 237
181 333
164 185
169 258
3 153
363 450
370 24
244 10
466 485
378 465
33 133
479 452
66 458
501 39
490 301
139 382
25 320
202 188
504 371
446 507
11 296
444 381
319 175
390 272
147 255
224 180
388 191
119 453
136 107
491 113
407 117
494 432
436 184
107 428
42 40
422 52
335 353
432 142
15 309
413 162
52 125
341 439
315 459
379 450
54 357
51 460
473 32
379 397
215 486
312 256
13 221
308 348
61 227
489 75
24 389
236 75
1 64
1 315
11 379
253 64
223 303
11 183
334 390
67 37
363 378
292 375
86 87
210 146
314 186
221 337
63 456
411 63
8 411
378 18
277 118
81 499
420 91
169 241
480 236
277 330
101 57
193 187
143 402
332 456
76 40
280 138
496 178
200 503
76 65
8 352
182 88
338 89
178 507
330 146
230 94
475 330
150 155
4 293
45 336
236 120
375 4
257 358
181 456
348 257
9 355
96 190
442 434
279 108
428 96
253 145
189 215
474 339
370 478
119 414
301 354
21 163
357 277
9 26
220 356
282 228
199 377
418 128
298 184
235 213
279 487
357 467
190 319
293 47
284 411
460 72
253 480
234 97
244 242
122 463
86 403
179 284
268 84
411 53
267 134
266 33
108 110
499 297
428 280
343 199
178 290
270 430
257 504
15 500
233 136
451 318
27 117
89 294
200 500
346 466
121 99
498 228
209 484
13 124
251 355
323 429
133 80
346 389
71 360
377 304
496 315
109 10
431 198
303 118
185 136
71 305
235 56
20 443
27 32
54 278
387 376
194 7
456 27
395 14
387 259
317 370
61 426
379 491
111 169
96 295
304 166
87 26
221 106
468 248
138 10
13 12
385 206
18 328
232 412
342 106
159 146
475 219
59 341
198 169
509 293
463 301
459 37
326 167
143 282
414 280
291 426
291 163
119 308
491 351
207 320
456 365
465 419
72 12
247 269
180 244
49 131
32 507
167 357
162 309
126 63
76 416
489 366
67 95
161 45
445 368
364 389
220 316
295 291
327 29
47 507
272 96
125 303
90 291
148 251
88 273
314 163
177 290
17 243
384 177
287 317
32 138
193 252
453 487
30 268
3 77
262 275
172 386
65 261
164 212
512 251
485 313
414 149
90 430
391 473
94 165
277 126
302 469
377 242
443 406
509 446
482 258
208 141
131 272
402 295
484 401
33 456
201 446
92 290
363 482
250 457
134 15
70 435
483 446
164 414
339 161
347 309
418 42
449 37
313 338
331 284
226 363
227 426
297 318
203 147
287 453
91 420
467 160
342 437
93 506
338 432
154 172
228 59
213 164
95 14
502 425
297 215
276 12
129 60
329 331
206 104
271 297
11 225
456 353
150 37
346 487
468 499
147 183
45 359
346 140
372 335
52 157
38 327
168 166
386 496
496 80
87 255
376 98
479 319
450 116
355 283
91 310
269 237
492 313
83 326
452 455
148 504
99 185
318 266
350 192
249 334
271 336
76 134
433 42
452 370
158 295
140 248
92 408
484 72
208 54
397 148
508 32
139 94
217 456
359 54
135 96
387 405
431 462
26 351
504 478
208 149
260 347
396 351
242 367
422 449
420 306
84 416
338 222
509 42
166 356
95 300
451 482
193 369
431 218
207 422
183 414
58 442
248 453
281 489
307 190
425 215
496 509
118 321
218 114
362 383
469 456
171 407
425 363
263 344
68 469
253 251
370 311
180 105
251 460
81 46
138 506
260 121
502 377
441 207
490 290
78 447
233 248
341 146
98 92
489 165
48 229
415 418
27 83
10 278
30 91
323 167
84 70
287 73
446 215
279 423
504 356
357 225
91 186
370 188
277 346
353 324
62 255
229 89
337 239
366 367
329 176
21 412
245 308
484 178
10 250
88 2
94 445
226 184
118 83
372 394
428 212
205 489
466 434
65 291
160 430
145 488
93 165
387 337
472 358
2 482
95 90
483 188
22 196
372 139
278 231
20 193
442 224
169 395
145 234
173 304
151 317
279 244
482 153
68 441
510 70
410 93
159 380
280 180
63 139
318 340
369 337
20 298
48 189
181 193
422 353
496 60
158 263
303 127
415 371
55 413
440 465
505 86
332 272
265 395
411 70
222 267
406 242
53 453
430 233
133 339
73 117
398 230
379 189
356 281
47 411
181 486
363 173
59 182
445 323
64 343
392 286
97 285
15 149
225 444
381 358
270 454
474 155
171 340
343 15
108 389
425 289
362 275
461 420
456 393
230 8
223 109
293 320
393 307
468 106
238 337
463 507
278 424
149 448
251 492
462 358
368 374
134 218
136 83
125 80
475 355
87 186
463 379
505 344
173 460
449 410
284 399
404 49
310 40
497 48
19 446
405 387
308 27
92 443
109 216
10 71
58 96
256 9
474 248
352 134
196 288
31 479
174 434
16 483
474 512
18 492
445 422
366 240
448 457
171 44
161 180
115 218
276 370
226 237
106 65
371 301
352 401
267 13
323 282
495 284
281 512
263 214
422 117
453 357
61 111
401 221
291 3
439 54
372 152
290 477
217 148
265 56
37 20
69 359
301 51
130 70
51 392
283 472
508 223
316 57
334 204
277 112
206 203
165 66
355 454
30 59
90 295
114 126
314 182
484 102
233 101
171 283
492 453
242 488
164 45
32 497
249 308
96 454
511 260
7 353
201 37
411 290
331 12
415 132
194 386
233 426
486 404
196 466
344 437
441 507
481 472
491 217
267 74
159 265
333 165
105 22
201 3
311 19
15 214
150 208
87 383
121 61
274 316
14 105
240 454
100 208
413 78
425 167
152 71
432 484
235 24
505 436
27 304
454 41
5 92
248 91
474 368
151 235
171 164
339 410
105 438
105 5
4 17
172 155
87 91
126 322
114 119
245 140
422 186
180 426
277 427
4 238
282 155
472 452
318 299
349 423
224 454
427 227
470 86
381 45
176 507
366 290
113 98
429 22
283 97
447 48
11 450
285 293
92 245
232 410
31 69