2
544
127 396
515 476
140 231
342 268
171 480
501 108
70 26
156 334
154 348
336 174
370 185
208 193
499 218
56 534
500 201
89 498
52 60
430 191
162 99
330 332
451 158
440 520
184 467
182 337
270 517
382 95
29 45
159 528
135 86
517 90
286 62
43 209
537 472
272 154
443 57
485 349
215 252
196 398
175 377
62 316
349 443
283 250
359 441
233 493
399 205
38 140
138 497
221 130
424 492
155 194
420 96
414 90
347 66
359 393
314 292
165 119
62 447
240 421
215 472
241 69
4 279
81 142
231 173
143 526
120 170
48 539
137 461
501 355
398 187
204 168
479 240
158 540
142 397
288 228
324 529
169 327
135 121
340 237
293 355
90 412
524 137
278 116
470 106
470 323
293 1
490 227
240 519
94 381
371 382
481 22
366 105
349 500
225 16
64 389
242 153
128 221
290 405
208 215
511 6
409 259
6 355
357 246
201 450
498 28
287 434
49 524
410 269
351 506
157 414
350 398
23 477
75 312
210 154
398 48
159 262
178 165
488 534
410 145
439 235
44 54
125 92
33 406
233 256
368 389
125 173
242 147
106 188
330 187
342 55
234 372
317 411
536 132
400 273
276 166
508 191
219 504
283 124
365 515
379 188
231 375
361 472
394 338
532 51
524 329
106 213
156 294
495 20
425 350
292 29
387 127
219 62
86 373
57 451
215 307
94 445
137 326
373 402
535 360
453 514
16 14
54 43
179 4
478 475
225 226
503 68
352 50
1 310
294 473
216 509
235 181
409 243
507 109
101 497
468 425
339 355
310 264
270 488
268 203
418 364
300 249
303 524
170 303
289 463
231 504
427 337
140 292
36 102
400 8
471 196
432 265
422 197
528 147
12 123
222 301
359 521
5 117
500 46
292 244
509 522
75 391
315 87
10 222
60 282
229 530
477 532
122 226
56 522
373 483
100 466
239 330
442 116
447 270
161 194
385 125
43 332
388 229
418 397
450 477
134 6
463 482
537 40
164 464
433 408
402 533
329 97
318 98
84 92
367 244
285 80
369 328
411 84
12 284
480 334
216 486
339 6
423 204
462 458
539 350
321 397
210 521
365 400
75 448
491 313
19 104
392 259
303 130
342 186
413 278
519 501
219 186
506 513
261 295
427 255
101 75
523 310
52 215
165 542
534 112
310 9
215 30
267 389
159 481
30 444
214 5
400 304
62 233
144 322
528 442
448 84
517 299
265 440
513 430
437 375
413 202
255 499
103 393
343 262
329 244
33 414
248 432
173 309
536 317
502 519
86 278
474 58
32 195
497 416
496 389
246 236
463 500
62 21
349 276
154 5
519 186
419 95
489 47
275 481
235 105
327 321
382 257
250 413
323 203
284 146
463 402
253 253
229 186
146 33
461 299
454 307
357 328
401 301
374 4
109 481
108 436
129 489
20 378
229 342
452 512
359 243
241 67
495 470
124 512
374 456
139 283
218 495
66 491
123 312
494 232
248 57
539 248
417 14
497 101
227 405
484 41
519 181
523 469
106 102
309 479
13 447
218 102
397 283
48 519
50 413
78 169
341 72
288 213
501 241
185 183
517 125
223 491
305 73
287 282
174 51
216 58
497 305
160 349
460 79
196 381
492 145
422 288
89 165
373 45
405 13
228 377
9 322
195 185
395 482
466 440
532 10
498 485
314 529
161 101
63 228
482 426
373 359
42 333
523 414
377 256
298 60
504 179
382 155
363 104
92 285
543 495
166 496
435 351
352 468
452 415
151 389
168 395
75 209
183 469
494 432
180 120
363 140
298 72
166 116
175 257
272 174
207 437
541 514
244 349
437 151
91 459
411 258
182 485
467 364
409 288
123 461
407 486
472 160
13 93
148 188
221 419
361 299
312 357
268 11
33 32
33 123
363 315
381 544
255 175
235 535
334 358
451 197
299 250
228 311
342 375
370 18
250 186
317 433
415 456
315 319
360 347
442 178
533 150
49 243
196 283
105 529
512 428
53 266
133 281
449 475
527 274
364 232
332 136
536 74
464 306
392 279
524 161
456 512
310 504
82 505
114 187
362 82
70 414
219 202
150 539
4 133
141 368
236 344
375 228
417 294
405 136
444 385
297 227
352 478
58 306
311 172
492 128
125 17
541 215
90 19
82 94
151 222
333 258
437 163
357 181
329 218
316 100
474 484
327 281
418 384
458 184
11 405
311 7
293 179
94 383
197 175
348 219
268 8
477 160
42 161
340 242
378 527
342 307
467 124
460 212
507 373
395 390
106 33
268 398
211 361
108 280
535 327
498 258
334 302
289 376
463 84
489 168
483 286
475 405
409 262
72 244
506 338
89 67
242 356
337 324
173 444
59 35
227 429
165 432
186 453
135 104
409 80
144 347
365 490
207 102
207 150
345 40
359 305
523 56
116 315
251 160
214 310
67 312
194 231
72 379
139 206
355 3
285 370
221 522
315 299
79 521
448 295
432 134
55 410
61 42
180 312
74 266
77 140
449 142
370 520
392 508
182 74
383 338
443 59
187 213
358 137
61 133
431 493
267 485
230 327
399 410
510 472
3 42
67 451
183 436
299 31
271 352
520 525
145 419
40 204
87 269
340 148
273 227
512 539
39 197
194 437
478 159
364 480
73 430
259 127
193 13
29 336
364 5
316 380
423 227
39 381
367 379
528 96
477 367
506 515
436 27
408 369
58 99
177 130
529 435
256 49
319 157
384 10
161 28
389 455
254 300
291 493
6 147
44 482
513 5
324 404
448 59
101 505
158 277
90 14
39 217
62 357
373 318
238 405
345 82
315 470
253 62
290 258
208 333
67 48
210 263
452 113
321 8
73 478
156 34
491 66
250 425
422 495
198 531
355 414
68 126
211 193
59 501
322 266
161 389
313 370
523 92
482 299
515 426
233 542
459 51
63 37
475 356
403 544
342 213
285 282
210 496
474 268
324 251
405 484
511 46
310 489
137 119
244 524
417 348
521 203
270 40
239 201
395 97
72 193
182 357
474 263
308 403
403 87
525 135
26 492
180 207
436 189
198 7
168 70
226 144
272 496
183 383
152 34
351 95
98 532
451 27
123 214
301 525
172 281
115 70
100 167
148 536
355 345
414 522
286 96
121 430
47 176
268 70
81 490
164 178
350 71
204 472
156 376
324 200
112 310
141 212
476 288
75 286
505 360
135 246
455 128
3 373
303 142
314 383
88 478
16 437
420 91
236 447
338 15
518 449
324 114
532 128
402 478
413 362
294 420
479 76
3 354
321 305
495 90
15 454
439 446
218 186
408 453
505 201
339 478
105 535
48 509
118 321
314 402
10 63
277 488
11 279
169 331
455 536
292 469
445 187
242 119
244 105
443 204
305 110
138 282
100 185
246 89
505 431
362 514
494 95
329 504
245 370
162 28
361 453
368 261
511 66
251 211
170 22
414 347
131 7
84 102
63 201
190 23
87 7
408 452
517 65
283 90
434 444
117 250
353 356
382 319
421 89
529 463
526 271
265 112
277 348
85 340
420 274
234 506
152 514
414 541
34 152
86 467
468 74
172 148
429 425
466 178
513 323
96 494
465 232
477 197
35 17
408 326
162 514
287 186
483 28
182 388
52 139
310 519
84 353
122 384
233 459
17 74
109 528
439 29
215 372
98 121
260 377
446 294
346 61
479 156
88 532
543 139
542 180
529 81
404 106
464 93
437 353
38 1
336 476
30 423
175 543
543 307
375 317
56 177
377 406
332 464
393 203
475 262
382 459
342 242
437 133
206 329
357 243
201 21
46 102
443 93
100 441
399 347
85 326
523 461
187 182
253 451
256 183
168 94
513 381
207 277
385 412
477 198
526 134
90 443
107 532
535 207
300 389
9 385
42 403
301 228
456 9
6 168
63 45
133 448
297 339
180 138
78 113
207 59
118 296
501 96
155 364
302 454
80 182
294 122
456 467
221 240
347 227
279 410
143 411
185 440
205 364
449 154
348 111
212 337
278 40
433 432
403 62
341 483
116 507
476 443
301 152
138 103
378 416
384 393
282 24
288 358
260 192
383 63
174 50
272 451
506 160
210 236
221 6
174 208
384 105
107 12
129 116
115 378
532 498
226 141
394 513
371 109
160 209
43 333
131 314
111 92
473 320
199 22
198 245
101 453
349 207
465 349
323 35
183 182
404 408
322 125
249 20
233 408
229 276
69 231
461 51
194 390
371 392
283 440
92 383
348 313
462 268
117 240
174 299
293 450
163 70
30 411
506 135
146 190
410 86
420 326
9 69
43 251
332 197
146 424
36 365
192 369
89 308
480 134
479 228
39 513
297 485
251 258
75 396
319 356
354 66
137 234
6 52
484 338
120 85
89 27
449 280
395 409
459 330
415 393
13 453
361 182
393 483
311 467
207 502
278 16
23 287
249 29
210 60
238 329
144 326
356 464
477 78
201 391
408 71
112 420
395 344
473 244
283 240
38 489
197 188
376 219
346 496
119 427
11 228
211 26
425 438
489 357
516 17
76 251
87 187
126 354
402 55
469 12
166 506
500 362
21 203
452 238
154 443
120 164
542 203
61 423
96 422
107 483
438 182
189 397
240 187
206 98
113 130
525 278
507 481
511 400
139 290
93 165
60 213
200 58
415 261