2
608
63 268
515 604
204 135
310 492
139 320
21 172
422 90
444 558
90 380
304 398
146 121
80 97
435 506
344 470
244 297
409 18
564 316
14 159
162 35
362 300
67 94
472 488
184 19
150 273
398 453
382 543
285 461
351 112
71 406
581 314
94 382
331 369
409 344
240 570
91 601
261 157
87 444
356 270
463 505
254 572
349 27
219 346
199 569
457 269
79 429
582 172
522 17
253 322
360 492
603 162
196 256
30 282
91 386
263 265
602 228
229 343
574 447
400 165
119 248
145 197
388 119
81 302
135 45
335 206
536 42
80 123
9 109
117 419
206 91
76 200
319 16
254 284
462 45
160 292
292 305
201 71
135 601
84 589
37 131
506 572
172 585
406 180
406 234
598 3
325 385
202 35
400 167
30 253
211 190
257 214
494 457
285 20
449 80
320 197
530 217
480 93
194 277
592 599
511 294
313 227
70 515
581 470
393 2
434 604
191 82
209 396
250 205
127 410
605 446
606 526
55 477
11 248
466 314
558 80
607 262
18 69
488 598
538 273
599 75
588 502
157 188
289 118
105 128
528 101
573 525
18 19
394 348
586 571
54 247
42 372
509 59
440 100
48 81
372 358
156 63
251 24
251 252
141 355
379 60
167 55
585 184
394 82
244 83
44 297
330 85
60 550
463 212
41 510
292 125
579 159
187 222
182 149
185 323
215 275
382 381
329 70
565 434
471 200
517 514
208 238
310 587
499 164
510 251
385 194
375 356
352 274
289 246
134 185
568 349
459 53
121 499
123 397
325 593
596 553
211 515
502 232
206 392
396 107
34 492
12 121
559 76
106 239
321 239
423 280
587 593
332 100
484 454
496 520
151 196
464 361
422 357
592 19
460 91
446 205
295 457
325 245
532 142
196 244
381 10
235 359
603 279
170 190
444 378
101 594
573 276
58 98
344 362
117 515
452 274
111 458
122 148
95 366
289 290
321 61
11 268
132 325
546 301
514 381
70 326
367 354
601 424
452 48
497 280
562 341
553 65
190 386
532 604
143 212
285 176
273 296
443 116
12 380
416 238
152 198
563 230
551 268
366 106
27 254
385 589
306 41
365 208
427 288
203 281
211 200
456 195
207 2
310 538
381 118
167 245
315 442
474 577
421 551
75 447
197 171
139 502
212 215
101 350
214 304
22 425
503 190
11 421
191 33
350 284
150 517
528 176
62 105
464 482
48 250
32 244
421 491
457 344
97 558
85 23
573 106
159 179
7 489
599 198
521 52
193 382
568 112
557 21
536 413
214 583
374 566
538 186
448 387
529 256
48 5
278 332
431 436
222 437
317 532
346 549
583 538
323 255
361 271
595 289
395 521
583 161
478 513
58 317
3 587
572 370
303 562
413 445
101 346
594 417
269 331
70 563
581 392
209 333
54 516
333 161
428 308
33 297
532 90
325 534
388 288
7 403
561 419
239 54
476 544
182 456
587 251
410 559
34 331
603 408
238 328
568 57
347 312
65 270
113 389
515 501
388 521
7 341
43 245
394 518
501 575
365 479
218 486
429 251
208 423
50 157
462 329
533 200
352 597
181 465
89 87
69 477
607 75
209 361
31 314
270 531
280 346
401 209
224 221
172 143
356 541
300 529
582 224
441 325
533 13
181 13
100 249
201 418
35 121
171 66
434 152
596 426
498 389
26 433
321 517
575 388
450 586
309 423
522 461
139 446
473 32
170 572
600 83
382 27
203 264
92 29
415 399
166 304
179 511
448 212
420 415
599 261
104 11
395 17
471 245
174 48
276 56
331 268
138 424
6 340
79 97
80 494
495 245
509 386
148 349
597 567
475 299
539 578
22 325
595 492
569 480
251 557
535 582
536 64
397 541
116 476
349 195
361 555
440 261
332 587
321 32
257 187
43 507
157 64
223 463
267 503
46 518
451 581
491 90
356 279
22 471
466 370
58 218
317 209
191 360
507 223
104 155
410 146
373 278
529 595
452 187
201 497
416 364
181 298
453 537
289 475
111 146
556 168
76 264
88 586
336 594
200 439
460 321
584 224
598 504
530 441
402 123
42 210
486 222
219 330
150 219
516 261
77 464
140 472
439 228
449 166
533 360
316 385
73 3
608 382
218 242
535 12
364 576
541 241
189 471
282 51
402 190
311 478
365 162
53 195
101 213
73 26
572 100
122 356
103 121
130 320
74 56
331 437
23 583
389 531
158 63
581 559
572 603
140 40
157 192
554 577
404 338
602 79
438 115
435 540
556 276
251 21
331 294
170 65
588 558
595 137
332 280
87 7
274 226
46 142
129 600
111 532
41 424
323 478
539 149
409 198
424 372
538 466
57 99
242 36
369 548
173 92
219 579
99 205
517 464
346 37
167 456
281 208
592 603
77 234
143 198
431 278
569 72
455 337
491 88
372 251
347 256
342 566
547 152
162 455
328 507
491 494
67 163
93 370
477 490
603 331
79 425
608 359
208 166
87 90
573 170
340 312
138 394
269 76
257 142
530 584
360 412
470 138
287 274
507 155
475 501
486 265
29 197
15 237
363 101
38 327
591 378
350 120
483 10
195 131
151 116
427 511
239 608
360 237
273 259
392 460
151 589
116 180
497 131
128 251
551 165
290 533
254 31
44 128
361 238
579 223
65 397
445 16
396 197
252 380
455 355
231 317
47 347
496 544
189 335
506 131
212 507
56 465
250 419
305 2
49 275
224 433
383 381
448 490
577 412
261 135
158 204
451 525
262 51
460 450
385 357
292 596
576 59
165 217
478 469
218 238
455 153
62 229
533 222
430 213
25 82
347 502
605 190
130 258
240 589
419 336
50 423
324 17
481 488
233 350
60 162
587 226
314 361
454 559
582 595
163 318
68 510
531 385
411 53
354 42
353 165
377 402
299 412
418 171
3 362
521 382
523 211
607 549
571 164
211 256
150 373
285 538
594 208
314 396
580 59
149 324
543 238
118 233
41 247
404 364
321 28
137 555
558 136
495 521
299 97
488 449
182 165
378 487
372 83
595 343
461 455
58 396
84 495
20 445
454 135
200 166
482 336
112 432
471 319
344 162
127 543
322 308
99 91
507 470
493 493
524 345
339 294
452 135
500 472
579 345
318 170
222 192
505 46
15 80
364 70
561 202
4 274
222 103
364 120
284 568
324 520
304 374
525 148
508 416
331 478
473 360
359 86
551 576
451 277
47 526
58 607
120 62
272 341
484 347
172 479
18 495
102 321
260 18
180 480
434 222
349 298
582 420
95 236
387 258
225 433
175 282
143 6
55 126
58 250
184 229
441 201
435 542
521 407
560 413
278 97
346 338
106 319
149 200
267 535
169 491
71 56
484 213
61 539
50 119
500 233
59 332
433 206
266 58
4 217
470 601
313 527
42 418
238 191
329 504
437 210
98 220
265 581
144 325
223 194
155 115
426 534
446 571
131 103
20 454
31 201
446 343
119 487
472 68
389 513
283 538
114 380
149 378
353 4
414 575
197 569
81 335
206 239
297 336
341 316
501 372
228 338
426 346
536 2
414 29
514 88
566 19
180 426
396 244
429 521
210 338
481 3
64 78
561 72
125 293
387 17
376 326
66 514
63 314
515 188
342 132
596 11
150 167
148 257
410 288
169 331
17 362
45 400
151 605
471 276
2 569
4 89
286 390
602 61
95 220
248 148
351 235
478 212
113 17
180 522
304 349
565 33
422 1
432 572
606 7
559 319
575 275
407 573
56 401
25 470
12 272
9 75
219 198
286 331
214 466
565 229
526 521
581 339
233 117
14 550
123 285
260 89
559 379
373 326
171 397
187 502
381 515
288 599
104 574
33 29
143 309
577 60
541 550
110 166
378 443
427 500
119 79
300 69
457 65
106 339
461 292
552 233
518 232
543 333
517 288
73 51
596 42
430 529
303 539
406 72
373 544
283 204
14 582
592 182
38 90
232 211
93 496
155 3
439 90
47 347
89 120
397 76
481 538
316 175
468 433
566 552
369 240
147 94
213 131
596 571
540 539
493 24
426 39
26 256
448 393
602 536
512 102
324 384
351 31
270 210
176 227
474 544
178 332
29 390
462 336
64 393
267 268
129 404
307 474
52 146
258 365
394 161
179 109
544 529
459 205
451 26
143 316
569 320
359 310
422 533
357 197
317 15
465 157
419 163
23 182
20 280
546 125
153 436
233 88
357 84
5 519
429 467
546 390
179 296
411 312
220 159
508 249
494 364
405 304
238 427
197 578
99 134
94 251
282 39
50 30
122 374
548 550
553 485
43 443
492 165
146 104
324 365
352 529
121 148
544 70
287 132
39 97
265 453
59 546
491 108
287 324
194 546
265 458
134 20
292 18
504 437
441 539
193 184
459 25
43 394
415 329
525 453
425 502
297 195
151 179
15 150
502 208
87 479
57 221
210 60
558 105
496 390
36 400
285 206
137 327
600 551
368 516
107 504
121 404
91 272
294 105
421 508
24 507
90 400
439 11
459 100
115 58
201 470
457 485
68 305
524 379
247 283
286 66
498 407
181 300
390 474
404 202
85 139
420 494
538 571
504 388
382 331
157 583
192 326
171 579
22 86
349 589
80 347
46 578
465 226
589 246
411 385
159 208
523 290
93 165
572 597
264 346
319 421