2
640
351 460
579 220
236 199
246 236
139 224
53 524
134 90
380 558
58 284
176 462
626 345
496 321
115 474
120 278
180 201
377 402
20 316
622 255
386 99
362 524
195 286
408 328
376 19
118 433
302 293
126 287
509 621
479 624
327 470
261 506
30 638
267 561
185 248
48 570
219 409
453 413
55 92
612 430
111 89
94 284
381 219
443 122
71 281
105 397
623 365
262 12
234 401
445 418
8 492
219 98
132 32
382 186
123 354
487 105
314 452
389 55
542 191
48 613
343 152
241 325
388 503
209 622
263 525
271 142
376 362
112 507
265 493
565 259
78 283
364 392
95 624
318 636
174 365
480 388
516 81
585 263
455 25
116 589
549 259
602 284
620 73
22 244
438 458
502 515
101 97
266 195
80 455
62 253
179 542
513 566
622 457
189 436
481 176
256 261
306 217
416 285
290 437
400 87
255 134
473 355
230 99
421 310
425 482
434 604
383 306
529 236
634 589
543 346
637 158
606 302
375 381
587 24
50 218
622 176
351 454
402 581
424 182
250 209
23 555
44 278
221 572
513 86
393 288
432 389
445 397
50 179
138 508
74 59
86 567
234 308
381 635
248 36
176 369
244 70
284 159
347 376
91 92
461 483
379 252
103 55
9 152
106 18
532 51
76 617
618 309
284 230
175 404
265 350
132 381
291 287
539 638
22 501
601 483
215 211
94 317
265 614
469 242
503 360
293 578
208 270
118 363
371 292
638 507
513 130
247 164
416 18
33 310
390 505
152 605
75 117
281 211
91 621
453 593
340 617
403 419
118 392
14 488
44 11
354 428
12 473
463 300
362 495
609 111
359 120
75 305
236 356
516 326
336 200
151 548
176 553
198 293
304 211
12 219
94 237
519 105
69 341
404 302
68 372
413 426
363 487
91 471
74 478
28 282
37 178
189 84
602 258
248 138
469 131
356 434
367 106
538 308
447 174
609 514
417 381
171 12
100 133
482 173
610 509
454 518
47 514
601 8
132 80
17 472
210 373
265 577
478 34
116 156
207 84
29 496
465 200
507 436
332 348
608 174
216 294
51 134
167 524
14 170
475 30
1 45
274 137
493 624
171 608
139 249
563 40
104 259
111 482
54 314
189 22
487 277
315 410
410 353
165 295
523 639
325 395
555 598
532 279
581 574
118 80
182 41
119 158
299 101
639 225
414 60
246 261
336 432
542 617
16 66
272 410
576 596
165 363
425 568
1 366
501 631
317 42
543 307
71 73
407 70
297 52
1 414
312 336
205 213
184 221
150 455
502 598
282 26
320 67
593 192
304 453
182 492
367 84
30 437
157 308
378 325
359 378
99 543
585 303
627 129
395 9
455 257
606 97
154 285
35 107
476 210
431 530
573 29
485 474
338 1
141 75
198 371
325 296
273 269
598 132
269 225
140 84
353 105
52 506
261 86
484 96
167 147
497 99
175 342
444 384
214 456
331 411
186 15
66 331
155 536
462 424
120 601
379 344
577 430
81 197
387 565
164 553
583 21
523 117
362 326
373 575
141 63
346 198
77 411
528 231
306 221
526 297
53 264
512 629
565 593
57 311
389 221
223 331
241 617
319 474
302 51
408 314
113 625
512 189
268 271
292 445
492 49
614 544
185 485
405 109
437 461
420 185
553 514
387 25
491 66
498 24
116 138
338 229
122 81
289 261
351 452
66 74
501 39
490 557
523 254
25 192
586 444
248 371
318 635
395 40
60 253
63 47
262 400
275 255
352 436
516 63
247 581
8 619
491 497
535 245
622 432
436 440
107 44
170 296
550 564
335 609
48 398
15 309
29 162
564 381
597 439
315 75
251 322
566 101
179 460
345 32
123 13
471 230
568 640
525 477
436 220
317 483
617 203
152 5
364 75
257 192
385 571
139 507
253 64
607 303
395 183
206 518
195 37
107 634
548 631
470 343
82 146
186 58
349 209
575 584
155 63
8 539
634 146
277 118
81 243
292 475
297 497
224 364
405 330
357 313
193 187
527 274
204 72
204 552
152 10
368 306
72 375
76 577
520 352
54 600
466 345
306 123
74 530
486 478
91 202
150 155
260 37
301 464
620 376
247 132
385 614
309 328
220 385
265 611
96 190
442 434
407 108
556 480
509 401
317 471
474 339
498 94
375 158
429 226
405 35
229 21
521 538
348 612
154 484
583 249
34 384
554 440
491 469
279 231
101 467
574 575
165 431
540 411
460 200
637 224
106 97
244 498
634 463
470 147
307 412
268 212
155 181
11 518
522 161
620 622
627 553
428 24
343 199
434 162
398 302
257 504
399 500
233 264
195 62
411 501
473 550
72 500
602 594
377 483
626 356
337 484
269 124
507 483
323 173
517 592
474 133
327 232
505 560
368 59
621 10
559 326
559 502
185 392
327 433
107 312
148 443
27 288
566 534
3 120
66 519
584 539
11 270
3 515
189 242
445 42
251 235
367 169
96 423
432 294
215 538
477 234
340 504
394 138
397 396
129 334
274 72
104 284
342 618
31 402
219 475
315 469
70 553
509 37
335 301
331 549
70 167
15 410
542 408
419 298
163 547
631 436
491 95
591 64
584 493
465 163
328 12
631 269
564 500
177 259
32 507
39 101
546 53
382 447
460 160
617 622
579 479
289 429
445 112
492 389
604 188
551 163
199 413
303 123
272 480
253 175
218 291
148 635
344 529
314 35
561 290
17 499
128 177
159 445
288 522
193 124
69 615
286 140
387 461
134 531
300 386
65 517
548 212
384 123
613 57
158 533
346 46
263 345
222 421
149 382
174 213
505 242
187 22
253 574
354 386
464 13
3 400
402 423
612 145
545 584
201 62
348 418
107 482
122 201
262 143
582 307
355 318
548 542
211 33
347 565
290 170
449 293
569 210
587 412
354 491
227 426
553 446
203 531
287 197
91 420
211 544
86 565
93 506
338 304
538 44
100 187
85 548
351 526
118 297
297 343
148 396
1 572
201 75
334 488
271 425
267 481
200 353
278 293
218 487
596 115
403 55
173 359
602 524
244 591
180 413
166 199
168 166
2 368
240 336
215 383
120 482
95 191
66 372
483 283
91 438
269 493
364 441
211 198
196 327
20 376
99 185
446 266
222 448
633 334
143 80
76 134
433 42
324 498
286 167
140 376
476 280
100 72
80 182
141 276
508 160
523 606
217 200
103 438
7 608
3 21
47 590
26 479
632 350
336 277
388 347
524 95
498 623
38 577
164 178
84 544
338 478
509 554
38 484
223 556
451 98
449 497
47 474
207 550
55 414
58 314
632 581
281 489
435 318
425 471
496 381
374 65
90 114
490 127
597 72
555 407
41 363
135 600
68 341
509 123
626 567
308 617
379 588
465 46
266 122
516 121
502 121
185 463
106 34
590 63
617 504
341 530
98 348
489 165
560 357
159 546
155 467
522 406
414 219
451 39
340 198
31 73
318 215
535 423
120 356
357 609
91 570
498 188
277 346
353 68
574 511
613 89
337 367
366 623
585 176
21 284
245 52
228 562
138 122
216 130
478 445
98 568
374 595
628 522
300 212
589 105
82 434
193 291
160 558
145 616
605 165
259 209
88 358
2 98
479 90
227 188
534 196
628 139
150 615
532 321
186 352
425 139
145 490
301 176
279 445
151 244
482 281
324 441
638 198
538 349
287 636
536 52
191 523
62 212
369 593
404 554
304 189
565 321
550 225
496 188
30 519
303 383
159 499
183 29
56 81
377 214
76 272
265 139
27 198
350 395
150 114
181 325
174 105
517 83
201 245
142 102
123 317
484 281
175 539
181 102
619 557
315 566
61 451
576 87
8 286
353 29
271 405
225 444
381 102
398 582
218 411
555 340
87 399
492 261
297 33
234 147
589 548
584 9
230 520
607 109
37 192
9 307
596 234
622 337
207 379
150 424
149 576
635 108
334 486
240 502
518 474
520 339
253 336
219 483
87 186
463 123
249 472
429 204
577 282
412 143
20 433
438 40
369 432
147 574
277 387
308 27
92 59
237 344
394 455
186 480
512 521
602 120
352 262
196 288
415 607
302 434
272 99
346 640
402 364
573 38
110 112
576 201
171 44
417 436
499 474
276 370
354 109
362 65
243 557
352 17
395 13
323 26
623 28
25 384
263 470
294 245
453 101
445 623
145 93
419 3
567 566
244 280
34 477
217 148
393 568
165 148
453 359
45 307
258 70
51 520
411 216
124 223
316 441
78 460
533 496
334 459
293 450
99 326
286 315
346 551
114 510
58 438
228 102
617 485
43 539
236 325
114 360
548 301
160 497
121 52
224 326
383 516
135 353
201 293
539 546
203 12
287 132
322 386
233 170
102 148
68 338
344 181
569 123
481 88
619 473
11 202
31 393
77 165
105 150
457 515
567 19
399 86
150 80
471 255
249 573
274 188
142 617
368 70
100 80
29 590
425 39
152 455
304 228
491 280
249 308
155 176
198 553
261 220
504 91
346 624
535 491
171 548
467 410
489 438
489 517
388 145
428 411
599 91
638 322
242 247
501 268
294 58
180 554
149 555
516 366
538 283
216 68
62 555
349 551
352 70
299 611
214 86
381 45
48 251
366 290
369 226
429 22
155 609
447 176
523 194
541 293
348 117
232 410
31 581