2
832
351 588
67 92
812 583
502 684
395 160
565 140
6 282
636 174
58 732
624 590
434 345
48 513
691 474
120 726
628 713
57 18
468 124
110 447
578 483
170 140
515 606
280 520
56 787
566 113
686 357
574 287
573 621
671 432
135 662
325 762
542 382
779 49
377 56
368 122
411 537
261 93
311 412
484 366
367 217
350 92
573 91
251 186
583 89
617 717
623 109
646 332
362 465
253 738
520 620
731 802
196 160
766 506
571 418
743 809
506 132
69 247
94 319
304 677
279 88
433 69
68 247
273 430
711 397
207 270
184 810
112 379
9 45
757 451
334 539
428 8
671 368
126 764
686 429
480 4
516 81
777 583
199 89
52 781
485 131
90 668
108 201
86 116
118 714
566 451
421 33
458 259
400 455
62 253
51 542
129 438
622 73
189 820
161 112
640 517
114 729
224 221
98 309
208 215
191 646
537 611
678 163
741 246
489 802
370 540
511 498
145 172
442 205
31 474
189 670
158 302
567 381
523 664
562 602
750 624
415 454
274 261
488 182
506 145
151 747
556 534
413 700
705 726
777 608
368 133
445 525
434 179
74 828
714 507
598 503
298 52
125 571
312 484
752 689
628 774
604 223
475 56
91 220
781 35
827 316
39 311
9 472
362 786
340 115
460 105
618 757
156 614
367 340
265 286
196 765
99 671
155 574
726 117
665 675
23 531
158 61
9 38
533 242
695 40
357 322
16 142
118 43
627 484
254 763
641 450
695 740
288 722
353 54
710 57
728 733
587 757
793 467
795 365
709 657
404 105
19 291
118 8
206 744
492 459
674 172
780 409
783 108
170 303
161 47
359 56
779 817
812 740
452 774
272 200
471 548
304 489
710 421
496 83
204 27
414 749
71 361
325 21
468 366
196 628
413 554
555 359
539 407
138 30
220 282
229 690
829 404
218 578
696 586
661 771
612 114
687 554
474 52
575 814
417 770
481 829
363 76
228 773
482 365
802 701
646 70
559 514
473 776
260 208
401 792
146 181
73 1
734 418
756 348
399 340
285 752
337 648
827 436
588 476
800 430
344 486
499 774
167 12
590 298
91 158
257 237
210 201
109 816
619 32
331 57
243 488
808 451
175 674
54 634
317 22
231 533
507 602
474 545
485 103
11 575
261 139
683 470
340 663
453 830
566 784
54 809
439 734
427 485
575 353
286 764
374 517
464 752
158 809
336 642
80 218
256 340
357 811
681 568
641 302
565 247
125 618
95 435
391 393
87 134
745 244
769 158
760 400
77 85
248 413
598 327
502 726
538 26
704 387
593 384
560 325
630 556
815 724
30 373
285 820
378 69
231 314
227 31
585 303
819 1
587 457
199 257
350 737
154 221
163 747
604 594
111 274
189 797
37 90
210 321
77 587
262 179
773 488
209 525
790 68
397 417
524 596
545 41
372 698
133 534
484 736
167 467
49 355
431 86
316 512
278 264
139 539
442 79
194 523
475 24
590 40
440 281
507 24
193 46
593 325
451 245
100 617
583 149
11 181
234 326
565 511
589 703
218 70
781 411
592 423
434 221
334 745
373 8
640 565
757 401
761 375
517 29
159 267
177 41
319 282
366 51
792 826
753 49
64 701
332 527
164 637
748 369
422 288
249 229
725 173
629 653
548 313
553 578
451 601
619 770
50 24
820 714
18 741
762 785
481 133
479 516
770 266
53 359
426 173
587 318
345 256
10 60
440 435
638 59
203 296
828 253
319 687
6 336
595 639
160 116
772 639
631 709
776 555
107 369
727 565
558 112
820 440
43 428
42 552
358 244
15 353
368 334
207 373
541 674
180 701
789 119
379 459
699 322
54 805
691 780
537 288
763 397
727 806
696 768
525 221
52 540
445 419
41 523
792 581
364 139
321 192
129 699
523 699
189 576
671 751
395 247
78 326
643 805
299 378
612 823
598 663
402 210
250 442
733 81
63 136
91 255
200 219
122 722
789 182
337 627
804 731
745 49
96 428
725 394
805 505
257 571
207 658
652 456
140 552
408 74
560 498
328 759
588 321
648 544
502 152
210 473
754 123
394 18
550 286
283 522
790 411
132 165
109 784
492 120
375 68
193 102
437 392
732 193
713 419
736 254
442 818
599 364
108 160
253 657
445 407
218 275
690 350
439 798
173 802
789 547
741 21
521 346
412 292
410 164
711 313
418 320
170 184
683 277
343 807
805 659
254 191
101 111
412 411
780 456
381 736
42 161
756 434
506 207
726 83
371 604
268 660
91 437
11 646
586 225
492 558
51 745
620 24
23 71
434 802
526 686
577 568
15 500
41 392
579 766
475 117
537 614
776 500
90 658
313 675
754 804
273 676
717 60
699 611
131 173
453 528
26 197
135 40
569 176
304 315
109 650
431 518
431 246
185 392
775 369
107 696
340 379
411 96
438 278
579 440
450 199
8 475
395 142
387 131
317 562
317 298
379 619
815 809
32 39
240 678
407 346
413 618
724 824
586 202
269 332
513 590
530 520
104 92
662 362
95 18
91 411
187 469
198 41
317 101
79 557
779 485
774 359
143 666
222 728
739 490
227 419
247 756
811 351
719 512
584 685
529 675
264 588
311 333
628 628
305 707
224 251
231 165
482 373
702 703
268 608
233 494
67 351
289 45
573 48
556 325
732 124
167 35
711 349
239 507
144 544
253 239
666 483
276 187
24 145
762 163
625 162
657 691
512 817
607 125
32 202
449 636
325 487
670 76
3 781
454 19
492 706
257 325
228 532
384 123
549 313
286 341
474 814
71 25
798 677
149 702
750 469
505 242
123 214
189 126
34 642
144 525
387 272
722 487
804 273
609 520
585 62
732 98
43 674
122 713
518 143
582 307
611 126
548 734
211 609
731 245
290 42
641 677
313 530
203 156
802 811
547 426
41 318
523 787
159 517
667 548
531 288
22 309
285 442
82 496
218 812
612 507
725 420
223 78
118 425
233 791
404 652
257 316
137 651
142 296
335 809
11 33
136 33
214 421
474 167
84 691
19 695
237 615
282 460
692 271
52 797
102 327
616 358
514 752
176 656
215 383
632 226
287 639
130 500
227 603
539 310
333 557
44 569
339 198
68 71
340 120
35 441
318 650
670 832
569 718
655 656
268 326
753 426
132 50
798 359
652 504
540 24
100 456
592 310
525 660
380 32
651 414
345 8
103 182
7 544
771 533
367 78
730 287
504 30
336 469
260 27
12 671
754 111
166 513
420 690
212 672
722 734
253 234
742 228
287 620
771 98
193 305
175 90
463 550
823 670
58 122
568 69
665 489
51 830
169 343
688 253
182 449
26 306
554 767
533 8
427 471
809 619
647 24
580 277
573 571
818 631
564 553
571 396
209 494
394 250
4 249
502 57
697 399
234 418
334 767
297 760
277 146
418 796
169 165
112 741
607 98
411 339
650 22
734 731
515 295
148 390
415 521
446 279
87 679
568 292
485 737
91 634
50 508
597 218
673 580
830 447
677 409
785 367
302 559
265 816
21 412
245 436
804 690
586 58
408 194
350 765
98 440
566 147
820 202
364 532
781 233
146 498
641 803
32 110
401 168
797 421
579 209
728 422
770 354
479 218
547 700
150 516
180 587
662 167
660 65
698 480
297 715
145 810
557 48
791 125
215 756
418 665
4 185
254 646
538 605
31 124
472 52
639 651
510 340
689 337
276 554
816 573
309 1
422 33
48 380
158 135
175 447
799 51
631 93
696 337
697 598
460 336
649 139
27 198
478 715
534 754
309 389
366 617
261 787
521 181
206 550
315 253
164 281
303 667
245 38
171 109
635 502
317 323
512 343
520 158
97 93
783 277
353 316
765 614
142 454
666 219
43 148
471 207
300 773
41 545
682 83
653 484
456 137
678 136
351 237
165 320
201 115
596 554
302 529
207 443
22 40
661 768
59 172
142 358
816 54
70 666
8 595
189 336
603 35
343 122
143 507
313 344
621 76
769 794
476 143
404 369
54 104
305 112
275 318
469 259
244 411
796 123
45 152
458 647
186 800
640 201
474 120
544 134
68 480
799 543
494 370
784 547
346 256
530 492
573 166
750 688
448 713
811 364
737 308
179 794
276 818
162 621
810 705
627 45
352 593
459 13
3 410
431 348
665 128
711 278
166 501
5 485
381 815
17 157
291 195
119 438
52 280
226 733
25 724
777 376
485 404
261 359
685 563
578 518
691 456
667 728
124 671
380 377
526 396
533 816
462 651
293 386
99 518
286 123
282 103
370 766
506 502
292 358
105 37
747 667
364 453
562 488
292 813
32 689
377 564
544 710
255 4
263 225
521 421
219 802
523 588
607 68
130 770
425 106
678 212
772 210
536 501
569 699
481 600
555 729
203 266
479 457
269 741
681 662
329 771
503 19
399 150
86 528
87 383
633 765
466 444
14 169
112 582
36 464
221 462
233 423
728 711
752 164
491 472
697 820
411 368
710 809
517 668
376 603
90 48
407 427
491 292
595 474
745 502
105 133
132 209
428 731
87 347
62 450
690 759
309 140
166 186
116 682
725 363
324 686
410 603
280 68
766 747
413 679
416 390
683 419
598 278
317 557
496 251
174 354
49 482
365 214
539 481
767 304
11 130
157 293
604 437
232 538
351 645