2
864
543 716
451 60
716 39
310 364
395 704
309 332
262 218
732 334
570 476
656 526
690 377
240 257
307 90
184 662
564 553
89 690
404 540
750 255
162 643
202 556
67 94
24 328
312 339
246 17
814 37
126 639
861 365
479 304
39 246
101 602
798 190
427 785
313 312
624 474
539 825
165 605
55 636
516 366
111 761
830 508
797 91
731 378
39 345
681 77
175 781
678 108
554 689
477 2
136 236
59 258
644 224
446 698
859 98
647 553
442 196
197 375
734 63
336 773
855 152
433 165
516 247
721 206
71 781
655 654
152 298
496 795
105 77
213 547
622 443
236 200
639 16
158 508
78 493
864 516
644 433
265 295
263 569
84 781
485 323
154 636
620 649
150 724
310 810
406 67
389 225
266 163
240 7
254 317
499 254
417 726
686 681
157 84
385 688
448 453
594 601
672 349
386 821
656 695
767 646
345 291
6 611
37 246
201 290
146 700
543 562
561 812
826 301
479 794
573 62
382 302
663 189
651 184
594 26
462 80
671 806
818 677
136 854
58 337
279 651
620 406
349 316
353 758
201 416
688 773
477 205
210 275
394 444
42 571
470 87
650 724
29 603
536 612
592 177
84 454
828 287
859 760
603 796
653 803
347 476
295 407
681 504
266 658
532 755
364 137
842 149
860 454
335 116
201 62
292 733
99 703
155 94
598 341
473 387
727 403
862 157
809 262
661 658
503 328
549 2
48 526
598 491
563 68
190 347
577 482
215 676
320 818
353 502
742 409
24 605
811 469
761 339
731 141
133 369
468 265
819 99
374 136
174 72
204 363
418 364
428 217
623 332
618 111
833 495
519 856
235 49
460 132
388 326
272 104
279 324
368 233
6 741
368 179
396 155
126 397
103 553
613 725
20 814
420 852
445 74
427 679
123 471
394 94
380 250
197 658
573 148
474 162
472 426
341 451
580 50
847 266
602 180
127 206
129 546
641 573
203 652
836 773
258 365
2 637
614 646
431 770
793 40
68 848
49 856
434 629
41 417
30 226
180 604
431 308
285 656
17 488
443 436
396 700
800 846
472 134
627 486
39 140
110 554
571 158
545 141
370 169
141 848
395 320
587 409
211 456
200 675
527 226
246 506
61 182
487 117
315 698
602 801
421 295
491 127
453 619
715 822
788 439
805 766
342 528
310 553
119 94
363 229
319 193
734 828
374 357
80 272
638 265
656 194
560 730
768 148
485 203
553 856
641 494
757 567
605 202
703 307
743 649
535 198
841 852
609 798
344 688
205 117
536 861
758 231
310 246
826 794
448 515
785 672
592 677
374 780
463 212
670 341
861 788
122 421
775 730
355 703
137 559
403 673
139 745
487 449
126 449
826 573
547 747
380 722
143 338
221 189
133 474
114 129
397 235
134 755
549 488
593 685
182 580
77 769
460 564
801 585
596 762
741 278
228 256
583 819
177 803
143 310
860 704
22 840
523 155
730 207
642 43
475 408
622 552
312 217
699 696
385 430
177 261
291 405
100 9
807 277
395 85
586 390
373 607
365 31
762 678
237 539
720 711
82 61
846 841
725 680
256 245
693 433
89 119
421 189
127 363
465 105
31 634
494 403
376 442
433 721
256 669
844 559
100 509
620 529
70 480
793 325
309 621
757 397
740 313
169 450
259 217
555 290
850 632
692 810
210 261
666 49
513 229
607 196
738 810
725 807
10 237
267 318
857 608
298 732
504 51
318 763
267 456
188 253
223 463
646 432
723 31
64 820
260 671
151 133
200 459
523 209
695 373
110 272
116 856
587 620
42 488
102 308
79 289
144 302
751 789
317 194
820 381
149 215
635 747
795 834
790 453
179 620
825 736
475 525
727 198
728 768
685 829
660 764
701 803
201 171
728 517
364 683
481 96
481 251
427 859
221 352
447 847
555 855
302 166
515 165
363 826
516 183
790 311
530 626
250 730
797 561
831 744
827 31
424 443
282 850
21 86
785 467
516 475
41 817
224 140
565 586
101 217
353 27
111 18
236 360
332 168
504 746
496 466
776 55
492 641
40 512
726 824
562 377
18 603
778 242
742 478
411 842
694 347
452 805
813 688
748 728
439 388
609 70
437 104
572 65
745 195
576 190
602 722
151 620
460 64
445 337
541 439
762 819
370 350
759 318
621 226
629 195
197 821
713 634
60 4
282 388
199 857
578 800
298 728
555 757
791 583
677 51
606 575
5 111
508 347
12 712
573 640
490 353
596 786
122 239
790 403
627 124
844 788
59 277
651 198
618 161
364 430
211 105
588 664
215 679
146 226
526 302
449 152
655 180
521 360
3 446
763 629
569 326
552 212
186 786
409 803
530 772
817 324
13 540
123 675
355 717
485 464
154 69
199 808
697 720
752 699
301 234
463 454
559 598
665 328
103 657
715 632
564 667
539 160
342 662
419 280
514 39
328 667
107 526
195 803
381 530
221 266
763 267
719 457
864 103
368 550
759 218
765 42
20 440
650 810
237 204
673 334
242 136
584 348
662 362
735 626
27 91
475 789
358 777
829 805
15 333
491 773
134 391
399 154
414 184
547 650
387 355
119 628
75 703
559 320
648 13
81 675
104 140
599 45
52 564
433 67
480 59
423 613
34 821
350 447
140 32
681 526
835 383
737 45
669 16
364 453
28 28
263 579
167 445
207 219
144 640
733 207
282 291
404 763
248 753
794 835
369 610
497 339
128 817
831 381
832 778
833 444
805 679
158 556
259 813
358 851
588 226
193 5
100 596
352 795
69 281
766 437
26 846
359 601
798 325
117 350
686 533
793 626
347 534
765 606
66 258
592 653
67 368
242 615
100 593
545 168
9 446
188 482
427 130
218 809
454 783
294 723
451 670
484 798
787 833
123 853
674 714
225 741
217 466
75 764
194 619
515 650
201 286
267 211
415 69
155 452
435 32
310 21
285 378
402 208
346 524
644 155
821 4
479 622
470 553
521 247
308 620
481 92
41 331
750 456
399 41
43 833
520 353
438 805
730 423
148 211
531 791
813 71
794 428
692 847
116 797
678 7
552 294
546 592
624 432
183 607
472 226
159 575
162 596
515 27
603 662
685 269
172 633
339 550
644 615
116 760
547 793
350 234
670 32
825 14
463 592
620 518
401 362
228 562
542 743
588 280
124 856
132 744
624 54
13 404
668 128
747 350
505 680
167 310
711 576
771 757
303 110
858 703
472 222
400 149
548 571
12 255
146 143
582 769
196 594
756 448
722 222
797 362
38 548
255 332
259 610
673 561
719 666
847 774
471 830
506 602
120 517
441 265
243 158
169 23
752 509
470 193
314 850
138 351
533 392
267 791
585 75
71 24
324 53
797 795
466 439
116 585
539 556
849 366
714 602
388 601
246 441
793 143
10 66
494 543
41 760
53 210
418 572
233 741
208 165
255 674
187 371
394 310
62 827
675 775
564 646
95 393
222 23
535 231
536 612
357 161
91 858
370 508
565 602
385 356
350 639
165 537
145 143
430 655
105 240
565 668
469 660
644 690
266 314
504 386
62 445
546 152
438 51
244 586
652 212
77 585
850 690
257 579
832 686
817 520
509 517
323 113
760 550
386 610
863 474
131 508
54 260
244 75
310 487
244 545
698 768
265 267
593 106
429 144
375 381
663 20
482 569
580 825
254 550
570 701
159 284
344 660
543 587
318 436
657 561
564 490
464 829
341 641
518 769
784 28
286 167
495 351
735 659
311 573
344 17
409 86
300 752
745 427
59 646
862 715
342 562
789 389
110 265
613 627
617 117
238 486
283 317
836 153
111 731
309 38
747 717
123 630
189 451
640 247
232 638
545 157
783 53
129 28
765 742
238 518
442 59
587 724
375 559
460 485
425 769
106 755
621 228
104 809
262 744
639 77
101 768
681 19
820 810
494 721
271 731
822 712
789 128
155 748
686 614
816 694
518 58
168 723
733 720
251 131
183 26
655 283
377 472
301 332
1 378
636 271
244 177
566 616
305 720
499 574
469 451
852 571
92 603
13 824
458 263
90 640
736 329
58 248
800 806
164 800
767 799
654 146
560 355
346 864
658 428
573 262
14 144
416 105
747 12
513 788
275 186
564 146
514 205
842 449
595 141
384 497
523 173
227 218
111 572
217 768
583 374
614 181
101 613
285 847
625 381
771 35
567 54
628 216
258 189
249 436
329 632
69 852
389 743
653 83
34 6
851 616
827 184
796 63
796 665
494 556
181 400
174 747
37 386
99 294
574 347
314 487
562 382
474 534
260 262
201 293
715 635
492 261
818 424
324 333
224 401
25 404
384 646
735 420
167 417
713 325
347 162
811 44
127 4
162 834
265 810
710 564
580 338
408 533
345 315
1 568
715 473
555 234
703 425
653 5
841 86
329 771
695 275
399 406
278 560
375 127
505 221
274 668
142 681
336 486
132 784
637 430
841 327
664 679
336 452
267 760
121 596
667 816
454 201
357 316
344 731
26 432
535 747
235 260
563 154
329 278
73 101
708 497
12 91
311 347
542 162
690 663
341 76
198 794
276 554
693 203
4 302
634 123
184 4
830 331
605 295
608 262
843 35
758 854
125 653
784 251
814 610
497 290
269 694
667 545
831 80
747 418
381 101
124 565
552 90
31 293