2
896
95 844
451 604
876 327
118 620
395 96
565 780
134 602
892 174
186 540
176 206
114 217
496 577
115 730
376 278
52 73
761 18
20 316
622 895
514 611
490 12
579 30
792 712
632 659
758 817
302 37
894 415
125 493
863 240
199 214
517 250
286 382
267 177
569 888
48 186
475 537
197 157
567 860
740 302
623 601
94 796
637 91
187 634
455 153
873 653
239 493
6 524
746 145
573 418
136 620
475 482
132 672
510 698
635 354
871 233
826 836
133 567
798 319
176 357
343 152
881 581
516 887
81 366
135 525
655 142
248 106
496 379
649 109
53 259
334 795
492 264
735 496
702 636
814 877
864 132
132 849
585 647
711 537
884 717
165 515
730 412
620 329
662 372
310 586
630 643
485 97
10 323
592 583
830 509
563 798
513 566
750 201
317 564
737 176
256 773
562 89
160 285
418 821
528 727
511 134
345 99
230 355
293 822
809 226
306 476
127 818
145 748
890 333
287 602
381 542
478 46
631 637
331 152
434 730
750 816
863 198
786 197
424 182
122 337
407 299
684 406
221 828
257 86
137 416
688 517
61 269
562 691
10 764
714 315
598 439
234 436
637 123
632 36
304 625
372 582
28 31
91 120
859 220
205 99
635 892
487 567
265 152
234 146
788 819
460 489
362 693
28 870
687 532
9 94
260 253
547 159
283 638
278 117
729 483
87 339
478 573
9 614
725 114
631 616
37 194
80 398
758 875
243 548
382 123
513 642
375 164
800 530
673 54
518 377
536 605
715 885
281 595
603 877
709 337
596 617
403 547
886 136
398 232
684 779
354 172
396 601
207 172
106 879
225 623
359 760
331 49
748 612
644 454
592 328
663 164
48 169
582 37
304 83
140 859
734 365
7 233
69 213
404 46
68 628
669 426
363 103
475 87
586 94
412 154
421 178
317 340
218 770
248 394
853 259
356 562
623 234
794 564
447 174
609 514
673 381
811 12
356 261
98 45
354 509
198 646
687 386
89 8
260 208
273 88
466 629
649 193
862 418
628 284
591 340
797 240
721 712
251 52
76 348
96 302
856 166
51 518
551 12
398 682
91 670
769 557
274 393
621 112
811 352
395 377
563 168
616 259
751 738
310 698
189 406
103 21
571 26
538 97
805 807
779 895
581 523
427 854
20 23
69 702
246 464
182 809
631 670
171 357
511 353
158 572
758 261
592 304
158 105
272 66
16 26
832 596
549 235
425 440
257 494
245 375
829 426
159 435
71 201
791 582
553 820
129 286
184 720
589 341
696 861
278 711
758 86
282 410
320 707
849 448
176 197
822 876
495 84
286 565
285 52
122 709
871 250
99 31
841 687
243 641
523 393
327 385
478 609
666 797
291 619
348 338
687 146
189 157
101 346
594 385
397 715
70 243
837 168
273 781
854 388
397 353
780 724
609 361
308 378
133 598
868 480
807 531
497 99
687 598
316 256
854 584
843 27
826 783
194 75
539 24
462 40
376 345
635 856
577 46
209 709
515 181
164 425
583 661
395 373
362 710
501 319
397 447
346 198
333 539
272 871
562 605
782 809
821 520
640 501
437 849
185 55
5 349
479 587
113 745
831 346
558 435
664 826
881 881
128 317
396 271
164 829
876 817
614 800
313 357
277 749
309 461
804 313
681 258
771 665
107 706
114 536
244 650
466 229
634 465
417 5
735 452
834 586
373 551
362 557
11 638
409 192
74 316
376 627
574 251
395 552
60 509
191 175
134 656
403 639
96 692
644 831
247 581
392 491
107 753
151 885
366 432
180 312
619 556
42 168
678 436
719 737
816 14
15 53
541 290
692 637
85 439
443 203
891 834
566 101
691 716
89 32
123 141
343 742
568 384
13 349
692 732
61 611
745 843
664 389
236 459
1 192
769 443
267 635
381 832
735 47
523 695
846 646
835 293
491 378
548 503
726 343
210 786
58 58
733 593
319 840
27 191
8 795
634 274
405 886
81 243
804 603
809 753
224 620
21 714
101 569
193 827
783 402
588 840
332 424
408 522
240 434
712 247
204 321
520 608
310 600
722 217
178 635
842 402
358 862
91 458
534 155
260 421
429 848
236 632
247 644
257 486
53 840
604 257
265 99
864 446
570 562
535 748
300 480
125 657
445 87
90 851
114 350
375 542
173 482
149 419
101 277
777 154
220 356
282 356
455 249
802 128
682 440
875 85
23 871
613 339
830 703
293 47
28 539
460 72
125 608
362 97
884 114
250 79
470 531
435 28
652 212
155 437
651 6
394 545
748 110
883 681
684 152
727 583
690 290
654 686
769 120
783 756
105 8
707 574
539 245
601 166
456 628
474 82
633 867
498 484
849 356
269 636
507 867
323 173
133 848
858 5
839 744
633 48
624 443
621 138
687 198
303 118
825 648
71 433
491 568
20 443
795 160
182 406
3 376
578 135
200 539
139 142
259 771
189 754
189 682
891 747
879 297
864 679
816 806
215 410
349 106
852 248
138 10
653 140
257 206
274 456
616 412
598 746
159 658
603 347
315 597
198 169
765 37
847 685
843 165
70 295
143 26
414 280
803 170
419 163
375 692
491 95
79 64
712 109
721 419
456 12
119 525
180 884
433 131
544 379
167 613
546 309
510 63
588 416
105 110
451 351
673 45
317 624
108 133
732 700
551 163
711 541
559 891
528 96
893 47
346 163
532 763
472 145
698 35
433 802
145 883
256 689
799 445
416 778
577 124
581 103
286 268
643 717
134 147
812 130
193 261
164 724
896 507
741 697
542 277
602 558
135 729
350 37
277 638
686 725
761 370
827 22
509 574
610 642
720 525
643 784
658 679
612 657
289 456
457 830
604 34
491 610
762 713
646 15
454 307
739 190
676 670
83 161
219 693
674 42
193 421
825 850
75 412
610 363
739 42
297 318
75 659
31 709
475 548
595 800
854 437
861 506
82 48
666 300
612 443
213 804
735 14
758 809
425 343
276 140
257 444
457 203
78 488
15 553
139 609
328 97
22 293
602 871
340 371
147 55
685 231
858 524
244 591
436 541
806 583
680 166
2 240
368 80
727 255
632 866
735 831
834 756
227 539
603 566
781 749
492 569
83 326
68 199
788 504
739 697
62 522
734 64
761 78
143 464
332 646
305 42
580 242
670 807
780 376
348 536
100 712
208 54
13 276
252 800
651 94
473 584
487 310
647 224
259 661
687 462
282 95
504 862
336 277
644 91
524 863
498 623
550 705
676 562
852 800
466 478
893 42
166 356
223 684
579 354
321 369
815 602
335 294
439 542
442 58
504 69
793 105
563 446
809 215
112 637
118 449
90 882
362 255
341 584
811 23
809 235
263 600
708 597
893 251
114 439
180 617
379 76
721 814
522 506
132 633
246 121
185 207
874 546
462 319
105 376
213 786
482 348
489 293
816 485
415 34
795 595
650 150
670 347
67 295
852 70
799 73
190 87
279 167
504 612
357 481
859 442
370 444
789 858
737 580
318 255
613 217
849 239
238 495
585 304
789 540
245 692
484 434
650 762
472 130
478 701
610 440
246 83
756 10
44 468
589 233
722 178
449 547
416 686
17 872
861 805
515 209
472 870
514 98
735 858
227 188
662 708
500 779
790 359
660 705
826 224
41 523
401 362
45 688
23 61
663 884
738 153
68 185
126 454
282 733
415 380
24 52
191 523
702 852
753 465
532 682
688 573
181 65
806 225
752 828
286 391
687 895
543 627
183 541
184 465
377 470
844 400
521 11
795 198
862 651
662 498
309 325
46 489
261 851
585 885
654 742
379 317
740 25
47 795
437 102
363 813
571 182
189 67
64 87
264 30
609 797
399 789
97 444
253 358
270 838
218 795
555 596
215 399
492 261
297 33
234 531
845 804
584 137
742 648
95 877
549 576
649 51
468 746
366 721
79 635
534 296
533 64
763 620
462 358
752 630
390 90
136 211
765 592
219 611
215 314
463 763
761 216
813 332
833 154
28 15
788 433
182 296
497 48
19 830
405 771
436 667
732 443
749 600
138 71
314 352
256 649
218 120
864 6
324 800
31 351
686 818
656 867
90 256
786 876
189 294
750 496
832 585
43 556
161 52
627 346
404 882
98 493
874 65
371 301
864 401
523 653
195 282
495 284
537 384
135 598
550 757
69 357
445 111
17 477
163 643
823 438
500 24
34 349
857 276
649 824
677 276
453 743
429 819
2 70
307 136
539 728
892 607
188 313
590 204
789 752
718 715
165 194
739 198
542 699
346 167
498 126
442 822
868 870
617 869
811 795
876 325
626 872
36 685
288 497
889 180
224 582
767 388
775 481
585 293
155 34
459 652
31 772
450 770
745 42
614 532
836 594
728 565
441 635
353 728
235 217
779 458
671 649
845 549
233 406
841 259
311 403
783 214
278 336
87 895
377 701
402 188
270 233
752 710
868 80
413 78
169 295
536 839
816 484
363 24
761 308
283 176
582 169
389 732
376 475
602 624
151 875
811 292
211 538
873 54
617 389
132 657
556 539
599 475
126 834
370 887
117 524
38 698
692 426
405 43
772 878
666 795
856 580
62 43
93 39
96 582
299 99
342 854
637 813
304 635
750 674
497 866
173 534
539 865
831 816
11 578
797 549
348 757
104 410
799 197