2
96
10 40
10 30
66 86
45 35
89 4
6 30
59 41
65 6
35 70
8 50
36 96
50 32
48 37
79 54
14 6
62 87
45 72
85 78
29 33
16 86
4 85
19 62
30 83
35 32
25 43
81 60
42 35
59 58
39 41
79 52
47 44
11 59
19 95
41 16
95 24
5 2
13 23
31 42
73 34
73 65
76 25
28 85
27 86
46 65
95 28
85 13
40 95
71 58
61 79
41 27
7 45
28 83
35 26
28 12
59 68
44 6
60 72
91 55
29 8
87 27
4 75
39 43
41 78
68 69
60 13
95 66
25 26
52 60
20 47
39 78
82 82
84 14
25 46
36 54
53 26
80 24
69 87
66 77
68 6
50 31
18 48
65 42
42 84
69 61
3 11
10 52
61 93
65 85
10 4
42 31
94 90
54 66
80 88
46 19
93 63
49 78
15 81
87 24
37 28
84 39
38 93
58 66
58 27
55 35
94 64
65 59
57 87
28 8
78 42
26 42
8 43
87 86
91 77
13 31
8 64
37 14
29 95
47 54
89 69
88 86
5 57
17 29
15 12
37 92
53 30
5 29
72 91
82 35
39 63
65 15
30 70
92 26
68 10
79 60
79 71
17 83
95 33
15 13
45 19
72 65
49 76
61 88
38 15
26 44
77 59
58 10
32 21
4 3
31 82
30 77
56 14
63 22
47 45
34 59
64 73
91 80
52 56
71 57
70 65
5 18
27 30
91 26
19 94
28 17
80 25
93 7
38 27
29 52
39 30
14 70
71 73
53 90
32 92
51 69
60 23
86 86
20 48
15 38
46 10
54 29
2 18
35 39
12 31
91 51
29 72
24 3
48 77
92 47
72 14
83 3
36 40
56 56
88 38
93 37
15 19
33 16
36 67
54 16
66 16
66 62
56 89
64 7
37 27
22 76
41 8
78 76
48 37
35 39
42 96
43 56
82 75
71 85
13 93
4 78
12 69
11 35
30 74
42 66
69 31
14 13
38 59
56 53
96 91
59 41
58 5
65 11
79 39
95 60
35 3
9 15
39 20
49 68
61 58
6 33
88 83
45 94
45 5
50 12
63 13
21 88
81 85
2 32
27 96
91 30
66 3
12 73
22 60
12 83
86 17
83 45
67 32
42 16
4 92
27 66
72 47
25 56
35 26
87 30
89 49
59 27
52 70
3 41
1 14
27 86
95 14
3 65
13 44
80 16
7 11
49 78
57 73
6 60
66 60
89 26
13 51
52 32
88 22
72 56
36 67
14 2
48 16
66 60
59 18
43 66
28 59
15 52
3 84
79 68
16 71
93 92
89 17
27 48
38 66
8 41
36 21
42 83
36 12
14 62
93 24
95 88
82 14
43 84
65 90
23 80
32 84
43 25
4 69
40 9
7 47
50 42
35 91
93 38
70 74
4 66
2 2
57 83
79 68
39 48
61 61
95 92
48 42
84 19
78 92
92 84
42 45
94 45
7 90
82 77
67 53
14 68
55 71
23 37
42 61
52 70
89 51
33 9
60 85
27 41
80 22
93 89
34 90
5 41
83 87
85 21
43 2
57 65
72 47
6 81
11 25
22 67
75 55
75 6
11 70
15 58
59 11
50 93
4 55
5 54
13 89
42 55
90 2
88 66
16 93
18 26
21 40
61 64
62 39
37 40
76 51
1 39
29 50
3 32
72 7
53 84
63 63
11 56
32 2
89 48
62 11
41 50
18 5
81 47
12 22
86 87
40 86
93 69
7 95
68 79
69 89
34 35
55 12
59 86
77 51
37 42
29 78
60 14
50 44
60 61
33 49
52 41
6 48
13 13
15 80
59 83
72 60
86 94
72 48
84 52
66 88
62 63
69 25
76 87
36 40
51 37
56 70
77 30
86 57
42 4
40 68
54 80
31 43
77 70
58 32
26 28
24 55
90 92
47 37
50 50
44 5
86 68
74 34
1 63
90 10
34 2
77 88
81 75
2 29
49 60
61 42
55 84
96 16
47 14
20 1
63 64
69 21
35 14
54 35
77 48
12 78
49 88
37 1
66 39
93 18
66 57
59 88
12 26
7 27
39 26
91 70
57 63
90 91
76 47
93 24
62 8
70 78
63 10
46 33
48 43
18 81
67 45
72 47
38 46
73 77
40 35
50 96
65 11
59 12
57 23
36 87
95 73
68 61
82 18
61 2
28 47
82 94
59 26
12 96
39 52
44 78
86 61
46 54
71 72
66 96
62 69
86 60
45 25
89 94
10 21
95 37
35 49
3 93
42 14
93 80
66 8
30 55
69 43
77 43
82 46
42 47
82 31
75 94
56 67
91 65
55 58
70 90
74 72
54 19
53 50
66 22
58 63
45 94
9 89
40 90
6 82
9 87
80 83
84 7
21 46
40 75
7 13
36 48
52 90
66 8
11 4
94 36
66 10
33 43
2 73
4 7
26 12
93 9
94 48
16 18
61 55
61 68
67 96
19 86
57 53
93 68
24 90
7 89
3 40
3 68
16 7
74 41
18 38
17 16
53 32
1 18
54 29
53 24
29 71
13 85
91 74
24 18
35 31
75 6
70 77
73 53
83 19
61 5
56 77
84 13
77 52
94 34
81 50
26 77
88 6
33 83
79 57
68 18
87 46
87 28
91 63
48 77
81 76
49 9
56 4
85 4
56 82
38 8
35 63
84 26
68 84
76 19
44 48
4 2
61 90
93 55
24 12
4 73
87 52
81 47
24 69
50 79
54 55
54 56
21 9
81 57
92 29
43 40
76 46
9 40
7 6
63 30
17 66
6 8
21 54
22 44
26 39
90 47
94 15
6 82
23 55
10 19
51 52
58 30
1 66
37 71
39 3
5 56
68 74
31 57
32 52
68 57
58 30
72 23
44 45
9 35
67 82
53 21
38 78
50 6
15 55
77 54
57 81
77 93
58 75
21 57
94 88
18 55
85 57
78 1
5 54
35 40
39 87
60 76
36 78
50 50
36 30
71 60
78 19
24 7
93 44
64 90
4 49
17 88
9 62
56 77
19 90
20 25
48 80
69 83
61 22
5 64
19 43
27 96
62 19
6 26
62 37
84 33
85 68
25 61
33 48
42 19
42 29
11 57
12 79
12 40
68 16
71 86
26 66
53 55
84 27
81 49
63 68
82 52
39 74
16 39
89 25
57 34
54 67
59 33
18 70
41 85
53 15
43 78
80 95
5 35
25 85
52 88
24 5
11 30
78 90
68 38
19 92
72 40
30 2
72 47
71 80
4 91
63 46
40 14
12 44
49 5
96 4
92 23
8 70
52 53
63 87
90 49
50 33
88 80
34 32
94 72
79 1
34 45
14 74
59 26
85 75
30 85
78 89
11 53
30 31
9 92
85 66
13 39
3 68
22 4
67 19
44 50
84 77
62 1
22 24
90 11
66 23
63 47
79 41
67 12
71 75
72 28
13 84
66 15
23 55
82 90
73 29
43 28
74 72
29 95
96 22
73 33
13 39
48 91
80 18
7 22
61 46
49 73
33 18
55 55
72 40
16 17
69 58
12 14
34 40
12 1
30 85
1 42
91 48
4 74
66 74
64 30
23 16
6 23
2 60
46 41
67 61
25 7
87 37
20 88
76 32
56 73
84 56
82 46
8 86
88 73
31 55
70 54
70 43
44 39
70 89
80 40
54 8
47 44
44 34
35 88
65 58
32 20
17 18
34 24
71 25
64 5
79 5
26 20
47 70
59 20
62 10
28 19
81 42
30 93
75 32
52 12
89 83
95 74
68 32
1 42
56 33
47 38
37 40
26 84
13 52
71 75
61 66
61 45
11 59
41 86
90 92
65 51
47 63
28 18
95 92
60 54
28 74
60 33
17 53
20 30
8 58
72 68
28 36
80 38
62 25
91 24
84 59
74 34
90 69
52 88
64 79
13 60
56 40
92 40
92 79
37 3
40 12
38 35
16 22
41 77
14 35
4 1
62 45
35 55
81 86
14 49
68 90
76 91
2 71
2 93
21 39
64 28
18 69
63 1
90 7
78 7
9 49
8 38
62 10
60 46
63 73
62 2
35 9
92 36
47 93
32 67
3 63
95 21
36 61
21 93
35 66
4 43
83 75
49 16
84 12
29 50
85 59
19 87
67 14
26 18
74 25
52 45
88 50
33 91
78 21
87 80
87 58
91 41
36 43
24 87
54 52
8 10
14 26
96 49
7 25
34 49
18 85
93 73
7 29
67 52
49 57
36 7
83 30
15 22
72 6
77 93
58 84
7 39
78 6
55 84
95 88
4 16
45 96
88 51
92 26
6 13
50 9
83 36
38 66
26 77
71 6
74 96
57 48
7 6
21 61
58 19
21 61
2 65
29 57
19 24
50 88
4 4
1 55
39 6
24 32
83 62
5 28
62 62
75 68
67 95
96 28
82 20
57 51
84 85
76 70
76 29
30 80
32 94
6 39
3 29
70 53
90 75
48 55
8 26
90 42
89 90
38 42
77 94
92 33
50 71
6 29
68 3
76 3
96 81
9 67
77 47
23 71
89 71
93 96
64 55
9 24
16 46
65 92
11 29
28 60
67 2
57 38
4 36
9 68
85 17
38 65
63 28
7 55
2 68
22 34
26 31
57 41
44 90
4 55