2
992
447 812
643 60
812 935
662 524
331 992
757 364
294 410
124 78
218 668
496 654
594 505
240 65
211 506
248 182
788 969
185 178
788 828
238 607
706 835
74 44
771 766
408 72
184 467
86 401
142 581
990 735
29 237
735 240
679 918
421 474
894 606
651 625
377 888
176 90
667 249
133 445
23 476
452 206
943 537
542 28
125 539
699 90
711 441
329 397
303 749
870 204
298 465
765 674
360 940
699 962
132 832
350 154
315 802
295 201
282 772
229 407
254 927
432 965
311 760
305 613
452 183
753 750
647 461
367 942
408 10
848 539
777 205
629 35
942 859
236 232
639 400
574 892
334 13
800 580
772 113
137 231
231 825
916 813
293 227
698 700
236 553
182 20
694 746
54 643
613 225
874 259
624 391
94 957
403 894
481 118
14 617
349 244
449 208
992 677
370 697
320 605
258 501
560 951
255 550
537 867
774 419
69 406
745 162
306 156
63 786
273 12
346 557
191 730
701 190
414 78
887 733
683 152
178 186
46 368
735 582
178 517
936 246
922 689
407 171
780 406
957 60
417 246
553 544
976 261
733 397
338 627
138 956
714 251
150 695
618 820
285 795
344 164
48 209
852 390
380 575
795 280
635 156
525 195
699 508
391 375
905 728
938 978
628 595
236 777
298 853
604 518
591 884
681 638
100 477
963 415
59 766
694 629
857 227
759 499
734 157
873 582
885 754
503 520
357 738
240 654
534 779
115 132
606 731
705 706
215 676
128 210
385 758
774 185
984 541
683 661
697 499
251 525
261 753
52 553
435 227
150 904
942 264
44 555
2 684
204 153
303 268
298 687
33 79
871 24
619 497
684 324
4 934
848 200
631 836
752 73
6 901
976 947
108 955
446 45
583 649
197 885
916 430
516 948
509 394
907 135
891 535
394 830
412 186
37 50
29 724
58 962
568 970
917 611
932 306
655 458
954 788
351 814
225 866
705 733
203 556
804 37
98 205
866 509
390 838
559 354
569 616
324 80
529 184
690 469
489 353
926 386
84 220
207 308
93 848
49 296
411 788
332 508
992 142
24 326
979 518
679 492
78 938
507 606
129 205
18 553
493 880
939 576
107 89
819 136
936 803
367 290
598 634
797 598
775 757
923 698
282 545
133 295
491 639
901 555
779 918
116 215
805 990
726 912
86 553
55 958
363 357
255 897
990 988
502 773
752 368
414 969
848 546
272 282
128 180
837 843
41 888
65 846
885 727
701 970
223 691
871 521
55 134
425 980
65 862
760 816
237 181
728 93
662 7
310 726
122 154
576 163
49 576
944 933
310 588
847 532
222 725
61 212
794 421
199 858
291 895
617 527
19 353
555 617
295 865
350 417
954 925
515 11
508 402
879 754
925 669
229 90
338 289
301 139
646 435
933 936
337 557
470 292
845 961
908 148
769 265
500 730
133 22
676 640
359 499
337 291
175 566
316 448
790 552
523 443
986 463
386 267
955 792
558 808
760 473
891 472
673 398
145 805
355 821
388 713
263 725
939 437
298 262
821 95
813 351
538 742
813 923
16 775
722 509
526 425
917 424
832 597
757 977
345 119
741 733
831 11
465 713
383 698
974 211
792 730
561 273
480 381
140 431
100 797
940 561
166 864
921 5
405 685
981 749
804 729
425 578
675 825
299 66
530 216
276 266
946 837
538 369
161 613
799 196
418 682
757 583
490 621
587 894
313 512
586 124
184 947
702 859
779 936
924 317
159 143
518 112
979 991
416 84
612 223
279 37
840 971
555 337
599 85
174 848
596 696
907 780
650 552
582 436
495 513
688 654
655 213
701 578
212 125
661 823
283 875
795 130
790 357
467 396
441 576
187 973
279 102
696 928
653 285
308 156
733 3
809 331
216 517
908 427
577 512
193 859
331 923
989 128
287 399
459 663
910 646
643 197
747 282
68 407
566 375
498 306
378 314
637 529
767 488
891 287
936 91
154 274
949 86
337 243
420 795
841 337
384 428
469 138
709 537
481 283
847 978
524 232
236 168
696 938
592 594
232 535
620 321
808 576
406 152
754 825
882 603
106 274
38 574
347 746
118 763
964 965
685 496
140 856
599 836
801 198
373 968
668 1
297 419
576 638
506 274
407 396
876 512
605 913
93 887
602 147
594 574
119 286
13 194
85 611
965 821
745 346
796 356
282 36
775 857
674 288
74 88
683 949
599 231
805 627
62 415
773 655
924 827
876 872
29 960
426 929
788 114
282 527
470 563
563 252
364 180
539 437
267 166
330 801
332 142
435 393
492 152
55 359
978 930
238 942
833 664
879 628
713 104
99 190
667 661
441 966
840 916
346 50
89 675
786 420
753 164
813 252
315 803
611 237
677 784
186 517
391 72
89 112
112 187
301 714
847 678
687 630
601 968
615 625
587 408
52 347
507 800
598 822
547 152
66 231
872 251
747 270
259 835
381 306
957 618
27 747
303 713
384 839
624 934
471 218
285 458
564 792
202 106
621 748
193 622
978 72
808 732
342 10
511 658
315 475
219 341
230 457
989 549
303 621
491 773
774 775
175 346
510 376
387 138
131 579
759 116
587 575
783 864
520 237
529 835
712 684
183 877
148 180
369 451
736 859
167 517
578 341
798 95
716 192
169 846
707 863
897 301
381 624
172 901
860 636
743 515
327 861
335 475
48 704
861 719
506 35
180 27
376 977
58 35
113 226
881 819
96 721
63 413
352 170
321 156
805 7
670 76
867 941
486 851
652 354
577 165
324 756
128 635
677 185
670 789
410 494
551 441
222 613
853 510
718 117
665 530
123 278
541 990
162 34
848 813
323 368
914 583
132 49
225 808
233 894
540 578
395 34
26 553
646 815
70 307
931 670
836 62
883 321
987 53
290 842
801 613
217 722
139 284
770 363
35 938
265 510
523 595
543 485
155 132
243 160
438 181
765 218
178 656
538 172
644 827
949 452
383 110
182 521
393 887
884 364
769 92
873 235
622 424
719 777
555 961
872 1
86 645
218 199
308 755
307 951
525 199
410 908
308 527
436 637
358 263
8 134
290 880
368 912
311 31
696 866
927 511
802 20
163 27
155 470
717 461
364 249
659 710
100 903
180 536
547 537
734 554
606 32
441 910
943 688
940 582
497 810
100 306
766 263
332 920
668 984
324 968
240 918
621 340
828 800
811 382
281 488
871 886
519 256
739 405
943 622
922 447
440 30
752 213
228 27
76 831
946 399
742 193
324 370
468 96
178 222
477 458
710 292
287 172
547 962
513 497
591 442
879 966
407 574
122 570
536 197
345 489
531 94
681 791
464 93
886 577
250 306
970 959
597 264
75 151
169 587
583 696
964 469
669 379
978 791
884 521
923 236
17 398
330 634
196 793
726 25
377 911
266 354
878 863
553 952
949 658
482 476
361 453
880 37
767 866
763 659
394 630
894 347
35 231
980 166
959 649
190 343
567 455
632 388
261 129
283 154
786 764
629 154
225 452
126 991
325 889
657 655
462 495
9 496
725 988
597 692
580 786
970 154
184 546
542 381
674 824
534 467
532 106
620 692
557 681
690 818
577 291
480 46
721 424
477 453
419 81
88 934
802 2
95 922
547 572
310 164
340 779
630 871
820 193
570 320
873 203
145 394
429 560
375 157
983 852
546 345
868 569
286 614
570 317
543 60
888 788
223 235
510 788
49 337
916 618
656 797
757 737
134 193
304 508
350 231
303 831
575 115
407 797
728 977
121 214
44 16
9 203
187 454
990 235
790 914
789 389
654 553
69 787
681 309
238 966
539 477
804 121
591 155
853 262
139 973
475 118
925 419
256 119
872 254
289 605
111 21
929 764
509 6
494 198
250 667
107 788
151 911
844 741
73 705
938 147
685 420
200 617
774 456
671 589
645 896
137 755
916 74
462 433
15 955
566 264
629 608
987 716
526 838
400 534
550 346
616 179
701 752
731 483
151 410
15 795
249 152
557 172
161 954
540 175
916 49
374 488
657 368
211 126
213 611
596 699
892 155
813 600
906 551
90 64
896 41
858 152
192 358
260 352
255 799
462 178
784 835
602 448
146 748
573 358
366 112
992 265
267 748
801 116
307 826
180 210
866 973
298 65
275 557
416 529
299 877
643 90
655 252
537 800
935 54
102 245
101 37
509 367
785 253
483 99
87 598
244 952
578 477
953 788
41 376
325 340
197 903
365 787
98 902
595 40
891 632
284 991
668 729
302 460
981 784
494 75
325 674
35 902
158 987
634 135
306 958
474 438
868 838
169 965
683 699
940 517
338 232
516 941
960 753
409 948
480 838
959 804
519 929
713 613
859 354
747 172
255 164
546 66
9 650
966 628
356 914
88 693
89 539
641 56
299 985
939 778
767 905
589 293
841 246
905 643
535 659
751 726
822 304
791 767
953 765
338 252
622 425
944 710
964 528
701 206
457 647
984 231
496 580
459 280
761 372
923 304
966 681
37 732
920 827
442 816
535 715
75 100
147 954
745 54
489 453
260 881
44 187
119 539
766 514
754 535
821 620
774 794
308 810
469 171
580 846
986 59
568 68
94 651
957 839
704 390
235 899
278 278
93 333
752 795
846 514
273 674
77 54
411 385
799 816
555 322
669 485
316 245
488 410
895 453