32
128
103 48
98 51
84 85
57 60
1 108
104 23
48 44
54 32
55 84
2 43
54 53
79 68
56 39
60 15
127 6
127 102
54 96
24 9
52 80
68 52
59 44
74 107
87 128
10 13
83 11
56 8
63 6
75 119
44 6
5 43
11 3
16 64
98 39
72 21
118 12
73 49
55 18
27 13
17 36
26 99
46 81
106 109
86 52
99 2
57 103
44 68
105 59
3 74
97 75
94 86
86 38
6 12
56 32
24 72
67 49
43 113
1 20
93 87
72 63
88 128
37 3
67 13
61 70
86 29
16 51
114 101
89 120
112 16
23 7
87 90
56 1
74 56
21 38
14 92
100 101
91 8
103 30
20 35
99 105
63 114
27 49
86 115
40 69
2 62
75 89
23 2
89 96
58 109
5 71
72 104
44 35
111 18
64 2
53 34
106 115
19 5
35 104
119 74
44 121
8 118
81 30
120 41
126 49
22 2
119 93
106 34
127 88
52 62
90 104
95 67
90 113
71 125
88 62
70 3
54 77
121 6
107 112
46 104
32 67
105 22
32 82
56 30
42 107
92 3
82 58
69 43
43 12
39 2
73 109
5 126
57 125
3 35
108 48
10 11
115 115
32 18
68 87
47 109
65 10
111 18
68 52
61 110
63 99
111 7
79 115
4 8
111 6
42 90
53 52
100 39
38 4
56 105
90 103
86 27
112 68
44 51
119 104
32 53
75 15
59 25
1 62
32 112
67 74
73 120
125 45
30 34
48 86
10 9
60 95
35 43
35 79
94 25
54 125
78 128
11 8
25 12
70 56
123 8
1 67
127 125
111 29
30 30
114 40
39 45
6 73
87 40
23 52
65 77
49 14
76 59
21 100
70 90
28 64
98 28
3 96
25 113
124 54
15 109
93 53
25 99
125 112
10 20
35 74
96 83
87 43
14 108
15 83
69 42
19 38
69 21
6 93
5 1
19 19
110 111
71 6
81 68
117 91
87 24
36 54
106 123
96 119
102 110
74 42
23 92
80 92
112 85
56 116
85 74
7 66
57 77
72 9
16 60
99 102
83 7
27 61
1 123
51 102
104 124
15 127
87 94
90 70
50 17
58 7
91 64
72 19
12 15
27 28
75 126
1 29
4 28
89 4
22 12
105 125
7 119
123 94
85 84
35 6
101 92
12 63
27 84
81 39
98 107
66 44
104 66
73 107
93 33
110 114
44 86
111 51
77 105
16 33
61 50
38 33
14 50
95 40
5 47
78 102
25 15
18 1
81 90
107 45
122 89
31 38
46 13
88 122
117 103
26 49
24 64
81 37
113 47
77 117
93 26
90 118
41 107
118 121
68 96
37 62
56 67
99 102
79 58
95 68
32 121
116 55
56 69
92 40
115 40
28 80
65 117
69 105
96 58
97 35
25 6
96 81
72 66
54 23
123 20
90 26
12 77
81 67
17 44
106 4
83 5
83 19
122 23
124 89
80 92
123 104
97 91
56 41
28 109
63 23
1 24
48 12
100 128
79 117
43 56
120 125
61 74
16 54
96 11
14 47
102 8
22 71
98 78
111 126
58 45
20 58
68 67
70 39
67 20
27 109
75 18
106 7
91 121
60 58
3 73
104 104
81 126
46 50
75 28
47 4
72 66
62 11
5 3
50 71
22 76
51 96
94 28
103 56
20 34
114 22
107 89
126 59
86 43
108 32
71 27
36 14
92 97
25 96
99 74
38 120
21 89
87 114
116 61
42 8
95 27
29 73
115 26
3 73
69 110
104 11
8 11
24 100
107 48
67 77
121 105
68 14
65 27
127 52
87 40
59 53
66 88
125 53
113 127
125 53
109 100
63 116
111 87
87 89
6 26
38 127
2 105
12 66
3 10
117 90
50 48
14 115
7 11
39 119
9 35
44 117
7 106
105 117
64 63
77 70
88 114
68 89
91 79
26 93
88 15
54 9
62 68
124 68
78 34
58 86
69 101
75 75
79 51
63 14
113 11
83 73
125 22
33 87
100 59
51 60
73 105
68 6
44 63
73 121
97 2
78 37
103 24
111 53
74 45
66 59
55 21
3 51
42 35
9 14
93 60
73 37
36 12
42 79
75 114
71 43
116 20
79 90
44 61
14 117
105 79
47 31
99 49
82 13
84 90
26 48
21 98
85 56
109 126
6 55
112 76
97 99
96 47
60 11
107 73
127 83
23 46
114 122
94 67
6 49
28 31
97 49
128 53
104 108
50 110
35 33
57 3
3 24
50 62
34 28
6 33
111 29
78 96
22 43
34 27
92 61
57 60
109 56
112 85
35 33
66 69
66 122
72 68
18 121
2 51
20 7
83 2
35 32
97 56
75 2
82 38
63 10
97 43
65 80
127 100
112 64
40 49
58 111
117 75
103 118
125 123
124 80
124 31
111 93
86 57
94 40
94 28
49 62
71 114
13 69
85 125
5 124
45 62
107 33
8 81
22 4
75 18
83 71
48 66
35 5
122 128
44 88
28 93
21 98
78 34
38 34
30 42
29 74
103 7
107 110
88 128
114 34
17 68
104 64
5 10
69 127
10 112
86 37
76 106
6 25
11 43
58 40
85 87
114 59
93 92
41 52
91 26
86 108
93 61
43 98
71 111
96 80
95 53
116 42
30 121
67 41
35 124
80 119
82 65
50 47
28 90
98 119
115 55
98 79
116 12
48 58
123 15
9 89
67 124
2 97
116 68
9 22
64 88
13 17
25 62
63 52
23 33
42 9
87 11
87 74
23 7
3 17
21 11
105 88
6 106
56 121
46 64
15 109
23 27
125 47
88 60
99 110
92 12
118 50
23 76
124 45
82 126
61 103
9 37
62 14
14 117
7 59
52 21
39 74
47 36
121 6
95 91
115 58
102 104
107 124
51 102
40 5
100 100
107 108
8 40
121 22
28 127
80 79
19 119
24 65
26 16
70 120
106 56
49 80
31 27
75 82
1 115
86 100
86 64
79 94
103 71
115 2
70 66
80 88
56 103
25 81
119 94
72 96
22 120
47 52
19 122
5 19
108 90
118 65
25 68
30 127
10 16
128 79
82 79
39 9
54 63
90 44
28 33
11 49
25 58
101 43
51 105
61 30
67 50
94 91
117 124
90 126
11 89
77 92
40 115
101 93
49 62
8 76
94 18
125 118
75 97
32 125
73 92
26 11
13 120
102 1
115 63
127 125
23 75
89 62
61 61
26 109
122 33
56 87
51 52
77 125
20 108
122 93
72 19
103 84
10 76
85 124
10 83
121 33
29 81
94 89
13 120
69 6
24 124
92 74
48 40
71 67
20 64
31 91
82 6
46 92
81 2
87 91
84 79
123 112
31 88
72 43
79 12
48 103
8 12
48 55
51 118
121 70
53 24
32 7
29 78
98 109
79 56
71 35
7 65
18 37
25 90
80 103
101 127
77 108
10 125
34 61
114 27
2 39
50 34
45 78
111 14
58 61
69 1
95 75
65 113
112 89
74 63
64 46
61 12
26 71
8 59
3 122
85 4
32 6
37 76
83 19
89 13
80 29
13 46
104 77
30 87
38 103
21 101
21 81
112 46
23 120
104 25
113 61
29 16
66 65
91 21
84 51
33 35
79 45
80 54
121 110
12 30
84 32
2 104
113 114
21 7
105 125
32 89
57 60
104 122
124 66
14 79
116 46
113 66
90 65
120 83
46 3
112 1
35 114
105 19
99 125
25 75
121 56
35 49
115 10
43 111
75 56
61 62
102 46
127 63
110 118
17 27
121 1
27 27
114 3
45 84
128 69
30 120
125 64
41 111
73 83
93 19
10 26
80 111
71 78
46 52
68 62
78 60
62 104
86 47
107 2
2 106
70 31
97 66
94 9
49 38
91 13
56 101
38 7
83 108
85 128
31 24
62 108
83 123
84 40
42 62
41 43
39 110
74 7
48 39
16 96
77 106
108 4
78 18
11 33
125 95
32 28
118 93
7 72
88 90
111 1
23 23
43 61
4 116
68 51
27 83
18 103
60 126
106 10
15 116
42 11
82 73
38 71
38 45
14 125
6 124
125 29
18 39
89 22
27 28
72 53
110 90
27 42
87 4
51 101
120 92
111 73
36 21
16 73
65 29
69 70
25 65
98 42
104 59
63 2
86 7
54 68
96 80
109 54
83 31
26 74
122 8
19 29
28 34
102 92
62 42
34 86
107 3
128 82
61 62
83 19
68 8
86 35
87 66
88 41
96 113
115 89
121 5
117 20
38 90
112 99
4 17
57 110
19 56
63 80
117 17
98 57
24 55
91 110
120 51
22 87
35 8
47 27
12 35
47 49
125 30
20 128
46 76
109 64
3 43
15 119
59 112
47 82
38 10
63 29
60 84
115 94
92 33
121 103
68 39
24 64
68 43
63 113
118 43
48 120
85 63
110 15
46 29
96 84
38 30
112 97
113 99
62 76
3 54
51 70
92 74
5 31
116 67
15 105
109 63
96 65
125 77
79 42
105 46
125 14
75 109
110 60
79 44
7 81
97 57
23 61
2 27
91 117
94 106
93 74
40 60
11 36
9 89
77 113
7 74
127 81
54 108
12 4
23 19
84 120
75 106
52 77
5 14
65 98
119 30
43 30
89 53
65 97
14 14