32
224
167 208
162 211
180 85
57 60
161 44
72 87
112 108
22 160
215 180
2 171
214 149
143 164
56 199
60 175
223 198
95 38
182 32
24 9
116 176
68 148
91 12
106 203
215 128
10 77
179 107
120 168
31 38
107 183
108 38
5 107
11 99
144 64
130 39
72 117
214 12
41 177
119 18
155 109
145 36
186 195
142 81
138 45
214 116
3 98
153 7
204 36
201 219
99 106
33 43
222 118
54 134
166 172
152 96
152 168
3 209
11 145
161 148
189 151
136 63
24 160
165 99
195 141
189 166
22 221
208 115
210 133
121 152
80 144
119 103
183 218
88 193
138 24
213 198
174 220
132 69
155 72
167 126
212 3
67 105
95 146
91 81
54 83
104 5
98 94
107 57
87 194
121 96
218 205
165 39
200 72
108 131
15 146
128 98
149 66
202 19
211 165
195 40
23 74
140 121
40 22
49 126
88 41
94 177
22 34
215 221
106 98
223 216
116 126
90 136
191 163
154 49
103 221
184 222
166 99
118 205
121 38
203 80
78 72
32 195
105 22
192 82
216 62
74 203
188 35
114 26
197 43
75 76
135 34
73 77
133 62
57 125
195 35
76 48
106 107
115 83
224 178
36 215
15 109
193 74
15 178
100 212
93 46
63 3
79 7
79 83
164 136
79 134
42 154
53 20
36 167
198 36
120 9
122 7
214 187
80 4
140 179
215 8
96 149
11 175
155 89
33 94
96 112
3 138
137 152
29 173
94 2
80 86
10 201
92 223
163 171
3 79
222 89
182 93
14 192
139 168
57 172
134 24
155 136
161 163
63 189
111 29
190 62
114 72
39 205
70 73
23 168
23 116
33 205
209 46
172 123
85 100
166 218
124 192
2 156
131 160
217 113
188 54
175 173
125 85
25 67
157 48
10 180
163 138
160 19
55 203
142 140
175 179
5 170
19 6
101 21
166 189
133 1
19 179
174 143
39 198
81 196
21 187
23 56
100 54
74 27
32 87
166 78
138 170
23 156
48 124
176 85
88 180
85 202
135 34
217 173
104 73
16 220
35 38
51 7
91 221
33 219
179 70
72 92
111 95
23 158
90 70
18 49
26 103
27 32
8 115
204 111
187 220
107 94
129 29
100 220
25 132
86 76
201 157
167 87
123 62
117 84
131 6
5 28
108 127
59 212
17 135
194 203
2 76
72 2
201 43
221 97
46 178
172 118
207 115
77 105
48 193
61 50
198 65
78 178
191 8
165 207
14 134
57 111
82 1
113 154
43 205
26 89
159 198
206 141
184 58
117 7
122 177
152 192
17 5
145 79
109 181
61 218
90 118
105 43
118 89
196 160
69 94
120 3
163 198
15 218
127 132
96 25
84 23
216 197
124 8
51 8
188 112
97 149
101 73
64 90
161 131
25 6
224 17
104 34
86 119
27 212
26 122
108 205
145 195
49 44
74 100
147 37
83 19
58 55
92 121
144 124
27 40
129 123
56 105
156 13
223 183
1 120
80 204
196 96
47 21
139 120
216 157
157 170
48 214
224 139
206 143
134 8
54 39
130 206
15 62
218 13
20 90
4 195
70 199
67 116
91 77
107 82
10 39
123 57
124 122
67 105
136 200
209 190
110 114
171 220
47 164
8 162
30 107
133 195
178 71
182 44
19 64
222 124
199 120
52 98
18 118
75 25
190 59
214 171
44 160
167 91
196 46
28 97
25 32
67 202
198 24
21 217
183 18
212 157
138 40
31 27
29 105
51 218
35 137
37 78
168 75
168 139
216 68
11 16
195 173
217 169
68 110
33 27
223 20
183 136
155 213
34 184
189 181
177 95
93 85
173 36
31 212
47 23
151 153
134 122
102 223
162 169
108 194
195 106
85 26
114 16
14 19
199 75
199 23
41 163
204 213
199 10
73 117
128 223
45 134
120 146
132 57
187 111
122 157
88 79
182 73
190 68
92 36
14 162
58 54
101 133
139 171
15 211
63 14
81 107
147 73
125 150
129 87
132 123
115 220
73 169
164 38
108 127
73 217
65 2
46 37
135 56
79 21
138 13
34 219
119 181
67 115
202 67
73 110
61 188
201 133
4 140
42 111
43 210
103 203
212 20
111 218
172 189
14 85
201 143
175 191
195 113
82 173
180 154
58 112
213 130
117 216
45 158
198 183
16 76
33 3
192 143
92 139
107 201
95 179
119 142
146 90
30 99
38 81
124 191
193 209
96 85
200 12
114 46
67 129
217 99
3 184
18 190
194 220
166 161
175 61
78 192
22 107
162 155
188 61
121 28
141 88
112 213
195 97
34 37
98 26
136 196
82 153
162 51
20 103
83 194
35 160
33 152
43 194
82 102
127 74
129 43
33 112
31 4
80 160
40 49
58 47
21 139
199 54
61 91
28 144
60 63
175 93
214 217
158 168
190 60
17 94
199 50
77 101
53 157
37 188
205 94
11 97
8 81
150 164
171 178
83 103
16 34
67 101
122 224
140 184
156 157
149 130
78 2
6 2
158 138
61 10
7 71
107 110
24 32
146 66
209 4
168 96
133 106
69 127
106 208
86 37
12 10
166 185
107 43
186 136
181 23
146 59
189 28
169 84
155 90
150 12
189 189
107 194
71 47
192 48
31 149
84 138
30 121
99 137
163 60
48 215
178 193
50 143
92 90
98 119
51 23
130 15
84 12
80 154
59 47
201 185
195 156
98 1
52 68
9 86
128 56
77 177
121 126
95 212
215 193
106 41
87 107
151 170
215 103
195 145
149 171
105 216
102 74
88 25
142 96
111 141
151 187
93 47
184 60
131 46
124 108
182 82
215 108
28 205
82 222
125 103
41 101
94 14
46 53
39 187
148 21
199 170
79 68
89 38
223 91
83 122
70 136
203 156
115 102
8 197
196 4
75 12
104 168
25 22
92 159
208 111
179 55
152 33
218 112
166 216
202 120
209 144
31 187
75 146
161 83
214 132
86 64
15 62
103 135
83 194
70 162
80 120
216 103
25 209
215 62
72 64
182 56
207 84
115 58
101 51
12 90
182 193
153 68
30 31
202 208
96 143
146 47
39 9
150 159
90 140
220 161
75 177
217 58
133 107
211 9
157 94
99 210
62 27
53 188
154 30
171 25
45 188
72 83
69 93
17 158
104 108
94 178
157 182
107 65
64 93
73 92
58 171
173 120
70 97
179 223
223 125
23 43
185 190
125 29
58 13
58 161
216 23
211 148
205 93
212 140
58 157
104 115
103 52
106 172
149 60
42 19
57 161
61 17
126 57
141 56
69 70
88 156
92 74
80 168
167 163
84 224
95 187
210 70
110 92
113 130
151 155
148 207
91 208
95 88
40 107
143 204
176 7
136 140
176 87
83 214
25 38
213 120
96 71
189 206
162 77
207 184
103 131
39 193
210 133
57 122
112 71
101 63
173 108
202 125
66 157
114 91
194 199
82 66
141 142
143 78
218 125
133 193
31 171
161 113
80 89
10 191
160 206
125 204
186 199
104 27
131 90
213 100
160 70
165 76
211 179
25 77
80 157
45 206
104 77
94 55
166 199
117 197
181 17
48 14
215 24
40 121
113 125
93 144
194 129
219 53
84 19
129 35
47 45
16 150
217 206
204 158
180 96
2 8
209 50
21 199
73 157
192 57
57 156
200 122
60 66
174 15
180 174
49 2
90 65
152 83
142 3
112 97
99 114
105 83
35 221
153 203
25 216
131 81
147 106
75 79
43 24
93 222
70 14
223 159
174 22
113 91
25 1
187 219
210 163
173 116
32 197
94 56
189 224
9 207
201 83
61 19
202 26
112 47
39 110
78 212
4 190
78 124
190 136
118 47
171 162
162 202
134 127
33 98
126 137
81 198
219 13
88 197
38 199
19 172
181 192
159 184
158 108
179 219
116 72
42 62
105 203
135 14
106 39
112 103
176 64
77 170
76 36
14 210
11 33
157 63
224 188
118 29
71 72
24 58
15 65
119 119
43 125
132 20
164 115
123 115
50 71
156 126
106 170
207 212
74 139
146 169
102 39
198 45
110 93
102 220
157 93
114 71
217 118
91 28
8 85
142 58
27 170
55 4
211 133
216 60
47 137
100 21
48 73
161 29
165 38
25 193
2 138
136 219
127 98
118 135
182 36
64 80
77 214
83 63
218 170
122 40
179 93
156 2
166 92
30 202
2 150
43 3
64 178
93 190
51 211
196 104
118 131
183 194
216 137
32 209
83 25
121 37
117 52
134 154
16 35
4 17
185 142
19 24
191 208
85 17
194 153
216 87
155 46
152 147
182 55
3 40
79 219
172 67
143 81
93 158
116 192
46 76
109 160
195 75
143 151
187 112
175 50
70 106
95 221
124 52
51 222
188 1
217 135
164 135
88 128
68 203
95 113
150 75
48 216
21 63
14 207
174 189
128 116
166 222
112 65
49 35
62 12
35 54
19 70
60 106
197 127
180 67
111 105
13 31
192 33
93 205
111 138
169 14
29 110
11 13
46 156
47 204
39 177
33 57
23 189
162 219
91 117
158 74
93 170
104 156
75 68
137 57
205 177
71 10
159 177
118 204
204 164
183 19
116 88
75 10
52 13
101 14
1 34
87 94
75 62
25 21
1 33
78 206