32
256
103 176
226 51
84 213
57 188
1 236
104 151
48 172
182 160
55 84
2 171
182 53
79 68
184 39
60 15
127 134
255 230
54 224
24 137
180 80
68 180
59 172
74 107
87 256
10 141
83 11
56 8
63 134
75 247
172 134
5 43
11 3
16 64
226 39
200 149
118 12
73 177
183 146
27 13
145 36
154 227
46 209
234 109
86 52
99 2
185 103
44 196
105 59
3 74
97 203
222 214
214 38
134 140
184 160
152 72
195 49
43 241
1 20
93 87
72 191
88 256
37 131
195 141
189 198
214 29
144 179
242 101
217 120
240 144
23 135
215 218
184 1
202 184
21 38
14 92
228 101
91 8
231 30
148 163
227 105
191 114
27 177
214 243
40 197
130 62
75 89
23 2
89 224
186 109
5 199
200 232
44 35
239 18
64 130
181 34
234 115
147 5
35 104
247 74
44 121
136 118
209 158
120 41
126 49
150 130
247 93
106 34
127 88
52 190
218 232
223 195
90 113
199 125
216 190
198 3
54 77
121 6
235 240
46 104
32 195
233 22
32 82
56 158
170 107
92 131
82 58
69 171
171 12
39 130
201 237
133 254
57 253
3 35
236 48
138 11
243 115
32 18
196 87
175 109
193 10
239 18
68 52
189 238
63 227
111 7
207 243
4 8
239 6
42 218
53 180
228 39
38 4
56 233
90 231
86 27
240 68
44 51
119 232
32 181
203 143
187 153
129 190
160 112
195 202
73 248
125 45
30 162
48 86
138 137
60 223
163 43
35 207
94 153
182 125
78 128
11 8
25 140
198 184
251 136
129 67
127 253
111 157
158 158
242 40
39 45
6 201
87 40
151 180
193 77
49 14
204 59
21 228
198 218
156 192
98 28
3 224
25 113
124 182
15 109
221 53
153 227
253 240
10 148
163 202
224 211
215 171
14 236
143 211
197 42
147 38
69 149
6 93
5 129
19 19
238 239
71 134
209 68
117 219
215 24
164 182
234 123
96 247
102 238
202 42
23 92
80 92
240 85
184 244
213 202
7 194
185 77
72 137
144 188
99 102
211 7
27 189
129 123
179 230
104 124
15 127
215 94
218 198
178 145
186 135
91 192
72 19
12 143
155 156
75 254
1 29
4 28
217 132
150 140
105 253
7 119
123 222
213 84
163 134
229 92
12 63
27 84
81 39
226 235
194 44
232 194
73 235
221 33
110 114
172 214
111 179
77 233
144 33
61 50
166 33
142 178
95 168
5 175
206 230
153 143
18 129
81 90
107 45
122 217
159 38
174 13
216 250
245 103
26 49
152 192
81 37
113 175
205 117
93 154
90 246
41 107
118 121
196 224
165 62
184 67
99 102
79 58
95 68
160 121
116 55
56 197
92 168
115 40
28 208
193 117
197 233
224 58
97 163
25 6
224 209
72 66
54 151
123 148
218 26
12 77
81 67
17 172
234 132
211 5
83 147
122 23
124 89
80 220
251 104
225 219
56 41
28 109
191 151
1 152
176 12
228 256
79 245
171 56
120 125
61 202
16 182
224 139
14 47
102 8
150 71
226 206
111 254
58 45
148 58
196 67
70 167
67 148
155 237
203 18
106 7
219 121
188 186
3 201
232 104
209 126
174 178
75 28
175 132
72 66
190 11
133 3
178 199
150 76
179 96
94 28
103 56
148 34
242 150
235 217
254 187
86 171
108 160
199 27
36 14
92 225
25 224
227 202
166 120
21 89
215 114
116 61
170 8
95 155
157 73
115 154
3 201
69 110
104 11
136 139
24 228
107 48
195 77
249 105
196 14
193 155
127 52
215 40
59 53
194 216
125 53
113 127
253 181
237 100
191 116
239 215
87 89
6 26
166 255
130 105
12 66
3 138
117 218
178 176
14 115
135 139
167 247
9 163
172 245
7 106
105 245
64 191
77 70
216 242
68 89
91 79
154 93
216 15
54 137
190 68
252 68
206 162
58 214
69 229
203 75
79 51
63 142
241 139
211 201
125 22
33 215
100 187
51 60
201 105
196 134
172 191
201 121
97 2
78 165
231 24
239 53
74 45
194 59
183 149
3 51
170 35
9 14
221 60
73 165
164 12
42 79
203 242
199 43
244 20
207 218
44 189
14 117
233 207
175 159
99 177
210 13
212 218
26 176
21 98
85 184
109 126
6 55
112 204
97 99
224 47
60 11
235 73
127 211
23 46
114 122
222 67
134 177
28 159
97 49
256 181
232 108
50 238
163 161
185 3
3 152
50 62
162 28
134 33
239 157
78 96
22 43
162 155
220 189
57 60
237 56
240 213
163 33
194 69
194 122
72 196
18 121
2 179
148 135
211 130
35 32
225 56
75 130
210 38
63 10
97 43
65 80
255 228
112 192
40 49
58 111
245 75
231 246
253 123
124 208
252 159
239 221
214 57
94 168
94 156
177 190
199 242
13 197
213 125
133 252
173 190
107 161
8 81
150 4
203 18
211 199
176 194
163 133
250 256
44 88
156 221
21 98
206 34
38 162
158 170
157 74
103 7
235 110
88 128
114 34
145 68
232 64
5 138
197 255
138 240
86 37
204 106
134 153
139 171
58 40
85 215
114 187
221 92
41 52
219 154
86 108
221 61
171 226
199 111
224 80
95 53
116 42
158 249
195 41
163 252
80 247
210 193
178 175
28 218
226 247
115 55
98 79
116 12
48 58
123 15
137 217
67 252
2 225
244 196
9 150
192 88
141 145
25 62
63 52
23 33
42 137
87 139
215 202
151 7
3 17
21 139
233 88
134 234
56 121
174 64
15 109
151 155
253 175
216 60
227 238
92 12
118 178
151 76
124 45
82 126
61 103
9 37
190 142
14 245
7 187
52 21
39 202
175 36
121 134
95 91
115 186
102 232
107 252
51 230
40 133
100 100
235 108
136 168
249 150
156 255
80 207
19 119
152 193
154 16
70 248
106 184
177 208
159 27
203 210
1 243
86 100
86 64
207 222
231 199
115 130
198 194
80 216
56 231
153 209
247 222
200 96
150 120
47 52
147 250
5 147
236 90
246 65
153 196
30 127
138 144
256 79
82 79
39 137
54 191
90 44
156 33
139 49
153 186
101 43
179 105
189 158
195 178
222 91
117 252
218 254
139 217
77 220
40 115
101 93
49 190
136 204
222 18
253 118
203 97
160 125
201 92
26 139
13 248
230 129
243 191
127 125
151 203
89 190
61 189
26 109
122 161
56 87
179 52
205 125
148 108
250 93
200 19
231 212
10 204
85 252
138 211
121 33
157 209
222 217
141 248
69 6
152 124
92 74
176 40
199 67
148 192
159 91
210 134
46 220
81 130
215 219
84 79
251 240
31 216
200 171
207 12
176 103
136 12
176 55
51 118
121 198
53 24
32 7
157 78
226 237
207 184
199 35
7 193
18 37
153 218
208 103
229 127
205 108
138 125
162 189
242 27
130 39
50 162
45 206
239 14
186 189
197 129
223 203
65 241
240 217
202 191
64 174
61 12
26 199
136 187
131 122
213 4
160 6
165 204
211 147
217 141
80 157
13 46
104 77
30 87
38 231
21 101
149 81
112 174
23 248
104 153
113 61
157 16
66 65
219 21
212 179
161 35
79 173
80 182
249 110
12 30
84 32
130 232
113 242
149 135
233 253
32 89
57 188
104 122
252 66
142 207
244 46
241 66
218 65
248 211
174 3
240 1
35 114
233 147
99 125
25 75
121 56
163 177
243 10
43 239
75 184
189 62
230 174
127 191
238 118
145 155
121 129
155 155
242 131
45 84
256 69
158 120
125 64
41 111
73 83
93 147
10 26
208 239
199 78
174 180
196 62
78 60
190 232
214 175
107 2
2 106
70 159
225 194
222 9
49 38
91 141
184 101
166 135
83 108
213 256
31 152
62 108
211 251
84 168
170 190
169 171
39 238
74 7
176 39
16 224
77 106
108 4
206 18
139 33
125 95
32 156
246 93
7 200
88 90
111 1
23 23
171 61
4 244
68 179
27 83
146 103
188 254
106 138
15 244
170 139
82 201
38 71
38 45
14 125
134 124
125 157
146 39
217 150
27 28
72 53
110 218
155 42
215 4
179 229
248 92
111 73
36 149
144 73
193 157
197 70
25 65
226 170
104 187
63 130
214 135
182 68
96 80
109 54
83 31
26 74
122 136
147 157
28 34
230 220
190 170
34 214
235 3
128 82
189 190
211 147
68 136
214 163
215 66
216 41
96 241
115 217
121 5
117 148
38 90
112 227
4 145
185 238
147 56
63 80
245 17
226 57
152 183
219 110
248 179
150 87
163 8
47 27
12 163
175 49
253 30
20 256
174 204
237 64
3 43
143 247
59 112
47 210
38 10
63 29
188 212
115 94
220 161
121 231
68 39
24 64
68 43
63 241
246 43
48 248
85 191
238 143
46 29
96 84
38 158
112 225
113 227
62 76
131 182
51 198
220 74
5 31
116 67
15 105
109 63
96 193
253 77
79 42
105 174
125 142
75 237
110 188
207 172
7 81
97 57
23 61
130 27
91 245
94 106
93 202
168 188
139 164
9 217
205 113
135 74
255 209
54 108
140 4
23 147
84 120
203 106
180 77
133 14
65 226
119 158
171 30
89 53
193 97
14 142