32
288
167 144
98 51
52 245
217 284
1 204
168 247
240 44
246 288
247 212
226 267
86 245
271 228
184 167
188 47
287 70
95 38
214 192
88 137
148 176
132 20
251 172
138 203
87 96
74 205
179 171
56 264
127 38
203 183
76 262
101 75
43 195
112 128
98 71
264 117
246 268
137 81
23 146
283 109
241 228
26 3
110 81
266 109
278 52
3 66
25 103
140 228
169 123
67 266
193 203
94 22
182 102
262 204
248 256
184 72
67 81
235 177
33 212
285 23
136 159
88 32
133 99
259 13
93 198
278 285
112 243
178 165
217 152
80 48
279 135
279 218
216 225
106 248
21 262
270 28
4 229
59 136
39 30
148 3
227 9
159 210
123 49
86 211
72 37
130 222
171 121
151 98
217 128
58 109
261 199
136 264
140 195
271 50
96 2
53 194
10 211
115 5
131 200
215 202
108 57
8 278
49 158
248 137
158 177
246 130
87 93
106 226
159 248
148 254
250 72
159 131
282 145
135 285
216 222
70 35
278 77
25 198
107 144
46 264
32 163
105 118
256 82
216 286
42 235
252 163
18 282
5 11
139 140
167 66
73 237
101 222
25 285
3 131
12 48
106 43
83 83
32 210
36 247
207 77
193 42
111 82
36 116
253 46
255 131
111 199
79 83
4 104
239 6
106 250
213 84
4 7
38 36
216 73
154 7
22 219
48 132
12 83
247 264
288 85
107 111
283 185
193 286
160 144
3 266
265 88
221 269
94 258
176 182
42 41
188 63
259 235
195 271
190 25
118 189
110 224
171 104
121 76
262 152
91 264
129 227
63 61
207 29
30 254
210 232
7 109
6 137
215 72
279 276
97 109
177 206
44 59
181 36
6 154
188 256
2 188
195 224
121 273
252 22
239 45
253 117
25 131
253 240
202 244
227 170
64 275
247 267
46 140
175 211
165 234
51 166
133 117
102 125
101 225
147 211
270 111
39 6
113 4
245 187
119 56
68 54
42 187
32 247
38 78
42 202
23 92
240 156
208 213
280 180
149 10
103 130
281 141
8 105
16 124
3 134
179 231
187 93
129 91
211 38
168 252
111 191
55 62
218 134
274 81
26 135
91 288
136 243
140 143
59 156
267 222
161 29
164 60
121 4
22 204
41 189
167 151
251 94
85 52
227 230
5 124
76 255
123 84
209 135
98 267
162 76
200 194
265 235
253 257
110 146
172 22
207 51
45 169
16 129
93 114
70 97
238 18
63 232
101 271
238 198
121 271
146 193
177 282
139 13
250 249
159 134
270 77
56 26
117 71
26 209
56 256
17 5
273 239
109 245
221 218
154 54
201 171
246 249
164 96
261 286
216 131
3 70
79 218
255 196
160 281
116 215
248 5
92 104
243 200
60 176
1 85
101 73
128 218
33 163
25 6
160 113
8 34
54 87
251 20
282 122
172 269
49 3
145 140
266 100
211 37
147 211
282 119
284 121
48 188
283 232
193 27
56 73
60 269
159 23
1 24
144 44
164 64
207 21
203 184
280 285
221 10
80 214
128 75
206 175
134 200
278 39
226 206
271 286
186 141
20 58
36 35
102 199
99 20
91 173
75 82
170 7
251 249
92 90
195 9
136 40
81 126
238 18
43 92
175 228
232 66
286 139
101 259
210 71
150 12
115 224
254 156
103 216
276 194
18 182
75 25
94 155
150 203
44 192
7 219
4 110
284 161
121 256
131 42
198 280
53 25
87 18
52 189
234 40
95 123
93 169
147 186
195 169
261 238
232 139
168 235
120 36
107 240
163 109
281 73
260 206
257 59
95 20
247 40
219 53
34 24
93 53
209 159
221 53
109 164
63 148
271 183
55 249
6 218
70 159
162 41
76 130
99 170
21 218
82 240
270 275
263 235
39 55
265 131
268 85
7 42
105 149
96 159
109 262
88 178
132 249
91 79
250 189
120 143
118 73
254 260
60 100
78 258
154 54
101 5
11 267
207 115
127 174
145 235
147 105
285 150
65 87
100 187
147 220
201 137
164 166
268 95
265 217
65 2
270 37
7 152
175 85
138 173
258 283
119 117
99 275
138 35
233 238
93 92
41 5
100 204
42 79
11 178
7 235
180 148
143 58
172 29
142 21
201 271
175 191
259 145
178 109
180 122
58 144
85 258
21 184
173 62
134 55
112 140
161 3
160 15
220 43
43 233
223 115
215 270
18 186
126 67
6 177
60 223
33 17
192 53
200 236
274 206
163 97
217 35
259 88
50 62
2 252
6 97
79 221
78 256
278 203
194 155
92 253
89 284
141 152
48 213
259 193
130 133
162 58
168 4
18 217
66 19
52 71
275 130
163 64
257 24
267 162
178 230
287 138
225 139
161 144
63 132
208 64
264 241
282 15
245 11
231 182
189 155
124 176
284 287
111 253
22 89
286 72
190 284
209 126
7 82
141 229
213 61
5 60
13 286
75 129
8 177
22 68
43 146
243 199
144 66
35 37
26 32
268 88
188 189
85 194
142 226
134 226
286 10
157 170
7 231
11 174
280 32
114 194
177 68
104 192
5 10
101 191
42 80
278 229
140 74
134 153
171 139
90 40
149 247
210 27
61 220
201 212
123 26
118 172
253 93
75 130
103 47
192 16
127 53
244 138
286 249
3 169
99 92
208 119
210 129
146 271
220 218
66 215
115 183
98 79
148 172
80 250
219 271
265 217
35 92
66 33
52 228
73 22
32 280
141 113
281 286
95 212
215 161
138 41
215 107
279 74
151 231
195 241
213 171
169 120
262 106
24 185
46 96
207 237
87 59
61 79
216 28
163 14
60 172
214 146
279 204
220 141
18 126
93 103
169 133
222 14
110 117
199 155
212 277
263 170
207 36
121 134
223 155
147 282
198 232
139 60
19 230
72 37
228 36
139 108
168 72
121 150
60 191
16 143
179 151
184 97
58 176
102 280
42 120
145 112
63 283
171 82
97 243
278 36
278 128
15 30
71 7
179 130
198 66
272 248
216 39
217 273
215 190
136 128
22 280
239 244
147 122
197 243
236 186
278 97
25 164
126 95
170 176
96 239
242 239
199 41
278 287
186 204
188 33
203 209
25 154
37 171
147 233
125 254
131 274
62 155
149 60
122 30
235 217
141 60
168 51
261 29
49 158
104 108
190 18
189 86
43 225
256 189
169 252
26 11
109 88
38 129
19 159
31 253
87 171
185 126
221 157
154 141
186 257
120 247
147 20
45 189
244 172
250 285
8 275
7 116
234 44
245 252
74 147
89 33
29 273
158 121
13 184
261 70
24 252
28 170
272 232
71 99
116 32
95 123
178 262
110 124
177 226
87 251
84 175
283 112
31 24
232 203
207 76
272 231
40 172
272 183
115 214
281 102
245 88
96 7
61 206
130 237
15 88
71 99
135 65
82 165
89 186
240 167
261 223
269 172
106 253
226 93
178 219
194 7
178 2
173 110
79 14
58 93
261 1
191 107
65 145
272 25
42 223
192 174
29 44
218 7
8 155
99 58
245 4
224 134
5 108
243 243
281 173
48 253
173 110
72 109
254 215
134 167
21 197
53 49
112 142
55 280
8 153
49 125
29 144
258 193
251 85
148 243
257 67
79 13
176 150
281 14
76 126
180 96
194 104
17 18
245 71
9 125
96 217
249 284
72 90
188 194
174 207
20 14
273 98
186 161
248 179
46 195
176 225
3 82
41 19
259 157
249 139
153 216
227 113
211 10
75 271
75 248
189 94
134 46
191 31
78 22
81 123
217 257
59 91
210 259
269 52
288 101
190 152
29 128
137 111
9 211
93 83
42 154
48 175
199 238
78 276
132 158
110 220
126 40
22 207
171 162
258 170
262 31
33 2
158 41
113 38
251 77
280 5
230 39
179 12
149 128
287 280
286 268
83 283
180 104
202 62
137 171
103 110
202 7
112 231
48 96
269 10
172 132
174 274
171 65
285 191
192 156
54 61
135 136
56 186
111 257
247 247
139 221
68 212
228 51
155 275
18 7
156 190
138 42
47 180
266 43
242 41
198 7
102 205
142 29
102 124
285 221
82 7
153 22
219 252
72 245
238 90
123 266
151 132
179 69
24 156
111 265
68 181
144 169
257 157
197 70
281 65
162 74
232 27
255 34
150 39
278 100
288 272
237 22
115 127
250 10
282 72
147 221
124 2
102 92
158 170
34 22
107 195
96 50
93 62
83 243
260 232
214 131
215 162
24 201
288 273
211 153
217 69
85 52
230 58
16 259
100 49
281 78
243 88
287 208
21 81
162 153
184 87
155 270
120 179
182 279
35 104
143 123
44 99
47 273
29 62
244 288
270 236
77 96
195 75
15 87
27 176
111 82
134 266
63 253
28 244
243 222
220 257
57 263
228 103
120 128
164 75
127 145
182 75
240 248
21 127
206 47
14 29
288 20
166 62
272 193
17 99
126 236
67 182
83 166
156 202
5 31
148 131
47 41
77 159
160 97
285 77
15 170
105 14
189 270
75 45
46 252
143 44
71 81
225 153
247 253
66 251
283 213
254 202
125 42
72 156
11 228
233 185
109 209
199 10
63 145
214 108
268 68
151 51
148 248
203 266
212 269
101 78
65 66
279 190
267 222
57 149
33 161
46 142