32
32
7 16
2 19
20 21
25 28
1 12
8 23
16 12
22 32
23 20
2 11
22 21
15 4
24 7
28 15
31 6
31 6
22 32
24 9
20 16
4 20
27 12
10 11
23 32
10 13
19 11
24 8
31 6
11 23
12 6
5 11
11 3
16 32
2 7
8 21
22 12
9 17
23 18
27 13
17 4
26 3
14 17
10 13
22 20
3 2
25 7
12 4
9 27
3 10
1 11
30 22
22 6
6 12
24 32
24 8
3 17
11 17
1 20
29 23
8 31
24 32
5 3
3 13
29 6
22 29
16 19
18 5
25 24
16 16
23 7
23 26
24 1
10 24
21 6
14 28
4 5
27 8
7 30
20 3
3 9
31 18
27 17
22 19
8 5
2 30
11 25
23 2
25 32
26 13
5 7
8 8
12 3
15 18
32 2
21 2
10 19
19 5
3 8
23 10
12 25
8 22
17 30
24 9
30 17
22 2
23 29
10 2
31 24
20 30
26 8
31 3
26 17
7 29
24 30
6 3
22 13
25 6
11 16
14 8
32 3
9 22
32 18
24 30
10 11
28 3
18 26
5 11
11 12
7 2
9 13
5 30
25 29
3 3
12 16
10 11
19 19
32 18
4 23
15 13
1 10
15 18
4 20
29 14
31 3
15 7
15 19
4 8
15 6
10 26
21 20
4 7
6 4
24 9
26 7
22 27
16 4
12 19
23 8
32 21
11 15
27 25
1 30
32 16
3 10
9 24
29 13
30 2
16 22
10 9
28 31
3 11
3 15
30 25
22 29
14 32
11 8
25 12
6 24
27 8
1 3
31 29
15 29
30 30
18 8
7 13
6 9
23 8
23 20
1 13
17 14
12 27
21 4
6 26
28 32
2 28
3 32
25 17
28 22
15 13
29 21
25 3
29 16
10 20
3 10
32 19
23 11
14 12
15 19
5 10
19 6
5 21
6 29
5 1
19 19
14 15
7 6
17 4
21 27
23 24
4 22
10 27
32 23
6 14
10 10
23 28
16 28
16 21
24 20
21 10
7 2
25 13
8 9
16 28
3 6
19 7
27 29
1 27
19 6
8 28
15 31
23 30
26 6
18 17
26 7
27 32
8 19
12 15
27 28
11 30
1 29
4 28
25 4
22 12
9 29
7 23
27 30
21 20
3 6
5 28
12 31
27 20
17 7
2 11
2 12
8 2
9 11
29 1
14 18
12 22
15 19
13 9
16 1
29 18
6 1
14 18
31 8
5 15
14 6
25 15
18 1
17 26
11 13
26 25
31 6
14 13
24 26
21 7
26 17
24 32
17 5
17 15
13 21
29 26
26 22
9 11
22 25
4 32
5 30
24 3
3 6
15 26
31 4
32 25
20 23
24 5
28 8
19 8
28 16
1 21
5 9
32 26
1 3
25 6
32 17
8 2
22 23
27 20
26 26
12 13
17 3
17 12
10 4
19 5
19 19
26 23
28 25
16 28
27 8
1 27
24 9
28 13
31 23
1 24
16 12
4 32
15 21
11 24
24 29
29 10
16 22
32 11
14 15
6 8
22 7
2 14
15 30
26 13
20 26
4 3
6 7
3 20
27 13
11 18
10 7
27 25
28 26
3 9
8 8
17 30
14 18
11 28
15 4
8 2
30 11
5 3
18 7
22 12
19 32
30 28
7 24
20 2
18 22
11 25
30 27
22 11
12 32
7 27
4 14
28 1
25 32
3 10
6 24
21 25
23 18
20 29
10 8
31 27
29 9
19 26
3 9
5 14
8 11
8 11
24 4
11 16
3 13
25 9
4 14
1 27
31 20
23 8
27 21
2 24
29 21
17 31
29 21
13 4
31 20
15 23
23 25
6 26
6 31
2 9
12 2
3 10
21 26
18 16
14 19
7 11
7 23
9 3
12 21
7 10
9 21
32 31
13 6
24 18
4 25
27 15
26 29
24 15
22 9
30 4
28 4
14 2
26 22
5 5
11 11
15 19
31 14
17 11
19 9
29 22
1 23
4 27
19 28
9 9
4 6
12 31
9 25
1 2
14 5
7 24
15 21
10 13
2 27
23 21
3 19
10 3
9 14
29 28
9 5
4 12
10 15
11 18
7 11
20 20
15 26
12 29
14 21
9 15
15 31
3 17
18 13
20 26
26 16
21 2
21 24
13 30
6 23
16 12
1 3
32 15
28 11
11 9
31 19
23 14
18 26
30 3
6 17
28 31
1 17
32 21
8 12
18 14
3 1
25 3
3 24
18 30
2 28
6 1
15 29
14 32
22 11
2 27
28 29
25 28
13 24
16 21
3 1
2 5
2 26
8 4
18 25
2 19
20 7
19 2
3 32
1 24
11 2
18 6
31 10
1 11
1 16
31 4
16 32
8 17
26 15
21 11
7 22
29 27
28 16
28 31
15 29
22 25
30 8
30 28
17 30
7 18
13 5
21 29
5 28
13 30
11 1
8 17
22 4
11 18
19 7
16 2
3 5
26 32
12 24
28 29
21 2
14 2
6 2
30 10
29 10
7 7
11 14
24 32
18 2
17 4
8 32
5 10
5 31
10 16
22 5
12 10
6 25
11 11
26 8
21 23
18 27
29 28
9 20
27 26
22 12
29 29
11 2
7 15
32 16
31 21
20 10
30 25
3 9
3 28
16 23
18 1
18 15
28 26
2 23
19 23
2 15
20 12
16 26
27 15
9 25
3 28
2 1
20 4
9 22
32 24
13 17
25 30
31 20
23 1
10 9
23 11
23 10
23 7
3 17
21 11
9 24
6 10
24 25
14 32
15 13
23 27
29 15
24 28
3 14
28 12
22 18
23 12
28 13
18 30
29 7
9 5
30 14
14 21
7 27
20 21
7 10
15 4
25 6
31 27
19 26
6 8
11 28
19 6
8 5
4 4
11 12
8 8
25 22
28 31
16 15
19 23
24 1
26 16
6 24
10 24
17 16
31 27
11 18
1 19
22 4
22 32
15 30
7 7
19 2
6 2
16 24
24 7
25 17
23 30
8 32
22 24
15 20
19 26
5 19
12 26
22 1
25 4
30 31
10 16
32 15
18 15
7 9
22 31
26 12
28 1
11 17
25 26
5 11
19 9
29 30
3 18
30 27
21 28
26 30
11 25
13 28
8 19
5 29
17 30
8 12
30 18
29 22
11 1
32 29
9 28
26 11
13 24
6 1
19 31
31 29
23 11
25 30
29 29
26 13
26 1
24 23
19 20
13 29
20 12
26 29
8 19
7 20
10 12
21 28
10 19
25 1
29 17
30 25
13 24
5 6
24 28
28 10
16 8
7 3
20 32
31 27
18 6
14 28
17 2
23 27
20 15
27 16
31 24
8 11
15 12
16 7
8 12
16 23
19 22
25 6
21 24
32 7
29 14
2 13
15 24
7 3
7 1
18 5
25 26
16 7
5 31
13 12
10 29
2 29
18 27
2 7
18 2
13 14
15 14
26 29
5 1
31 11
1 17
16 25
10 31
32 14
29 12
26 7
8 27
3 26
21 4
32 6
5 12
19 19
25 13
16 29
13 14
8 13
30 23
6 7
21 5
21 17
16 14
23 24
8 25
17 29
29 16
2 1
27 21
20 19
1 3
15 13
16 22
25 14
12 30
20 32
2 8
17 18
21 7
9 29
32 25
25 28
8 26
28 2
14 15
20 14
17 2
26 1
24 19
14 3
16 1
3 18
9 19
3 29
25 11
25 24
3 17
19 10
11 15
11 24
29 30
6 14
31 31
14 22
17 27
25 1
27 27
18 3
13 20
32 5
30 24
29 32
9 15
9 19
29 19
10 26
16 15
7 14
14 20
4 30
14 28
30 8
22 15
11 2
2 10
6 31
1 2
30 9
17 6
27 13
24 5
6 7
19 12
21 32
31 24
30 12
19 27
20 8
10 30
9 11
7 14
10 7
16 7
16 32
13 10
12 4
14 18
11 1
29 31
32 28
22 29
7 8
24 26
15 1
23 23
11 29
4 20
4 19
27 19
18 7
28 30
10 10
15 20
10 11
18 9
6 7
6 13
14 29
6 28
29 29
18 7
25 22
27 28
8 21
14 26
27 10
23 4
19 5
24 28
15 9
4 21
16 9
1 29
5 6
25 1
2 10
8 27
31 2
22 7
22 4
32 16
13 22
19 31
26 10
26 8
19 29
28 2
6 28
30 10
2 22
11 3
32 18
29 30
19 19
4 8
22 3
23 2
24 9
32 17
19 25
25 5
21 20
6 26
16 3
4 17
25 14
19 24
31 16
21 17
2 25
24 23
27 14
24 19
22 23
3 8
15 27
12 3
15 17
29 30
20 32
14 12
13 32
3 11
15 23
27 16
15 18
6 10
31 29
28 20
19 30
28 1
25 7
4 7
24 32
4 11
31 17
22 11
16 24
21 31
14 15
14 29
32 20
6 30
16 1
17 3
30 12
3 22
19 6
28 10
5 31
20 3
15 9
13 31
32 1
29 13
15 10
9 14
29 14
11 13
14 28
15 12
7 17
1 25
23 29
2 27
27 21
30 10
29 10
8 28
11 4
9 25
13 17
7 10
31 17
22 12
12 4
23 19
20 24
11 10
20 13
5 14
1 2
23 30
11 30
25 21
1 1
14 14