32
320
39 48
290 179
212 21
57 188
65 172
104 23
304 236
310 288
55 276
194 171
310 245
207 196
248 39
60 15
127 262
191 38
310 160
216 73
180 144
260 116
187 236
10 171
23 320
10 269
147 75
312 136
319 198
11 119
108 262
5 235
203 195
272 64
34 39
136 85
182 268
201 241
55 82
91 77
81 292
26 99
46 17
234 237
86 116
35 194
57 39
108 132
105 251
195 138
289 203
222 22
150 294
134 204
56 224
152 8
67 49
299 113
257 212
29 23
200 255
216 128
165 195
259 269
317 6
86 285
208 179
178 229
25 312
112 272
87 135
151 26
184 129
138 120
213 38
142 284
164 229
91 8
103 30
276 291
35 233
127 114
283 305
22 179
168 5
2 126
139 153
151 2
153 160
122 237
69 135
200 232
44 291
111 18
192 258
309 98
170 115
211 5
291 232
183 138
108 185
136 246
209 286
120 233
318 113
150 66
247 29
298 290
191 280
180 62
218 40
159 259
154 241
263 317
24 318
6 131
182 141
57 262
299 48
174 296
160 195
41 86
224 210
248 286
170 299
28 259
18 58
197 171
299 140
39 2
137 45
133 190
185 61
3 163
300 176
138 139
243 51
96 18
132 23
303 301
1 202
111 210
260 308
253 110
127 291
111 135
15 115
196 200
47 198
234 26
245 244
164 167
166 260
184 297
154 39
150 27
240 260
236 179
247 168
160 245
139 271
59 153
65 254
224 112
131 138
9 248
253 173
94 98
304 150
74 137
188 223
163 107
163 79
158 281
118 317
206 256
139 264
89 204
70 184
187 200
1 67
127 253
239 93
30 94
242 296
231 109
198 265
87 232
215 116
193 13
113 78
268 251
213 228
6 282
92 64
34 284
131 32
89 241
124 310
15 237
285 117
217 35
61 304
266 276
99 10
288 83
279 107
14 172
207 211
5 170
147 38
133 149
70 93
69 65
83 275
302 47
71 198
273 132
181 91
279 152
100 118
234 251
224 119
102 302
202 106
151 28
16 284
176 277
56 116
21 10
71 2
249 141
72 201
144 124
291 102
275 263
219 61
193 315
51 166
296 252
143 127
279 158
282 6
114 209
122 135
219 64
8 19
204 79
219 28
203 62
1 29
4 220
89 196
86 12
41 61
263 183
59 94
213 212
99 198
293 92
12 63
155 212
81 231
162 299
130 44
40 2
265 235
221 225
302 178
236 214
111 179
269 169
144 161
253 114
38 225
206 242
287 232
133 47
14 294
217 15
210 129
17 26
43 109
250 25
287 166
238 77
216 186
117 39
218 49
24 128
273 229
49 111
13 53
157 218
26 54
233 107
182 121
132 224
229 254
120 195
291 230
143 58
287 260
288 185
308 311
312 133
92 232
243 104
284 80
193 181
5 297
160 58
97 163
281 6
96 273
72 258
54 215
315 20
154 282
76 13
273 259
17 44
42 260
19 5
211 211
58 87
188 217
144 156
59 296
161 27
248 105
284 173
319 279
193 24
240 140
228 64
271 245
107 312
56 317
317 138
80 54
224 267
142 47
294 200
214 135
226 14
111 190
186 109
148 250
4 259
70 231
3 20
27 301
203 82
298 199
91 57
124 314
195 265
232 168
17 126
174 242
139 156
303 4
264 2
254 139
261 195
242 135
86 268
307 288
222 156
39 312
84 162
306 278
299 89
318 315
214 43
108 32
199 91
228 14
92 33
25 224
227 266
230 312
213 217
151 114
244 189
106 8
31 283
157 9
51 154
195 137
69 302
40 139
72 267
24 36
299 48
131 77
313 41
260 78
129 91
63 52
279 168
251 309
2 88
189 245
241 255
61 181
237 100
191 180
239 215
87 89
134 218
166 319
130 105
76 258
195 138
181 26
178 112
14 51
199 75
295 311
201 227
44 117
7 234
169 117
320 255
205 6
152 50
4 281
27 271
90 221
280 143
246 9
126 132
60 196
78 226
186 278
133 101
267 11
207 115
127 78
241 11
83 265
253 278
225 279
100 187
51 60
201 169
260 6
172 191
201 121
97 258
78 101
39 216
303 117
202 301
194 123
311 277
67 115
106 163
265 206
221 316
137 101
36 76
298 207
267 50
7 235
308 276
207 218
44 189
14 245
169 79
239 31
227 177
146 13
20 90
218 112
277 226
85 312
301 62
70 119
304 76
225 291
224 111
60 267
299 265
63 19
23 174
50 250
30 67
262 241
28 31
33 177
256 117
168 108
50 110
99 33
57 3
195 280
114 126
98 284
70 33
303 93
206 224
214 235
162 27
156 189
57 60
237 184
176 277
163 97
66 261
2 122
264 68
274 57
194 51
212 263
275 194
227 160
289 312
75 130
18 102
191 266
161 107
1 208
63 164
176 320
104 49
314 239
117 267
295 182
189 59
316 144
252 223
175 221
214 249
222 104
222 92
49 62
71 50
141 5
213 317
5 188
45 318
107 33
264 273
214 4
11 210
147 135
112 2
227 197
122 128
172 216
92 221
149 162
142 290
166 226
286 42
285 202
39 71
235 174
216 128
50 98
17 196
232 320
69 10
69 63
138 240
278 229
12 106
70 25
267 107
250 104
149 215
306 59
157 220
233 244
219 282
22 108
29 125
107 290
135 47
224 144
287 53
52 170
30 313
195 297
99 124
80 119
210 65
178 47
156 282
162 247
115 183
34 143
180 140
304 314
187 207
137 25
259 60
194 289
52 260
137 22
64 216
141 145
153 318
191 308
279 33
234 73
87 139
87 266
151 263
131 209
149 267
233 280
6 298
120 249
238 256
271 173
151 91
317 303
280 60
163 110
284 268
54 242
87 140
188 237
274 318
125 295
137 229
254 14
78 245
263 315
180 85
39 202
47 36
57 6
287 91
115 250
230 40
171 188
51 230
296 5
100 292
299 236
200 232
249 150
28 63
144 79
147 55
152 193
282 80
70 248
170 56
49 272
95 219
139 146
1 115
22 100
86 320
207 158
103 7
307 130
70 2
208 88
56 231
153 17
311 94
136 32
150 184
303 116
275 122
133 275
108 154
54 65
153 132
222 255
138 80
256 79
82 15
167 9
246 191
218 236
284 33
139 113
217 122
101 171
115 233
125 94
67 50
158 219
181 252
26 318
11 281
269 284
296 115
165 93
305 62
200 140
94 18
125 182
11 225
32 125
137 28
90 203
269 248
294 1
51 319
191 61
279 139
217 126
253 61
218 109
314 97
120 279
307 244
141 317
148 44
314 157
264 83
39 212
202 12
213 252
202 275
185 33
93 81
158 217
13 248
5 198
216 316
156 202
240 168
199 259
212 192
95 155
146 6
238 28
209 2
279 91
276 143
123 48
95 152
264 299
79 140
176 295
136 204
48 247
51 118
185 134
309 280
160 7
285 78
34 173
271 184
135 227
199 257
146 293
89 282
144 39
101 319
205 108
202 253
226 125
50 91
258 231
242 98
109 78
47 142
250 317
197 257
223 75
193 241
48 153
202 191
192 174
61 268
154 135
200 59
259 122
21 196
224 262
293 12
19 211
25 141
208 221
77 302
296 141
222 215
294 295
277 37
149 17
176 174
151 248
232 89
49 125
157 144
66 1
155 277
212 179
97 291
271 45
272 246
57 46
140 30
20 96
258 40
305 114
213 135
41 317
96 281
121 124
104 58
124 130
14 207
180 302
177 130
218 129
56 275
46 67
176 65
163 114
105 147
99 189
153 11
57 120
163 177
243 266
107 239
267 120
125 126
294 174
255 191
174 182
17 219
249 193
283 283
178 259
301 148
320 5
158 56
125 320
105 239
137 211
157 83
202 154
80 175
7 14
238 180
68 254
78 188
126 232
150 175
43 2
2 42
6 31
97 130
30 73
49 38
283 77
312 165
230 71
19 108
277 128
287 24
62 236
83 59
20 232
234 62
105 235
295 110
266 263
240 167
16 160
205 298
236 68
14 18
139 33
125 287
160 284
182 93
199 264
152 90
47 65
151 151
299 317
260 116
260 51
283 275
82 39
124 318
106 138
207 116
42 11
274 73
294 135
166 45
78 189
134 316
253 157
146 103
153 278
219 284
8 53
238 90
283 234
279 260
243 37
56 284
47 9
228 213
16 73
129 285
261 262
281 65
290 106
40 123
255 130
278 263
182 196
224 16
301 54
275 223
282 202
186 8
83 285
92 98
38 220
62 170
34 214
107 3
320 146
317 254
275 275
68 8
22 163
23 2
88 169
224 49
51 281
249 133
245 20
102 154
112 35
196 145
249 174
147 248
191 16
53 145
290 313
24 311
27 238
184 115
86 279
35 136
239 155
140 35
47 241
61 158
276 128
174 204
301 192
3 171
207 247
187 176
111 82
38 138
319 221
124 84
179 30
92 289
185 231
196 231
24 128
68 299
255 241
54 107
112 248
149 191
46 15
46 157
288 276
166 286
176 289
49 227
318 140
195 182
243 262
284 266
69 31
116 3
143 169
301 127
288 129
317 13
15 234
169 302
189 14
267 237
174 188
143 44
199 209
225 121
151 61
66 219
91 181
94 106
221 74
232 60
75 100
73 281
13 113
263 202
319 81
310 172
140 132
215 19
20 312
139 42
52 205
133 14
257 226
119 158
171 222
217 117
193 161
78 206