32
384
359 48
98 51
340 341
313 188
1 108
360 151
48 44
54 288
55 212
130 171
182 53
79 324
184 167
188 143
383 262
383 230
310 96
280 137
52 80
324 308
59 172
330 107
87 384
266 13
83 267
56 264
319 134
203 375
172 262
5 171
139 3
16 320
98 167
72 21
246 268
329 177
311 146
283 13
145 36
26 99
302 81
362 109
86 52
99 258
313 103
44 324
361 315
259 74
97 203
94 214
86 294
262 12
56 160
280 72
67 177
43 369
129 20
93 215
328 63
88 128
37 3
67 13
189 198
86 285
16 51
370 357
217 248
368 144
279 135
87 218
312 129
202 56
21 166
270 220
100 229
347 136
231 30
148 291
227 105
63 114
27 49
86 115
168 325
130 318
75 217
151 2
217 224
58 109
261 199
328 360
44 291
367 146
192 2
53 290
106 115
19 5
35 104
119 202
300 249
8 374
337 158
248 41
254 177
150 130
375 93
106 34
255 344
52 62
346 360
351 323
90 241
327 381
216 318
70 131
182 77
121 6
107 240
46 360
32 67
105 22
160 82
312 286
42 235
348 259
210 186
197 299
43 140
167 258
73 237
5 126
313 381
3 35
108 48
10 139
371 371
32 18
324 343
303 365
193 138
111 274
324 308
61 238
63 227
111 7
79 371
4 8
239 6
298 346
309 180
100 295
38 132
312 361
346 103
214 27
240 324
300 179
247 360
288 181
203 15
187 281
1 190
160 240
195 74
73 376
125 173
286 162
176 86
138 137
188 351
163 43
291 79
94 25
310 381
206 128
267 8
25 268
70 56
379 264
129 323
255 253
111 29
30 158
114 40
295 301
6 329
215 168
279 180
193 205
177 14
332 59
277 228
198 346
284 64
98 284
3 224
25 369
252 310
143 237
349 309
25 227
253 240
10 148
35 74
352 83
343 171
142 236
271 211
69 42
147 166
325 21
6 221
5 129
147 19
366 111
327 6
209 196
245 91
215 152
164 54
234 379
224 247
230 366
330 298
23 92
336 348
112 213
184 372
341 202
7 322
185 333
200 9
16 316
99 230
83 135
283 189
129 379
307 230
360 252
15 383
343 350
218 326
178 273
314 135
91 192
328 147
140 143
155 156
75 126
257 29
260 156
217 4
22 12
233 381
263 247
251 94
85 340
35 134
101 220
268 63
27 84
209 39
98 363
66 172
104 194
73 235
349 161
110 242
172 214
111 51
333 361
16 33
189 306
166 289
142 306
351 40
5 175
334 102
25 271
146 1
81 90
235 301
250 345
159 38
174 269
344 122
117 359
26 305
152 64
209 293
369 47
205 245
221 26
346 246
297 363
246 249
68 96
165 190
312 323
99 358
79 314
351 196
160 377
116 311
56 197
92 296
243 296
156 80
193 373
197 361
224 314
225 163
25 6
352 209
200 322
54 279
251 20
90 26
268 77
337 195
145 44
362 4
211 133
339 19
378 23
380 217
336 92
379 232
97 219
56 169
156 365
63 23
1 24
48 140
356 256
207 117
299 184
376 381
317 202
272 310
224 267
14 175
230 8
278 327
226 206
367 382
186 45
20 58
324 323
198 295
195 20
283 365
75 274
362 7
347 249
188 186
3 201
232 232
81 126
46 306
331 284
175 132
328 66
190 139
5 259
306 71
150 204
307 224
350 156
103 312
276 290
114 278
363 217
382 59
342 299
236 288
199 27
292 14
92 353
25 352
227 330
294 376
149 217
87 114
244 189
42 136
95 27
285 73
243 282
3 73
69 238
232 139
264 139
24 228
107 48
67 205
377 361
68 14
65 155
383 308
343 40
315 53
322 216
381 53
113 255
125 53
109 356
63 244
367 87
343 345
6 26
166 255
258 233
268 322
3 266
117 218
178 48
270 371
263 139
39 247
265 35
172 373
7 234
105 245
192 63
205 70
88 370
324 345
91 79
154 93
216 143
310 265
62 68
252 196
78 162
58 342
197 101
203 75
207 307
319 270
241 139
339 201
381 150
161 87
100 187
51 316
201 233
68 262
172 191
73 121
353 2
78 37
103 152
367 181
330 173
66 187
311 21
3 179
42 35
137 142
93 188
329 293
292 12
42 79
203 370
199 43
372 148
335 346
172 317
142 117
105 79
175 287
355 49
82 13
84 218
154 48
277 354
213 184
365 254
134 55
112 332
353 99
352 303
316 139
235 329
127 211
23 174
114 378
222 67
6 177
156 31
225 305
384 53
104 236
178 110
163 289
313 131
259 280
50 62
290 156
6 289
367 29
78 352
278 299
290 155
92 61
185 188
237 56
240 213
163 289
322 325
66 250
72 196
18 121
258 307
148 263
83 130
163 160
353 312
75 258
82 38
191 138
225 43
65 336
255 228
112 64
168 49
186 111
245 203
231 374
381 251
124 80
380 287
111 349
214 185
94 168
94 284
305 318
199 370
141 325
213 253
5 252
301 190
363 33
8 81
22 260
331 146
339 199
48 66
35 133
122 128
172 88
284 93
277 98
334 34
38 34
286 298
157 74
103 135
107 366
88 128
114 290
273 68
104 192
5 10
197 383
138 368
86 37
332 362
134 153
267 43
186 40
341 343
114 315
349 220
297 308
219 26
214 364
349 189
171 226
199 239
96 208
223 53
244 42
286 249
195 169
291 380
208 119
210 321
50 175
28 218
354 119
115 183
98 79
244 268
176 58
123 271
265 217
323 380
258 225
244 324
265 22
320 88
141 17
281 190
191 308
23 161
42 137
215 11
87 74
151 135
3 145
21 267
361 216
262 106
312 377
46 192
15 237
279 155
253 175
216 316
355 110
348 268
118 50
279 204
124 45
210 126
189 103
265 37
318 14
14 117
7 59
308 277
167 74
303 36
121 134
223 347
243 186
102 232
235 252
307 230
168 133
228 228
235 108
264 168
121 150
156 383
208 335
275 247
280 193
154 272
198 376
234 312
49 208
159 283
75 82
1 243
86 228
86 320
207 222
359 199
371 130
198 66
80 344
312 231
25 81
119 94
328 224
22 376
47 52
147 122
5 147
236 90
374 193
25 68
30 383
266 272
384 335
338 335
295 137
182 191
90 300
284 33
11 305
25 58
229 171
51 233
317 158
323 178
350 347
245 252
218 126
139 217
333 348
168 243
357 221
49 62
8 204
94 18
381 374
331 225
160 381
73 348
26 11
13 376
230 129
115 63
127 253
279 75
89 318
317 61
154 237
378 161
312 343
51 308
333 381
148 364
250 93
200 275
103 212
138 332
341 252
266 339
377 33
29 81
350 217
13 376
69 262
24 252
220 74
176 40
71 195
20 320
287 219
82 262
302 220
81 130
87 347
84 79
379 112
31 216
328 299
207 268
176 231
136 268
176 183
307 118
377 198
53 280
288 7
157 206
226 237
207 184
71 291
135 65
274 165
281 90
336 359
357 127
77 364
10 253
34 189
370 27
2 295
178 290
173 206
367 14
58 189
69 1
95 203
65 241
368 217
330 319
192 174
317 140
26 199
8 59
3 250
341 4
32 134
293 204
339 147
89 269
336 157
269 302
360 205
158 215
38 359
21 101
149 337
112 46
151 376
104 153
241 317
29 144
66 193
347 277
340 51
161 163
79 301
80 54
377 110
268 30
84 288
2 104
113 114
149 263
105 125
288 217
57 188
360 378
380 194
270 207
116 302
369 194
90 65
248 83
46 3
368 129
291 370
233 19
355 253
153 331
249 312
35 305
115 10
171 367
75 56
189 190
230 46
383 319
366 118
273 27
121 257
155 283
114 259
173 340
384 197
286 248
125 320
41 111
201 211
93 275
138 154
336 367
199 334
174 180
324 62
206 316
318 232
214 303
363 258
258 362
70 31
225 194
350 137
305 38
347 269
184 101
38 135
83 108
341 128
287 280
190 364
83 379
84 296
298 62
41 171
295 110
202 7
304 39
144 96
77 106
364 132
78 274
267 161
381 95
288 156
246 349
135 328
344 90
111 257
151 151
43 317
260 116
324 51
155 83
18 103
60 382
234 138
143 372
170 139
338 329
294 199
294 301
142 125
6 124
381 29
274 295
345 22
27 156
72 53
238 90
27 170
343 132
179 357
120 348
111 73
164 277
144 73
65 157
197 70
281 65
354 170
232 315
63 130
342 135
182 196
96 80
237 310
211 31
154 202
378 264
147 29
28 290
102 92
62 170
34 214
107 3
384 338
189 62
83 147
68 136
214 35
215 66
216 297
96 369
115 345
121 261
373 148
38 346
112 355
4 145
185 366
147 184
191 208
117 273
354 57
280 183
347 366
120 179
278 87
35 8
47 27
140 291
47 177
125 158
148 384
174 332
365 192
3 171
15 375
315 368
303 82
38 266
63 157
316 340
243 222
220 161
249 359
324 295
24 320
68 171
319 241
374 171
48 248
213 319
110 143
302 29
96 212
166 158
368 97
113 99
318 332
259 182
179 70
348 202
5 31
244 323
143 233
365 63
352 193
381 77
207 170
105 302
381 270
75 237
238 60
335 44
263 81
225 57
151 61
258 155
91 117
350 106
221 330
168 60
11 36
137 89
205 113
7 202
255 337
310 108
268 260
151 147
340 248
203 362
308 77
5 270
65 354
375 286
171 30
345 53
321 353
142 142