32
480
359 48
290 339
52 341
217 188
385 12
264 343
144 236
150 288
55 116
34 171
470 245
367 36
88 359
380 335
287 262
191 38
310 480
376 233
340 464
420 116
347 76
330 11
183 480
170 109
467 75
152 456
319 38
11 279
268 262
5 75
43 195
112 224
194 359
456 405
342 268
41 81
215 242
91 397
241 132
26 99
206 177
74 397
86 436
195 354
217 199
428 132
265 411
355 458
289 203
382 22
470 294
454 204
56 64
472 168
67 369
139 273
417 212
189 23
40 255
376 128
325 195
259 109
477 6
86 285
208 339
178 69
25 152
272 432
87 135
471 26
24 129
298 440
213 358
462 124
4 229
251 328
423 30
436 291
35 393
447 114
123 145
182 19
168 325
322 126
459 313
151 2
313 320
442 397
69 295
40 72
44 291
271 338
192 98
149 98
10 115
211 5
131 392
23 298
108 345
296 86
49 446
440 233
158 273
150 226
87 189
298 130
351 440
340 62
58 360
159 419
474 241
423 477
24 318
166 131
182 461
217 102
299 48
334 456
320 355
201 406
64 370
408 286
330 139
348 259
18 378
197 11
139 140
359 162
457 45
293 30
25 381
3 323
300 336
298 139
83 371
416 18
132 343
303 461
1 42
111 370
420 308
253 430
447 131
111 295
175 275
196 200
47 198
394 346
405 84
4 7
326 420
24 457
154 199
310 27
240 420
396 179
247 168
480 85
299 111
379 473
385 94
64 432
291 458
169 88
413 173
94 258
464 470
234 137
188 63
163 427
3 79
478 121
118 477
206 416
459 104
409 364
70 344
187 360
321 227
447 253
399 413
30 254
402 136
391 109
198 425
407 72
375 276
193 13
273 398
428 251
373 228
6 442
92 64
194 284
291 32
409 81
444 310
335 237
445 117
217 35
61 144
106 436
419 170
448 83
439 267
334 332
367 211
165 330
147 358
133 309
390 413
389 225
243 115
462 207
231 198
113 292
341 91
119 152
260 438
234 91
224 439
422 462
42 106
311 188
336 444
16 117
376 276
341 10
391 322
89 141
392 201
304 124
291 422
275 423
379 381
33 475
211 326
456 252
303 287
439 158
122 326
274 369
122 135
379 384
328 339
44 239
59 348
363 222
161 29
164 60
409 196
406 12
41 381
263 343
59 94
373 52
419 38
293 412
172 63
315 372
401 231
2 459
450 364
200 2
265 235
61 65
302 338
76 214
111 339
429 169
304 321
93 114
358 385
46 402
447 232
293 367
334 294
217 175
50 289
177 186
43 109
250 345
447 326
78 77
56 26
117 359
218 209
344 448
113 389
369 431
13 53
317 218
346 54
393 267
342 441
452 384
69 94
120 35
291 70
463 218
447 100
448 185
308 311
152 293
92 392
243 104
444 80
193 181
5 457
320 218
417 163
121 6
256 113
392 418
54 375
155 20
474 122
76 173
433 99
337 44
362 100
19 325
51 211
378 407
188 217
144 476
379 136
1 27
248 265
444 173
159 119
193 24
240 140
68 64
111 405
107 472
376 477
317 298
80 214
224 267
302 367
134 200
374 135
226 14
271 190
186 429
308 250
324 419
390 391
3 20
187 461
363 82
458 199
251 57
284 474
195 105
232 328
177 126
334 402
139 476
463 324
424 162
94 139
101 355
402 455
246 108
307 128
62 156
199 312
84 2
306 278
459 409
478 155
54 203
428 192
199 411
388 14
92 353
25 64
227 426
390 472
53 217
471 114
244 189
426 328
191 123
477 169
51 474
195 457
69 142
40 139
72 427
24 36
299 48
451 397
473 361
260 398
449 251
383 212
439 328
411 149
322 408
189 245
401 255
221 341
397 260
351 340
79 375
247 249
294 218
166 159
450 425
76 418
195 458
21 26
178 432
174 371
359 235
135 151
361 227
364 277
7 234
9 437
480 255
205 166
472 370
324 441
187 271
250 381
120 143
406 169
446 452
60 196
78 66
346 438
293 101
107 171
207 115
127 78
241 331
243 105
93 438
65 279
100 187
51 220
201 329
260 166
172 191
361 121
257 98
78 421
199 56
463 277
42 461
354 283
311 117
387 275
426 323
425 46
381 476
137 101
196 396
138 367
107 370
7 235
468 436
47 58
364 29
334 405
9 79
79 191
67 337
466 13
180 410
58 432
277 66
405 472
461 62
230 439
304 236
65 291
64 111
220 427
139 425
223 19
23 174
210 90
30 67
102 81
348 31
33 17
96 437
8 428
370 110
259 193
217 323
355 280
434 446
98 444
390 193
463 413
366 64
374 395
2 347
476 349
377 380
237 344
336 117
163 97
226 421
162 442
264 388
114 217
354 211
52 263
275 34
67 160
449 312
75 450
178 422
191 426
321 427
161 48
63 324
16 160
264 49
474 399
437 107
135 182
189 59
316 464
92 383
15 61
214 89
382 264
382 92
209 222
391 370
141 325
213 157
5 348
205 478
267 33
104 273
214 164
331 50
147 295
432 162
227 37
122 128
172 376
92 381
469 2
142 130
326 226
286 202
445 362
199 231
395 174
376 128
210 98
177 356
392 480
389 10
389 383
138 80
278 229
332 266
230 345
267 427
90 424
149 55
306 219
157 220
393 404
219 122
22 268
349 285
267 130
295 47
384 304
127 53
52 330
190 153
195 457
99 284
400 119
210 225
338 367
316 122
162 407
115 183
194 463
340 460
464 154
27 367
457 25
419 380
354 129
52 420
457 22
224 376
141 305
473 478
191 308
119 353
234 233
407 299
87 266
151 423
291 49
309 267
73 120
166 298
120 89
238 96
111 333
471 251
157 463
120 220
163 110
444 268
214 242
87 300
28 237
114 318
285 295
457 229
414 14
398 405
103 155
20 85
359 362
207 36
217 326
127 251
435 90
390 40
331 348
211 230
456 325
420 132
139 396
360 72
409 150
348 383
304 239
467 55
472 193
442 80
390 88
330 216
49 112
255 379
459 466
1 435
182 420
86 320
207 318
263 7
467 130
390 162
368 248
216 231
313 177
311 94
136 32
310 184
143 436
435 122
293 435
428 474
374 385
313 452
222 95
458 80
96 239
242 335
7 329
86 191
378 396
284 33
299 113
217 442
421 171
435 233
125 254
227 370
158 59
341 252
26 318
331 121
429 444
456 435
165 413
145 62
200 300
94 18
285 182
331 225
352 285
457 348
410 203
109 88
134 321
211 159
31 61
279 459
377 126
413 61
58 429
474 257
120 439
147 404
141 477
148 364
154 477
104 83
199 212
42 332
53 252
362 435
185 33
413 81
158 217
13 88
165 358
216 156
316 362
80 328
359 99
212 32
95 315
466 166
398 28
369 322
279 251
276 463
283 208
415 312
424 299
399 460
176 135
136 364
368 87
211 118
185 294
149 280
480 7
445 398
34 333
111 184
455 387
39 257
466 453
89 282
144 359
261 319
365 268
202 253
226 285
370 411
98 391
82 98
269 398
367 302
250 477
357 97
383 395
353 241
368 313
42 31
192 174
221 428
314 295
200 59
99 442
341 196
224 422
293 12
339 51
185 461
48 61
77 302
456 301
62 215
134 455
117 197
149 337
16 334
151 88
392 249
49 125
317 144
66 1
155 277
52 339
257 451
271 205
272 246
377 206
460 30
180 96
98 200
305 114
53 455
201 317
96 121
441 284
264 378
284 290
174 207
20 302
177 290
378 449
56 275
46 387
176 225
3 274
425 307
259 349
153 331
57 120
323 17
403 106
267 79
267 440
285 286
134 334
95 31
174 22
177 219
409 353
443 283
18 259
461 148
480 5
478 56
125 320
425 399
297 211
477 83
42 154
240 175
7 334
78 180
228 254
398 28
126 232
310 15
363 162
162 362
166 31
417 290
350 233
209 38
443 77
472 5
230 231
179 108
437 128
287 184
382 76
83 379
180 392
394 62
425 75
295 110
106 103
400 327
336 480
365 298
76 228
174 178
459 353
285 287
480 444
342 253
39 424
152 90
207 65
151 151
139 317
260 116
420 51
443 275
402 199
444 478
426 138
47 276
362 331
434 233
294 295
6 205
238 29
294 316
93 317
466 103
153 118
219 444
168 53
238 90
123 74
439 420
83 357
216 444
207 169
68 373
336 73
449 445
101 262
281 65
450 266
40 123
255 130
438 423
182 196
384 176
141 214
115 223
442 202
186 168
243 125
412 98
198 380
62 170
34 214
107 3
480 146
477 254
275 435
68 328
22 323
23 162
408 9
384 369
211 441
409 453
85 340
422 154
112 355
196 145
89 174
147 88
191 16
213 465
450 153
184 471
347 78
24 275
86 279
35 296
239 315
140 195
47 81
221 158
436 288
174 44
461 192
3 171
207 87
27 176
111 82
38 458
159 61
124 244
339 30
412 449
345 71
36 391
24 128
68 459
415 241
374 267
432 248
309 31
206 335
206 317
288 116
166 446
176 289
209 387
318 140
355 182
83 262
444 106
389 31
436 323
143 329
461 447
448 289
477 173
15 74
9 302
189 174
267 237
334 348
143 44
359 369
225 441
151 61
66 59
91 21
254 106
221 234
72 60
395 420
233 281
13 113
103 202
159 241
310 12
460 452
55 339
340 152
299 362
212 365
293 174
257 66
279 478
171 222
57 437
33 161
238 46