32
576
167 432
98 51
340 533
505 572
1 492
168 535
240 44
246 288
247 212
514 555
374 245
271 516
184 167
188 335
575 70
383 38
502 480
88 137
436 464
132 308
251 172
138 491
87 384
74 205
467 459
56 264
127 326
203 183
364 262
389 363
331 195
400 128
98 359
264 405
246 268
137 369
311 146
283 397
529 228
26 291
110 81
554 109
278 52
291 66
313 103
428 516
169 123
67 266
481 203
94 22
470 102
262 204
248 544
472 72
67 369
235 177
321 212
285 23
136 447
88 320
421 387
259 13
381 198
278 285
400 243
178 165
217 440
368 336
279 135
279 218
504 513
394 248
21 550
270 28
292 229
347 136
39 30
148 291
227 297
447 498
411 49
86 499
360 325
130 510
459 409
151 386
217 416
58 109
261 199
136 552
428 483
559 338
384 2
53 482
298 499
403 5
419 488
503 202
108 57
8 566
337 158
248 425
446 177
534 130
375 93
106 226
447 536
436 254
538 360
159 131
282 433
135 573
216 510
70 323
566 77
313 198
107 432
46 552
32 451
105 406
544 82
504 286
42 235
540 451
18 570
5 299
427 140
167 66
73 237
389 510
313 573
3 419
300 48
394 331
371 371
32 210
324 535
495 365
193 330
111 82
324 116
253 46
255 419
111 199
79 371
4 392
239 6
106 538
501 372
292 295
38 324
504 361
154 295
22 219
48 132
300 371
247 552
288 373
395 399
571 473
193 574
160 432
3 266
265 376
509 557
94 546
176 470
330 329
188 351
547 235
483 271
478 25
118 189
398 512
459 392
409 76
262 440
379 264
129 515
63 61
495 29
30 542
498 232
295 109
6 137
215 360
279 564
385 397
177 206
332 59
469 36
6 154
476 256
290 476
195 224
409 561
252 310
527 45
541 117
25 419
253 240
202 532
227 458
352 275
535 555
334 428
463 211
453 234
339 166
133 405
390 413
389 513
147 211
558 111
327 6
401 4
245 475
407 344
356 54
42 187
32 247
38 366
330 490
23 92
528 156
496 213
568 180
149 10
391 130
569 141
8 393
16 124
291 422
467 519
475 381
129 379
499 38
168 252
399 191
343 350
218 134
562 81
314 135
91 576
136 531
140 143
347 156
267 510
449 29
452 348
409 4
22 204
41 189
455 439
251 94
85 340
227 518
293 412
76 255
411 84
209 423
98 555
450 364
488 194
265 235
541 545
110 434
172 22
495 51
333 169
16 417
381 114
358 97
526 306
351 232
389 559
526 486
409 271
146 193
465 282
427 301
250 537
159 422
558 77
344 314
117 359
26 497
344 256
17 293
561 239
397 245
221 218
154 54
489 171
246 249
452 96
549 574
504 131
291 358
79 506
543 196
160 569
116 503
248 5
92 104
243 488
348 464
1 373
389 361
416 506
33 163
25 6
160 401
8 322
54 87
251 20
282 410
460 269
337 3
145 428
554 388
211 325
147 211
570 407
572 409
336 476
571 232
481 27
56 361
348 557
447 23
1 24
432 332
164 64
207 309
491 184
568 573
509 10
80 502
416 75
206 175
422 200
278 327
226 206
559 574
186 429
20 58
324 323
390 487
387 20
91 173
75 82
170 7
539 249
380 378
195 9
424 40
81 126
238 306
331 92
175 516
520 66
574 139
389 259
498 71
150 12
115 224
542 156
103 504
276 482
306 470
363 25
382 443
150 491
44 480
7 219
292 398
284 161
409 544
419 330
486 568
341 25
87 306
52 189
234 328
95 411
93 457
435 474
195 457
261 238
232 139
456 523
408 36
107 240
451 397
569 361
260 206
257 347
383 308
535 40
507 53
322 24
381 53
497 447
509 53
109 164
63 436
559 471
343 537
6 218
358 447
450 41
76 130
387 458
309 218
370 240
270 563
263 523
39 55
265 419
556 373
7 42
105 437
384 447
397 262
88 178
132 537
91 79
538 477
408 143
118 73
254 260
60 388
78 546
442 342
389 293
11 267
207 115
127 462
433 523
147 393
573 150
353 87
100 187
435 508
201 425
452 454
556 383
265 505
353 2
270 37
295 152
175 373
138 173
258 571
119 405
387 563
426 35
521 526
93 380
329 293
100 204
42 79
11 178
7 235
180 148
143 346
172 317
142 309
489 271
175 479
547 433
466 397
468 410
346 432
85 546
21 184
173 62
134 55
112 140
161 291
160 303
508 331
43 521
511 403
215 558
306 186
414 67
6 177
348 223
33 305
192 53
488 236
562 494
163 97
505 323
259 88
50 62
290 540
6 97
367 221
78 544
278 491
482 155
92 253
377 572
429 440
48 213
547 481
130 133
450 58
456 4
18 505
66 307
340 71
275 130
163 352
545 312
267 450
466 230
575 138
225 427
449 144
63 420
496 64
552 241
570 303
245 11
231 182
189 443
124 464
572 287
111 541
22 377
286 360
478 284
497 126
7 370
141 517
213 61
5 60
301 574
363 417
8 465
22 68
331 146
531 199
432 66
35 325
314 320
556 88
476 477
85 482
142 226
422 226
286 298
157 458
295 519
299 174
280 320
114 482
465 68
104 192
5 10
389 191
330 368
278 229
140 362
134 153
459 427
378 40
149 535
498 315
349 220
489 500
411 26
406 172
541 381
363 418
391 47
480 16
415 53
244 426
286 249
3 169
99 380
208 119
210 129
434 559
220 218
354 503
115 183
98 79
436 460
368 250
507 271
265 217
323 380
66 33
52 516
73 22
320 280
141 401
281 574
383 500
215 161
426 329
215 395
279 74
151 519
195 529
213 459
169 408
262 106
312 185
46 384
207 237
87 347
61 367
216 316
163 302
348 460
502 434
279 204
508 429
18 126
381 103
457 421
510 14
398 117
199 443
500 277
551 458
495 36
121 134
223 155
435 570
486 232
427 60
307 230
360 325
228 36
427 108
456 360
121 150
348 191
16 143
467 439
472 385
346 464
390 568
42 120
433 400
351 283
459 82
385 243
278 36
278 128
15 30
359 7
179 130
198 66
272 536
504 39
217 273
503 478
136 416
22 568
239 244
147 122
197 531
236 474
566 385
25 452
414 383
458 464
384 527
530 527
487 329
566 575
474 492
476 33
203 497
25 442
37 171
435 233
125 542
131 562
350 155
437 60
410 318
523 217
141 348
168 51
549 29
49 446
392 396
478 18
189 374
331 225
544 189
457 540
26 11
397 376
38 129
307 447
319 253
87 459
473 126
509 445
154 429
186 545
120 535
435 308
333 189
532 172
250 285
8 275
295 404
522 332
533 252
74 147
377 33
29 273
158 409
13 184
261 70
24 252
28 458
560 232
71 387
404 320
95 411
466 262
110 412
465 514
87 539
84 463
571 112
31 24
520 491
207 76
560 231
328 460
560 183
115 502
569 390
245 88
96 7
349 206
418 237
15 376
71 99
135 65
82 165
89 474
528 167
549 511
269 172
394 253
226 381
178 219
194 295
178 290
173 398
367 14
58 381
261 1
479 395
65 433
560 25
330 511
192 174
317 332
218 7
8 443
387 58
533 4
224 134
293 396
531 531
281 461
336 541
461 110
360 397
542 215
422 167
21 485
341 337
112 430
343 568
296 153
49 125
29 144
258 193
539 85
148 243
545 355
79 301
464 438
569 302
76 414
468 96
194 104
305 306
533 71
297 125
96 217
249 572
360 378
188 194
462 207
308 302
561 386
474 449
248 467
46 195
176 513
291 370
41 19
547 445
537 139
441 504
227 113
499 10
363 559
75 248
189 382
422 46
191 319
366 310
81 411
505 257
347 91
498 259
557 340
576 389
478 440
317 128
425 111
9 211
93 83
330 154
336 175
199 526
366 564
132 446
398 508
126 40
22 495
171 450
258 170
262 31
33 2
158 329
113 38
539 77
568 293
230 327
467 300
149 128
287 280
574 556
83 571
468 104
490 62
425 171
103 110
202 7
112 231
336 96
269 298
172 132
462 274
459 353
573 479
480 156
54 349
135 136
344 474
111 257
535 535
427 509
68 500
516 51
155 275
18 295
444 190
426 330
335 180
554 331
530 329
486 7
102 493
142 317
390 124
573 221
82 295
153 22
219 540
72 245
238 90
411 554
151 132
179 357
312 156
111 265
356 469
144 457
257 157
197 70
281 65
162 362
232 315
255 322
150 327
566 388
288 272
237 310
403 415
538 10
570 72
147 221
412 290
102 92
446 170
34 22
107 195
384 338
381 62
83 531
260 520
214 419
215 450
24 489
288 561
499 153
505 69
373 340
230 346
304 547
388 337
569 366
531 376
575 208
309 81
162 441
472 375
155 558
120 179
470 279
35 392
431 411
332 99
47 561
317 350
532 576
558 524
365 384
195 363
15 375
315 176
111 82
422 266
63 541
316 532
243 222
220 545
57 551
516 103
408 128
452 363
127 433
182 363
240 248
21 127
494 335
302 29
288 20
166 350
560 481
305 99
126 524
67 182
371 454
156 202
5 31
436 131
335 41
365 447
160 385
573 77
15 170
105 302
189 270
75 45
46 252
143 44
71 81
225 441
535 253
66 539
283 501
542 490
413 330
360 444
11 228
521 473
397 497
199 10
63 145
502 108
268 68
151 339
148 248
203 554
500 269
389 78
65 354
567 478
555 222
345 437
321 161
334 142