32
832
615 432
34 371
724 725
697 444
577 556
296 663
240 172
118 736
119 20
706 427
694 373
271 452
248 679
60 207
447 774
191 102
374 224
472 137
116 208
580 564
635 748
266 43
791 384
650 781
275 395
248 136
767 518
587 55
236 518
133 683
459 323
784 704
546 295
8 533
502 460
265 177
247 402
219 205
785 740
154 99
302 401
234 109
790 692
163 194
377 295
44 708
489 699
579 202
161 459
734 534
86 38
582 332
440 800
408 264
579 433
235 49
705 468
157 663
200 191
24 448
357 771
323 13
509 774
214 669
400 819
242 357
729 824
688 208
663 135
343 282
568 577
330 440
85 358
270 156
420 165
603 776
103 94
788 483
35 41
191 306
731 433
662 499
296 389
578 830
523 89
279 258
537 480
698 493
709 7
648 296
172 419
111 146
384 770
629 290
810 819
595 581
291 424
247 586
684 825
456 374
785 734
504 361
254 241
22 130
247 669
426 418
127 408
436 510
346 104
799 195
90 433
775 253
728 62
710 579
54 333
121 710
107 496
238 360
736 131
489 150
800 786
440 798
362 747
476 579
18 314
773 107
747 716
231 642
777 109
389 702
441 381
451 547
748 688
74 651
691 435
672 530
260 279
495 621
193 10
239 82
324 180
61 110
63 291
751 711
399 179
452 8
431 70
426 346
629 372
164 487
678 4
184 105
154 551
598 219
560 4
300 51
183 360
32 117
651 783
827 217
129 446
96 560
515 522
777 184
765 109
670 610
816 726
714 137
444 479
355 171
483 655
94 537
54 125
654 704
779 648
89 76
134 56
507 648
577 323
831 509
431 541
286 286
434 40
423 45
518 649
87 40
343 52
577 397
177 398
268 123
85 228
70 218
284 448
738 732
771 608
281 241
316 438
527 621
477 821
537 35
637 624
74 148
675 522
544 723
791 683
14 44
783 787
133 106
275 38
5 85
646 157
325 1
595 723
622 239
711 326
145 516
117 91
535 664
612 118
554 443
800 439
486 622
266 618
727 540
528 732
624 213
56 820
213 522
711 2
633 589
200 777
144 188
35 678
19 519
795 445
129 635
755 486
424 188
143 319
727 670
90 390
50 17
378 263
539 128
136 211
716 335
155 28
523 62
577 413
580 540
25 708
214 652
361 637
7 503
827 606
213 788
163 134
677 412
396 255
539 404
465 295
610 619
194 300
680 642
585 299
349 481
46 434
300 278
111 307
653 105
784 33
765 818
166 609
398 434
31 808
5 495
142 614
153 207
786 705
17 410
171 237
58 217
671 358
494 781
536 314
757 487
218 689
344 256
465 741
689 367
589 565
29 602
346 182
809 171
54 697
580 224
101 510
312 771
739 678
591 314
31 516
672 249
372 183
504 709
796 232
243 552
796 272
193 181
325 41
224 250
737 675
473 6
352 657
648 130
374 407
443 404
90 282
524 333
465 67
81 428
170 324
19 133
467 211
186 663
252 409
80 28
251 424
33 475
248 553
604 493
127 215
65 88
496 460
292 832
399 373
427 568
568 317
701 74
400 54
736 651
334 815
550 584
278 583
226 398
175 830
58 301
212 826
260 579
454 551
579 20
795 45
459 530
362 327
475 761
252 378
451 585
232 168
209 510
622 434
75 668
303 132
136 386
126 267
133 451
690 583
342 652
499 800
222 732
167 696
532 418
242 150
43 345
190 251
22 683
556 96
519 27
100 526
412 97
665 416
547 522
38 56
341 537
727 562
308 61
426 8
479 539
29 521
51 218
643 777
773 366
744 331
392 11
728 676
107 560
131 525
249 169
452 462
577 347
63 52
407 488
763 53
66 792
445 821
177 127
765 821
493 676
191 756
559 87
471 537
518 602
230 639
642 681
268 386
195 330
309 474
690 240
526 627
199 11
615 247
9 419
108 501
263 298
297 693
256 767
397 646
536 626
452 345
347 591
602 541
792 783
182 521
62 580
316 132
462 802
378 470
389 357
11 523
527 307
383 654
113 779
467 521
445 790
33 791
420 507
371 380
329 425
772 390
44 127
521 377
97 770
14 357
295 728
751 693
74 173
514 187
119 149
707 435
810 611
265 398
157 636
649 485
100 588
746 143
715 306
519 683
244 404
79 410
172 829
270 245
169 655
303 159
675 49
594 653
660 26
218 688
533 738
213 632
493 126
646 247
304 332
801 547
608 47
828 779
43 137
63 83
791 238
242 634
286 707
454 817
604 543
673 177
448 53
808 812
50 494
99 353
697 67
771 472
114 638
290 28
774 225
111 733
462 224
406 747
802 731
732 573
441 444
621 760
496 469
611 417
130 709
642 826
776 452
338 57
258 627
788 199
723 66
803 352
161 248
267 130
146 38
575 458
481 363
257 16
831 36
304 832
744 817
698 559
437 203
615 566
701 443
636 592
508 607
815 669
22 249
670 40
158 412
497 638
647 754
525 517
789 829
517 572
813 382
299 289
584 785
22 324
395 658
83 775
432 66
483 325
186 320
236 216
604 733
725 418
526 418
102 354
414 490
797 266
39 263
555 494
88 576
690 354
401 772
296 704
709 650
69 767
138 304
150 741
76 42
326 473
331 299
826 616
789 791
50 699
93 604
361 52
219 218
406 492
29 573
363 610
391 303
416 400
607 437
308 554
350 505
195 681
803 188
464 631
18 513
498 111
156 730
34 247
819 439
738 15
52 268
496 442
571 79
9 217
515 188
770 33
692 4
585 534
192 216
333 81
601 830
191 756
727 225
170 713
535 779
599 586
87 135
67 529
213 75
745 600
262 554
504 825
558 256
527 621
471 27
701 239
728 764
35 494
28 76
246 434
23 12
188 109
18 254
637 103
201 421
702 334
14 245
327 571
500 725
231 10
623 100
121 518
735 27
179 762
806 296
363 700
179 422
680 197
548 356
299 748
776 168
249 662
284 447
400 655
339 503
536 129
474 528
518 376
554 568
177 400
31 539
267 210
1 115
278 548
470 576
335 286
615 455
115 66
70 386
720 280
56 295
281 529
823 670
776 416
406 120
815 308
531 250
389 531
236 666
246 577
409 452
30 191
74 16
128 15
402 719
295 329
182 447
730 172
284 673
459 689
793 442
37 491
563 425
189 670
259 306
414 667
757 316
730 830
331 25
717 604
744 179
805 797
625 702
8 780
542 466
509 374
779 545
32 509
137 92
218 395
269 632
102 65
819 831
767 317
23 651
793 638
829 765
602 493
506 609
312 87
115 820
461 61
532 364
442 541
328 659
103 596
330 204
661 316
74 467
505 801
285 465
606 153
269 248
645 646
728 828
732 10
816 232
71 387
596 512
95 91
210 70
558 540
145 258
23 219
724 527
187 176
31 664
328 171
79 12
816 807
8 588
688 695
819 630
249 454
309 344
416 391
413 142
98 557
271 824
647 163
391 1
210 421
665 410
464 615
421 447
461 300
202 317
34 61
114 283
514 295
498 98
557 782
111 654
506 381
517 193
543 75
193 625
496 729
202 127
512 494
445 12
666 519
328 699
579 314
21 260
480 518
357 204
467 339
729 13
720 413
205 302
488 269
94 23
166 167
21 549
661 465
432 366
151 632
232 729
113 125
29 464
642 257
667 149
596 563
161 355
15 237
656 502
377 622
524 542
788 544
130 488
49 562
21 199
361 125
800 345
249 700
808 762
124 514
78 591
116 110
113 130
218 769
632 595
430 195
176 385
739 306
41 787
739 765
25 139
761 696
355 177
563 330
811 559
715 56
317 830
38 302
127 255
110 630
721 539
825 65
91 603
242 3
429 20
640 325
158 568
189 512
617 623
713 595
349 595
522 538
464 559
7 590
686 116
260 574
654 124
638 616
726 751
491 194
770 298
518 799
33 706
478 521
497 230
283 717
696 805
422 327
531 300
789 256
415 216
830 108
211 507
596 104
426 254
169 363
423 686
330 327
560 679
16 96
77 298
812 644
142 274
139 673
573 799
96 28
54 797
135 264
472 602
239 65
23 407
427 317
260 628
644 691
475 659
658 423
828 638
234 138
783 244
682 523
82 649
550 135
614 557
398 125
326 508
189 221
82 487
537 214
283 220
72 629
46 730
91 746
407 196
755 229
440 604
751 521
292 341
528 73
769 797
197 262
473 257
354 554
616 59
639 770
150 711
566 196
480 528
813 758
723 735
26 202
506 776
595 669
156 290
742 92
254 810
226 598
107 579
320 722
509 126
659 659
708 264
726 227
791 706
24 553
608 49
755 153
697 517
821 20
678 602
816 803
452 209
569 430
787 56
191 336
53 17
162 633
152 55
731 814
632 755
534 279
675 456
431 411
12 291
303 689
765 286
660 256
366 396
685 192
323 43
527 247
763 688
751 786
614 650
767 413
444 468
691 158
796 161
569 807
324 39
536 128
324 363
383 689
630 107
48 824
21 447
110 783
302 29
608 788
550 542
368 161
177 99
318 140
259 54
819 454
796 522
581 287
756 131
15 553
109 767
416 129
381 525
783 554
553 558
509 270
267 749
302 316
15 492
327 145
545 313
599 381
2 347
667 757
350 554
349 458
488 636
459 740
329 281
461 753
7 138
63 145
758 364
332 772
23 659
84 440
139 554
820 141
773 526
769 290
247 286
619 606
89 117
385 289
398 14