32
800
679 48
610 19
692 501
217 508
65 12
424 343
304 556
150 288
215 436
674 491
630 85
527 516
88 519
540 495
607 582
351 38
630 160
56 73
660 624
580 276
187 556
170 491
663 320
330 429
307 555
472 136
639 198
651 279
268 742
325 75
523 675
112 704
34 519
776 245
342 108
521 81
215 242
571 77
561 452
506 419
206 177
554 397
726 756
675 194
697 199
268 772
425 731
675 458
449 203
702 342
310 774
774 524
216 544
152 328
547 209
299 753
737 52
349 663
360 575
56 608
325 675
579 749
157 6
406 605
208 659
498 69
185 472
592 752
567 295
631 666
504 129
618 440
533 518
302 444
644 709
251 168
583 30
116 291
35 73
447 594
283 145
662 19
168 5
322 286
299 153
151 2
633 320
442 717
389 295
360 232
204 611
751 338
192 418
629 578
490 275
371 325
771 232
343 138
588 665
776 86
369 126
440 553
798 433
470 386
727 29
618 130
191 120
20 382
538 200
159 579
474 81
103 797
664 798
486 451
662 461
537 582
139 528
334 136
160 355
521 86
384 690
568 126
10 139
508 99
338 218
677 11
299 780
359 162
777 45
613 190
505 701
323 643
780 656
778 139
563 51
576 498
292 343
623 301
481 682
751 370
100 628
733 750
607 291
111 135
335 275
676 40
527 198
234 506
405 564
644 167
166 420
664 457
314 39
310 347
720 260
716 19
87 648
320 245
139 431
379 473
705 254
64 432
451 298
489 408
413 333
574 578
304 790
234 617
28 543
163 747
3 79
318 441
278 637
686 416
619 264
89 524
70 504
507 520
1 547
127 413
79 253
190 734
242 776
551 269
518 265
567 72
695 436
513 173
273 398
588 91
213 228
166 282
732 224
354 284
771 32
249 401
284 790
335 77
765 437
697 35
701 464
106 596
99 170
768 723
119 107
14 332
687 531
165 170
307 518
453 629
550 253
229 385
243 115
462 207
551 358
593 452
21 251
599 472
420 118
394 91
224 759
422 462
42 586
631 348
656 284
176 757
536 756
341 330
71 2
89 621
712 681
624 284
131 422
755 103
539 701
193 315
211 166
776 252
303 607
599 158
442 326
114 529
282 455
59 704
8 499
524 719
379 348
203 62
321 509
164 60
409 356
726 172
521 701
423 23
59 574
533 52
99 198
133 732
652 543
635 212
241 711
482 619
610 684
680 482
745 395
541 705
302 18
76 374
271 499
749 329
624 481
733 274
678 65
206 82
607 392
293 47
654 774
217 15
210 449
497 506
43 589
410 345
607 486
718 77
536 666
757 359
698 689
184 128
753 389
209 111
333 53
157 538
26 374
553 587
22 601
292 64
389 254
760 195
291 230
623 378
447 580
288 345
468 471
472 773
412 232
83 744
284 240
33 661
165 137
800 538
737 643
601 326
96 113
72 738
694 695
315 340
474 602
236 493
273 259
17 684
42 100
179 325
691 211
538 407
348 537
144 636
379 296
161 27
408 585
764 653
479 279
193 504
80 780
548 704
591 565
587 632
216 317
157 458
80 694
64 427
782 207
614 360
54 775
386 14
111 350
666 589
628 410
644 259
390 391
163 180
507 301
363 722
618 519
731 697
764 794
675 745
552 488
657 606
14 242
619 476
143 484
264 322
94 459
581 35
402 295
566 108
147 128
382 316
199 312
564 162
306 438
459 409
478 315
214 43
108 32
519 251
68 334
572 513
345 704
547 746
550 312
53 697
791 434
564 189
746 328
351 603
317 9
211 794
675 777
389 782
360 459
232 427
344 356
139 688
611 237
633 361
100 238
609 91
223 372
279 168
251 629
322 568
189 85
561 415
61 501
397 420
511 180
399 55
87 89
294 698
326 479
610 425
716 418
515 138
341 346
658 592
174 531
359 715
615 471
681 227
524 277
647 234
9 597
640 95
685 486
792 210
164 601
187 431
570 701
120 463
246 329
606 772
60 516
238 226
186 118
453 261
747 651
47 755
447 238
401 331
723 745
93 438
545 279
420 667
531 540
681 329
420 486
652 31
201 441
257 738
558 261
199 56
463 597
362 461
34 763
791 757
707 435
746 3
265 366
221 796
457 101
676 76
138 527
107 690
167 715
628 276
527 378
684 189
174 245
649 559
559 191
67 17
626 13
20 90
378 592
437 386
245 312
461 382
390 119
624 556
385 451
384 111
380 267
299 105
63 499
663 174
690 730
190 67
742 561
508 671
353 497
256 597
8 268
530 750
739 353
57 323
355 440
434 286
258 284
390 673
783 253
46 224
534 235
642 27
796 349
697 700
397 504
496 757
323 577
706 261
482 762
584 388
754 217
674 211
52 263
435 34
67 480
609 152
715 450
178 262
351 426
161 747
481 208
703 4
336 160
264 369
474 399
757 427
615 182
189 219
796 624
252 63
655 61
214 569
62 744
382 412
369 542
711 50
301 165
53 637
325 668
205 798
267 513
424 433
694 164
651 690
787 455
752 642
67 517
762 128
12 696
92 381
789 2
782 290
166 386
126 42
605 682
39 71
395 14
56 288
530 258
177 516
712 480
709 330
549 223
458 560
118 549
492 106
550 25
747 267
410 424
309 215
306 699
637 700
713 244
539 442
502 268
509 765
747 770
295 47
544 304
607 213
52 650
670 153
675 617
419 284
240 279
50 545
178 687
796 442
482 87
435 183
354 143
500 300
464 794
347 207
297 505
419 700
354 289
52 580
457 22
64 696
301 465
793 478
351 788
119 33
74 553
567 779
247 266
631 263
611 529
469 107
233 440
6 138
280 409
718 736
431 333
631 731
797 623
760 700
163 430
284 588
534 402
567 780
668 397
594 478
125 615
137 709
254 494
398 85
103 315
20 85
199 202
367 196
377 326
447 91
755 730
230 40
331 348
371 550
296 165
580 772
779 716
680 232
409 630
668 63
144 239
147 695
792 513
442 720
390 88
10 696
369 592
735 699
139 306
1 435
22 580
406 800
47 638
583 7
467 450
70 162
688 568
56 231
633 497
151 574
136 512
470 504
303 756
755 442
613 755
428 634
534 385
633 132
222 415
138 240
416 559
402 655
327 9
86 511
58 236
284 193
299 753
697 602
261 651
595 73
605 574
707 690
158 539
21 732
506 158
171 121
269 124
776 595
485 413
305 542
200 140
734 498
445 182
651 705
32 445
777 188
570 683
429 728
774 1
211 479
511 381
599 779
57 126
573 541
538 429
634 737
120 119
787 564
301 637
468 684
634 797
424 403
679 52
682 652
53 92
682 115
25 33
93 81
158 217
173 248
645 358
536 316
476 522
80 328
359 99
212 192
95 635
146 326
238 28
529 642
119 411
756 143
443 48
575 152
264 299
399 460
656 135
776 684
208 407
211 118
505 774
309 600
160 7
125 398
34 653
591 504
615 547
199 257
146 773
409 762
624 359
421 479
45 748
362 253
706 125
370 411
98 231
562 258
589 238
207 622
90 797
677 257
543 75
513 241
48 473
202 671
32 174
701 428
474 615
680 379
739 602
341 36
384 102
293 172
339 51
345 781
48 221
237 142
296 301
382 695
774 135
117 357
309 17
336 334
631 568
712 569
369 605
157 304
706 1
475 597
52 19
577 451
591 365
592 86
217 526
780 190
660 96
98 520
465 434
53 295
201 317
416 121
121 124
424 378
124 450
174 527
20 302
177 610
218 769
696 435
46 227
176 705
323 274
425 787
259 29
633 11
697 600
483 17
723 106
747 399
107 120
125 126
774 654
735 191
174 182
177 219
409 353
123 283
178 99
621 788
480 5
798 376
605 480
745 79
137 691
477 243
362 154
720 335
7 654
78 180
388 254
398 348
606 72
630 335
523 2
322 202
6 671
577 610
350 73
689 38
763 717
632 325
70 551
659 428
757 288
607 344
542 556
243 699
180 72
234 702
425 555
455 430
426 583
240 327
656 480
365 618
396 548
494 18
299 353
445 607
640 604
502 733
359 744
632 90
367 65
791 791
619 797
420 596
580 211
123 435
242 39
604 638
586 298
207 436
202 651
594 393
454 295
326 365
238 509
454 156
573 797
146 743
793 118
539 124
328 213
558 570
603 714
759 740
563 517
376 764
367 169
708 373
16 233
289 605
741 742
761 65
290 106
360 283
575 450
758 103
662 516
224 16
781 534
755 543
602 682
506 168
403 765
92 418
198 380
222 490
674 534
107 163
640 466
797 414
115 755
68 328
22 643
343 2
728 649
544 529
531 601
249 133
565 340
102 314
272 675
356 145
409 14
307 248
31 656
213 145
610 633
24 631
27 718
184 755
566 279
35 296
79 635
780 195
527 81
61 798
756 768
494 364
781 352
163 11
207 727
507 16
111 82
198 138
799 381
444 564
659 30
412 289
665 391
36 391
24 448
388 779
415 81
694 747
432 408
309 191
686 15
206 797
448 756
486 446
336 129
209 547
158 620
35 22
563 422
764 586
69 351
116 483
783 9
781 767
768 289
157 653
655 714
649 302
669 334
747 557
14 508
303 524
679 689
545 441
311 61
226 379
411 341
414 746
701 394
712 220
235 420
73 441
333 273
743 202
159 241
310 172
300 612
695 179
500 792
619 362
52 45
293 14
737 706
759 638
651 222
57 437
193 481
78 526