32
896
615 432
610 435
852 85
57 60
385 492
744 535
560 556
694 160
439 852
2 171
438 821
591 836
56 423
60 399
895 646
767 486
182 480
24 9
564 848
68 820
315 684
330 875
215 128
10 525
851 779
568 392
703 262
331 631
556 262
5 555
11 771
144 64
354 39
72 789
886 12
713 177
567 18
155 781
145 36
410 867
814 81
362 493
214 564
227 770
825 231
428 708
873 443
771 330
481 715
222 342
726 806
390 396
824 544
152 840
451 433
683 369
385 148
861 599
584 63
472 384
165 771
195 141
189 838
470 669
656 563
882 357
345 376
752 144
791 775
855 218
312 641
586 696
661 422
398 220
356 741
603 520
615 798
660 675
739 105
319 370
539 305
726 755
552 453
770 318
331 729
535 642
345 96
442 877
389 711
200 744
556 803
239 146
576 770
821 290
874 243
659 389
419 488
247 74
812 121
264 246
721 798
760 41
766 177
22 258
887 221
106 546
895 216
564 574
90 360
863 835
602 497
327 893
856 446
838 771
566 205
121 262
875 752
302 744
32 195
105 22
416 82
440 286
298 875
860 259
338 698
197 43
299 524
807 258
73 749
133 510
57 125
643 35
748 48
778 779
115 755
672 402
708 215
687 109
193 522
239 402
324 436
317 494
63 227
751 7
79 755
388 136
751 134
42 602
53 692
484 167
422 260
568 233
346 231
214 411
752 452
812 179
887 232
544 821
459 399
827 537
257 318
544 112
451 586
585 376
253 173
542 674
304 86
10 649
316 223
163 171
675 79
222 537
182 765
462 640
139 392
281 396
582 696
379 136
385 835
511 637
111 29
414 286
114 296
39 429
518 73
471 168
23 564
705 205
433 270
844 571
533 100
838 218
796 192
226 156
131 608
665 113
636 54
399 621
349 309
25 739
381 496
10 404
163 586
608 467
727 427
142 364
399 851
453 170
19 678
325 21
390 861
133 1
19 403
622 367
711 646
81 196
245 859
471 280
548 54
746 251
480 759
614 750
586 170
23 604
720 348
624 85
312 628
85 202
135 706
441 845
328 521
16 444
483 486
723 7
539 445
257 891
179 742
744 764
783 767
471 606
90 70
690 273
698 775
475 704
456 787
652 783
411 668
331 766
129 29
772 668
473 132
534 524
873 381
391 759
123 734
341 84
803 6
229 476
780 575
283 212
465 807
866 875
450 300
744 450
201 491
221 545
494 626
172 342
879 563
77 105
272 417
61 50
422 289
526 178
863 680
389 431
462 358
281 783
530 1
337 602
491 429
250 89
159 422
430 141
856 506
117 231
794 177
152 192
465 677
369 303
333 629
733 666
90 118
553 491
118 761
196 608
293 318
568 451
611 870
463 442
351 580
544 249
756 695
440 197
348 680
499 680
412 336
321 373
325 745
736 314
609 803
25 6
224 465
328 706
310 791
251 660
474 794
780 205
593 195
273 44
746 772
595 261
83 19
506 279
764 345
592 348
251 488
353 347
56 553
156 237
447 407
1 792
304 652
868 768
719 245
811 568
888 381
829 842
272 438
224 139
654 815
358 8
278 711
354 206
239 510
442 685
20 314
452 195
70 423
67 788
539 749
331 530
234 263
347 505
572 570
515 329
360 872
209 638
558 562
843 668
47 388
456 834
702 779
133 643
178 71
406 716
691 736
222 796
871 568
276 546
242 790
747 473
638 59
214 171
492 160
839 539
420 270
476 97
25 480
739 202
422 248
21 217
855 242
884 829
810 264
479 27
29 329
499 666
259 585
709 750
616 523
392 139
664 740
235 688
195 845
889 617
68 782
705 27
895 692
855 808
827 437
706 856
637 181
625 767
765 309
621 484
703 884
495 471
599 601
134 794
550 895
386 617
780 194
643 778
757 474
562 688
14 243
647 523
423 247
265 163
428 885
647 234
745 117
576 447
717 582
344 370
580 729
859 335
794 605
88 527
182 521
190 68
764 708
462 162
58 726
325 357
587 843
463 435
63 14
753 779
595 73
125 150
801 87
356 571
563 444
73 617
836 262
556 575
73 889
737 2
718 37
359 280
751 693
586 685
706 443
567 405
515 563
426 291
521 782
733 188
201 805
676 140
42 335
715 882
327 427
884 20
335 218
172 189
14 757
873 591
175 415
867 561
82 397
852 602
282 560
661 354
341 440
493 382
646 183
240 76
481 227
864 815
316 139
107 201
767 851
791 814
370 762
478 323
262 305
796 415
865 433
768 309
872 236
562 494
291 801
441 771
3 408
690 190
418 668
390 161
623 285
78 864
22 555
162 155
860 61
569 700
365 312
112 213
419 545
706 709
322 250
584 196
530 377
386 51
20 775
83 642
35 160
481 824
715 642
82 550
575 522
353 43
705 336
255 228
752 832
40 49
58 495
245 587
871 502
509 763
252 592
508 287
623 93
214 441
606 168
862 284
689 318
199 498
525 325
725 381
261 636
429 318
235 545
8 81
150 388
843 402
83 327
688 706
291 773
122 896
812 856
156 605
149 354
78 674
678 674
158 810
285 458
231 519
107 110
472 256
370 290
657 452
616 320
133 778
69 127
778 880
86 37
460 234
390 409
779 43
186 808
853 471
370 59
861 476
169 308
603 538
598 236
861 189
555 866
71 495
864 720
479 821
756 810
30 121
323 809
163 508
720 887
850 193
50 815
540 90
98 119
499 695
354 463
756 12
304 826
507 271
649 857
195 380
770 225
500 68
9 534
576 728
525 401
793 574
319 436
663 417
554 265
87 779
599 842
663 775
643 145
149 395
105 216
774 746
312 249
814 320
783 365
151 411
765 47
856 60
355 494
348 780
630 306
663 332
252 429
82 894
573 103
265 549
318 14
270 501
263 187
820 21
423 842
303 292
761 262
223 91
755 570
742 360
875 380
563 102
680 645
868 228
747 236
776 168
249 22
540 383
208 335
403 503
152 705
666 784
838 888
874 568
433 592
31 411
75 594
385 755
214 356
86 64
463 734
103 583
755 642
70 834
80 344
440 103
25 209
887 734
72 736
406 504
431 308
787 506
773 275
236 90
630 193
153 68
30 255
650 656
768 591
594 719
39 9
822 831
90 812
668 161
523 177
665 58
357 555
435 233
829 542
323 434
734 475
501 636
602 254
395 473
717 860
296 755
741 93
689 830
776 332
94 402
381 630
331 737
288 765
73 92
282 395
397 120
742 769
627 447
895 125
23 715
857 190
573 701
282 237
506 161
440 471
435 820
205 765
660 364
506 605
328 787
103 724
778 844
597 508
266 467
505 161
285 465
350 729
141 504
69 518
536 380
92 74
304 168
839 835
532 448
543 859
210 518
558 92
337 130
599 603
596 207
763 880
543 88
712 555
591 652
176 231
136 140
176 311
307 886
249 710
437 792
544 519
413 206
610 749
207 184
327 803
263 193
658 805
281 346
336 743
101 511
845 108
650 125
290 829
114 539
642 423
306 290
813 590
367 526
442 573
581 641
479 843
833 113
752 89
458 191
832 430
573 652
410 199
776 699
131 762
213 772
160 518
165 76
211 403
473 525
80 157
269 430
104 77
542 727
166 871
789 869
405 465
496 686
663 248
488 793
113 573
541 144
194 577
219 277
84 691
801 35
719 45
464 822
889 878
652 158
852 544
2 232
881 498
21 647
745 381
416 729
57 828
872 122
508 66
398 463
628 174
497 450
90 65
376 83
814 3
112 769
547 114
105 531
483 893
153 203
249 440
803 305
371 778
299 751
715 696
317 446
742 686
895 831
622 246
785 539
249 1
411 667
882 387
173 340
256 197
542 504
637 448
681 879
201 83
733 19
650 26
336 495
711 334
302 436
452 190
78 572
190 360
342 47
619 386
386 874
582 799
481 322
350 137
305 422
219 13
312 869
38 647
467 620
853 640
159 408
830 108
851 891
340 296
42 62
553 427
807 238
330 263
560 551
400 736
77 618
748 260
462 658
11 33
381 735
672 412
118 477
519 72
472 730
239 513
791 791
43 573
132 244
836 563
795 339
274 743
828 126
106 394
655 884
298 139
594 841
550 711
422 45
782 765
774 892
381 541
786 295
217 790
539 28
456 309
366 730
27 170
727 4
435 357
888 732
495 585
548 21
272 73
833 29
837 710
25 193
226 810
360 443
575 770
342 135
182 708
736 80
749 438
83 287
666 842
122 264
403 541
156 674
614 92
702 426
674 598
491 3
512 850
317 190
723 659
196 776
342 803
855 194
216 809
480 881
755 473
121 261
117 276
806 602
240 483
4 17
185 366
19 696
191 208
757 17
866 825
664 311
603 494
376 819
406 727
675 264
303 667
396 291
815 305
765 158
788 640
46 76
109 832
643 299
143 375
187 112
175 722
294 778
319 669
572 724
499 222
860 673
889 359
836 807
536 576
68 427
319 113
374 299
48 888
469 63
238 655
174 413
352 340
166 670
112 737
497 483
62 460
259 54
691 70
732 330
645 799
628 67
783 105
237 703
864 705
765 205
335 810
617 686
253 782
459 237
494 828
719 428
263 849
481 57
23 189
386 667
91 117
606 746
93 842
552 828
523 292
137 729
205 625
519 458
383 849
566 876
652 388
407 19
340 760
75 234
52 461
773 14
449 482
759 542
299 286
473 693
449 481
526 654