32
960
359 48
290 819
532 341
697 188
385 492
744 343
624 236
630 288
55 596
514 171
950 245
847 516
568 359
380 335
767 262
191 38
310 480
856 713
820 464
900 116
827 556
330 491
663 960
650 589
467 75
632 456
319 518
11 759
748 262
5 555
523 195
592 704
674 359
456 405
822 268
521 561
695 722
91 397
721 612
26 99
686 657
554 877
86 436
675 834
697 679
428 132
745 891
835 458
289 203
862 22
470 294
454 204
56 544
472 648
67 369
619 753
897 212
669 23
520 255
856 128
805 195
259 589
957 6
86 285
208 819
178 549
25 632
752 912
87 135
471 26
504 129
778 440
213 358
462 604
484 229
731 328
423 30
916 291
35 873
447 114
603 625
662 499
168 325
322 126
459 793
151 2
793 800
442 877
69 775
520 552
44 291
751 338
192 578
629 98
490 115
211 5
611 872
503 778
108 825
776 566
529 926
440 233
638 753
150 706
567 669
298 610
831 920
820 62
538 360
159 899
474 241
903 957
24 318
646 131
182 461
697 582
299 48
814 936
800 835
681 406
544 850
888 286
810 619
348 259
18 378
197 491
619 140
359 642
457 45
773 510
505 381
3 803
300 816
778 139
563 371
416 18
132 343
303 941
1 522
111 850
900 308
253 430
447 611
111 775
655 755
196 200
47 198
874 346
885 564
484 487
806 900
504 937
154 679
790 27
240 900
876 179
247 168
480 565
779 591
379 473
385 574
544 432
771 458
649 568
893 173
94 738
944 470
714 137
188 543
163 427
483 79
478 601
118 957
206 896
459 584
409 844
70 824
187 840
321 707
447 253
879 413
30 734
882 616
871 109
198 905
407 552
855 756
193 13
753 398
908 251
853 228
6 922
92 64
674 284
771 32
409 561
444 310
335 237
925 117
217 35
61 624
586 916
419 650
928 83
919 747
334 812
847 211
645 810
147 358
133 789
390 413
389 705
723 595
942 687
711 198
593 772
821 91
599 152
740 438
234 571
224 439
422 942
522 106
791 668
336 924
496 597
376 756
341 10
391 322
569 141
392 201
784 124
291 422
275 903
859 381
513 955
691 806
936 252
783 767
919 158
602 326
754 849
122 135
859 384
328 339
524 719
539 348
843 702
641 29
644 540
409 196
406 12
41 381
263 823
59 94
853 532
419 518
293 412
652 63
795 852
401 231
482 939
450 364
680 2
265 235
541 545
302 818
556 214
111 819
909 169
784 801
573 114
358 865
526 882
927 232
773 367
334 294
217 655
530 769
657 666
43 109
250 345
927 806
558 77
536 506
117 359
218 689
344 448
593 869
369 431
13 53
797 218
346 54
873 747
822 441
452 864
549 574
120 515
291 550
463 698
927 580
928 185
308 311
632 773
92 872
243 104
924 80
193 181
5 937
800 698
417 163
601 6
736 593
392 898
54 855
635 20
474 602
76 653
913 579
337 44
362 580
19 325
531 211
378 407
188 217
144 476
379 616
481 27
248 745
924 173
639 599
193 24
240 140
548 64
591 885
107 952
376 957
317 778
80 694
224 267
782 367
614 200
854 135
226 14
751 190
186 429
788 250
324 899
390 871
3 20
667 941
843 82
938 199
731 57
764 954
195 585
232 808
657 126
814 882
139 476
943 324
904 642
574 139
581 835
882 455
726 588
307 608
542 156
679 312
84 482
306 278
939 409
958 635
534 683
428 672
199 411
868 14
92 353
25 544
227 906
870 952
533 217
471 114
244 189
426 328
671 603
477 649
51 474
195 457
69 622
40 139
72 907
24 36
299 48
451 397
953 361
260 398
449 731
383 692
919 808
891 629
322 408
189 245
881 255
701 821
877 740
831 820
559 855
727 729
774 218
166 639
450 425
76 898
195 458
501 26
178 432
654 371
839 715
615 631
841 227
364 757
7 234
489 437
960 255
205 646
472 370
324 921
667 271
730 861
600 143
886 649
446 452
60 196
78 546
826 918
773 101
587 651
207 115
127 78
241 331
723 585
573 918
545 279
100 187
51 700
201 809
260 646
172 191
841 121
737 578
78 421
679 536
943 757
522 941
834 763
311 597
387 755
426 803
905 526
861 956
137 101
676 396
618 847
587 370
7 235
948 916
527 538
364 509
334 885
489 79
559 671
547 817
466 13
660 410
538 432
277 546
405 952
941 62
710 439
304 716
545 291
544 111
700 907
619 905
703 19
23 174
690 570
30 67
582 561
348 31
33 497
576 437
488 428
370 110
739 673
697 323
835 280
434 446
98 924
390 673
943 413
846 544
854 875
482 347
476 829
377 380
237 824
816 597
163 97
706 901
642 442
264 388
594 697
834 691
532 263
275 514
547 160
929 312
75 450
658 422
191 906
801 427
641 528
63 804
496 640
744 49
954 879
437 587
615 182
189 59
316 464
572 863
495 541
214 569
862 744
862 92
689 702
391 370
141 325
213 637
5 828
685 958
747 33
584 273
214 644
331 530
147 775
432 642
227 517
122 128
172 856
92 861
469 482
142 610
806 226
286 682
925 842
679 711
875 174
856 128
690 98
657 836
872 960
389 10
389 383
138 560
278 229
332 746
710 345
267 427
570 424
149 535
306 699
157 220
873 884
219 602
22 748
349 765
747 610
775 47
864 784
607 53
52 810
670 633
195 937
99 764
400 119
210 705
818 367
796 602
162 887
115 183
674 463
820 460
944 634
507 847
457 25
899 380
834 609
52 900
457 22
704 856
141 785
473 958
191 308
599 353
234 713
407 779
87 266
151 903
771 529
789 267
553 600
646 298
120 569
238 576
591 813
471 731
637 943
600 700
163 110
924 268
694 242
87 780
508 237
594 318
765 295
457 229
894 14
398 885
583 635
500 85
359 842
687 36
697 326
607 731
435 570
870 40
811 828
691 230
936 325
420 612
619 876
840 552
889 150
348 383
784 719
467 55
472 193
922 80
390 568
810 696
49 592
735 859
459 466
1 435
662 420
86 320
207 798
743 7
947 130
390 642
848 728
696 231
793 657
311 94
136 32
790 184
623 436
915 122
773 915
428 474
374 385
793 452
222 575
458 80
576 719
722 335
487 329
566 191
858 876
284 33
779 113
217 442
421 171
435 233
125 734
707 370
158 539
821 252
26 318
331 601
909 924
936 435
165 413
625 62
200 780
94 18
765 182
331 225
352 765
457 348
410 203
589 568
614 321
691 639
511 61
279 459
857 126
893 61
538 429
954 737
120 919
627 884
141 957
148 364
634 477
584 83
679 212
522 332
533 252
842 915
185 33
413 81
158 217
13 568
645 838
216 636
796 842
560 808
839 579
212 512
95 795
466 646
878 28
849 322
279 731
276 463
763 688
415 792
904 299
399 460
176 615
136 844
368 567
691 118
185 774
629 280
480 7
925 398
34 813
591 184
455 867
519 257
466 933
89 282
144 359
741 319
845 748
202 253
226 765
370 411
578 871
562 98
749 398
367 782
250 957
837 577
863 395
833 241
368 793
522 511
192 174
701 908
794 775
200 59
579 442
341 196
224 902
293 12
339 531
665 461
528 541
77 302
936 781
542 215
614 935
597 677
149 337
496 814
151 568
872 729
49 125
797 144
66 1
155 277
532 819
737 931
271 685
272 246
377 686
460 30
660 96
578 680
305 114
533 455
681 317
96 601
441 764
744 378
764 770
654 207
500 302
177 770
858 449
56 275
46 387
176 705
483 754
425 787
739 829
153 331
57 120
803 497
883 586
747 559
267 440
765 766
614 814
575 511
174 502
657 219
889 833
923 283
498 259
941 148
960 5
478 56
125 320
425 879
777 211
477 83
522 154
720 175
7 334
558 180
708 254
398 508
126 232
790 495
363 642
642 362
646 31
417 770
350 713
689 38
923 77
952 485
230 711
659 108
917 128
287 664
382 556
83 379
660 872
874 62
425 555
295 110
586 583
880 807
336 480
845 298
556 708
654 658
459 353
765 287
480 924
822 733
519 904
152 90
687 65
151 151
619 317
260 116
900 51
923 275
402 679
444 958
426 138
527 756
362 331
914 713
294 775
486 685
718 509
774 316
573 797
466 103
153 598
219 924
648 53
238 90
603 554
919 900
563 357
696 924
687 649
548 853
336 73
449 925
581 262
281 65
930 746
40 123
255 130
918 903
182 196
864 656
621 694
595 223
922 202
186 648
723 605
412 98
678 860
62 170
34 214
107 3
960 146
957 254
275 915
68 328
22 803
23 642
408 489
864 369
691 921
889 453
565 340
422 154
112 355
196 145
569 174
147 568
191 16
693 465
930 633
664 951
347 558
504 755
86 279
35 776
239 795
140 675
47 561
701 158
916 768
174 524
941 192
3 171
207 567
507 176
111 82
38 458
639 541
124 724
819 30
412 929
825 551
516 871
24 128
68 939
895 241
374 747
432 248
789 511
686 335
686 797
288 596
166 926
176 289
689 867
318 140
835 182
563 262
924 586
389 31
436 323
143 809
941 447
928 769
957 653
15 554
489 302
189 654
267 237
814 828
143 44
839 849
225 441
151 61
66 539
91 501
734 106
221 714
552 60
395 420
713 281
13 113
583 202
639 721
310 492
460 452
535 339
340 632
779 362
692 845
773 654
257 546
759 478
171 222
537 437
513 161
718 526