512
352
343 37
330 124
294 154
139 306
53 18
294 332
144 266
232 70
271 150
165 160
121 183
66 64
117 175
119 277
87 64
162 141
165 139
264 106
292 114
59 56
196 65
36 51
330 331
120 312
128 348
183 313
179 248
24 7
135 142
348 285
270 157
137 146
295 112
251 298
225 21
2 132
85 101
183 126
79 14
150 271
10 332
231 188
292 254
258 138
107 253
134 88
57 270
233 63
29 131
73 317
216 138
97 300
238 343
138 28
4 287
298 13
330 176
264 333
141 170
182 248
134 315
335 255
296 216
317 324
58 101
1 273
238 97
285 187
87 134
215 90
132 160
167 173
48 78
218 188
311 47
147 93
74 130
347 17
57 23
53 178
124 53
163 9
213 95
196 299
292 122
100 71
345 330
243 40
56 108
292 78
219 86
170 292
279 228
308 335
251 72
161 22
124 323
94 336
129 1
346 68
122 158
202 115
135 92
218 254
264 157
332 130
307 149
133 233
25 152
280 339
224 88
8 347
122 165
43 314
166 36
93 287
193 294
113 40
33 331
293 8
135 272
137 89
133 269
34 221
69 313
207 4
112 278
350 233
90 40
258 319
140 350
254 44
291 14
83 35
344 24
43 191
295 243
343 139
224 24
7 4
48 277
7 159
202 68
103 4
172 8
322 311
69 287
2 7
301 149
106 4
172 148
258 178
102 313
317 325
336 35
40 96
312 110
254 161
178 69
164 349
140 198
19 209
132 84
215 144
232 320
212 51
179 117
293 345
77 321
29 125
3 69
220 314
178 185
123 67
317 350
127 105
195 145
313 39
293 239
182 172
271 41
287 97
158 227
89 298
195 118
134 261
250 65
223 139
250 57
206 278
54 332
30 313
189 342
351 129
229 244
12 147
285 298
307 154
236 108
163 142
289 297
51 186
9 273
324 322
41 241
248 158
221 277
118 121
331 180
313 271
136 324
129 68
334 147
285 281
254 95
71 190
39 185
87 48
169 123
81 209
11 328
14 295
317 196
63 7
87 23
277 222
347 117
1 40
263 285
320 229
28 102
130 130
286 217
241 166
339 322
22 61
297 100
4 325
7 66
331 157
89 319
91 147
83 91
186 58
88 153
286 179
255 63
308 252
343 197
66 41
166 151
102 174
250 105
211 320
234 189
125 322
156 215
180 302
17 13
71 104
166 4
282 132
131 302
31 185
210 96
226 87
247 39
260 208
143 118
176 88
19 12
58 238
226 237
251 306
314 322
58 127
37 51
322 167
64 352
64 273
160 289
7 118
39 267
325 181
96 212
268 178
287 37
63 160
338 314
178 299
283 235
137 319
349 106
198 61
169 261
333 40
261 52
157 299
30 194
191 125
117 170
303 52
271 77
275 256
102 100
266 32
46 50
63 43
219 324
167 99
296 211
139 268
262 7
214 291
200 116
128 317
349 142
80 267
218 2
234 320
102 147
63 147
260 189
253 190
160 131
289 167
342 139
82 251
145 7
190 57
122 29
21 183
170 164
97 35
165 331
66 330
189 129
189 161
29 89
350 189
220 350
67 273
136 149
171 281
155 72
337 341
100 69
171 269
232 331
16 108
21 81
86 210
273 274
82 302
74 79
202 293
77 268
213 212
128 96
204 347
231 252
335 331
32 217
311 327
259 326
83 280
119 168
201 39
89 282
340 226
72 253
167 148
169 91
72 296
250 339
290 129
239 336
107 334
264 65
309 171
103 39
162 221
270 74
259 70
3 311
295 138
275 173
286 91
328 69
99 225
55 100
65 5
148 235
51 123
12 7
5 114
109 166
334 90
239 304
159 305
326 165
155 249
50 88
51 25
220 213
313 338
313 26
55 172
260 105
294 271
175 299
96 283
176 77
84 127
93 306
143 130
118 297
26 231
96 141
255 315
1 216
13 25
305 67
260 276
235 202
195 57
212 290
51 35
79 198
161 235
151 304
12 332
312 102
211 56
242 113
18 306
40 94
43 56
224 302
332 106
215 238
226 74
175 340
173 317
185 45
199 335
60 211
27 20
312 237
75 265
61 156
282 165
250 324
220 121
338 263
227 200
148 164
338 323
152 158
351 48
202 198
31 262
120 121
281 143
5 3
55 129
222 48
293 119
84 225
240 69
199 178
332 347
341 317
29 204
186 27
252 36
224 346
9 55
114 1
197 182
67 315
310 288
11 315
55 158
251 6
226 97
183 269
91 235
298 183
151 131
210 114
230 145
107 238
200 284
238 44
177 304
7 198
240 81
160 6
238 122
11 175
283 257
91 21
203 36
268 1
231 125
114 108
333 284
346 244
279 295
288 103
247 6
301 198
150 172
267 99
294 277
273 224
245 75
308 95
175 223
160 53
59 337
160 104
333 217
347 259
160 346
10 118
63 22
27 212
193 293
310 134
281 294
69 173
81 89
331 255
311 138
19 82
187 242
185 167
107 243
137 330
237 146
95 299
231 185
223 72
125 244
269 117
250 338
289 330
74 267
232 96
117 250
241 303
139 137
181 309
28 317
286 328
175 92
338 53
340 272
124 112
164 41
228 125
90 228
102 227
207 45
34 323
294 275
337 144
123 229
165 214
193 162
189 15
254 175
132 241
158 255
65 33
7 4
157 160
296 258
34 150
302 132
184 307
54 232
163 240
108 327
102 300
136 290
27 101
176 158
54 334
124 118
14 131
185 235
2 128
140 36
341 154
167 172
108 284
115 334
235 222
308 336
234 92
274 324
256 161
193 309
206 316
138 284
158 323
166 160
162 17
259 215
170 137
98 342
132 213
323 14
82 343
350 27
146 335
350 49
143 190
70 61
218 207
344 87
241 157
246 51
237 216
265 55
64 74
108 195
286 142
273 80
196 270
106 341
316 168
102 170
69 171
230 286
25 221
21 330
89 330
28 326
194 4
92 321
77 263
164 75
116 84
154 312
65 259
12 28
138 113
197 207
347 139
140 84
7 224
61 160
202 152
197 107
219 288
75 7
262 302
81 25
97 298
336 161
269 348
252 54
172 161
260 231
299 112
314 17
335 86
240 248
237 84
66 167
83 205
173 344
154 318
17 315
263 64
123 179
123 87
297 295
247 268
237 257
27 198
273 74
347 161
33 295
308 99
109 39
15 345
94 232
310 110
194 285
238 29
175 8
115 119
14 73
35 250
329 125
159 313
198 153
185 231
95 141
41 267
243 119
260 336
350 281
158 192
213 43
284 100
114 110
218 192
182 316
89 222
89 312
246 350
176 143
292 271
283 44
185 237
162 156
220 160
85 25
63 9
131 58
108 309
167 38
148 60
1 300
345 153
259 238
151 83
92 154
65 22
198 313
322 71
181 190
294 265
278 4
273 57
61 93
77 291
130 224
350 130
171 342
283 142
292 145
288 31
10 64
117 207
88 86
342 268
339 283
244 265
287 229
33 59
321 109
62 98
44 59
227 278
113 221
67 116
77 66
146 87
193 326
5 281
124 346
260 110
277 152
86 275
28 118
45 348
290 106
93 333
229 31
259 341
316 37
104 40
167 313
190 7
351 259
351 122
252 259
231 240
58 29
226 85
210 335
144 148
88 300
192 28
330 162
16 5
263 183
45 77
144 298
147 142
204 146
327 168
116 269
119 173
297 57
321 155
39 176
302 190
123 205
218 164
15 233
169 277
128 277
65 335
222 211
124 138
68 162
17 183
78 135
67 23
191 99
177 293
274 190
131 108
106 348
272 120
292 88
108 131
12 172
113 297
95 300
82 226
109 162
121 187
297 251
209 199
350 97
140 335
350 334
155 103
41 74
287 332
225 42
111 300
278 223
244 20
235 38
245 343
199 77
177 207
328 97
118 325
257 321
19 254
302 173
69 342
310 3
33 182
44 143
129 321
78 85
52 312
122 9
14 32
85 191
303 60
351 68
96 256
36 179
221 337
63 289
326 21
3 6
266 111
213 43
143 2
191 195
25 24
267 38
55 63
292 69
123 291
136 282
258 171
108 126
219 171
127 256
255 129
326 168
303 250
274 94
251 112
352 275
199 266
24 318
328 316
34 162
318 170
92 223
52 263
348 271
145 186
238 47
27 211
279 329
108 200
70 70
24 69
56 222
46 80
187 86
107 221
247 72
102 50
294 153
25 1
135 169
187 21
280 213
231 206
189 51
53 323
120 140
103 176
10 149
319 196
234 73
128 192
144 229
306 85
94 330
85 228
210 271
248 137
195 191
54 96
305 171
66 72
310 168
311 319
28 277
227 325
349 2
229 140
231 182
224 324
159 21
263 16
3 223
217 198
125 270
293 77
88 6
148 46
237 171
12 329
95 302
301 92
304 177
295 246
70 231
281 228
251 191
308 253
125 172
98 249
89 102
325 177
107 185
222 56
3 297
32 161
247 44
316 262
285 259
155 2
137 83
294 35
337 249
351 174
68 161
70 220
262 107
44 17
291 329
136 5
338 231
165 232
274 193
141 270
99 7
272 299
153 277
45 201
173 43
22 304
203 92
171 113
198 279
193 200
319 328
204 304
270 80
247 191
272 35
109 82
105 92
28 257
80 72
106 252
179 127
267 29
218 149
205 127
139 45
326 106
84 177
57 1
321 16
256 304
50 76
34 155
231 125
123 310
197 228
273 23
3 187