512
320
151 69
170 28
134 282
107 242
21 18
38 140
208 42
264 38
47 54
69 256
25 311
34 256
309 143
183 117
151 288
290 173
229 139
200 42
100 178
283 312
68 193
132 147
234 267
184 152
320 124
279 217
115 312
152 295
7 14
284 29
174 253
73 274
71 144
315 42
1 149
34 260
21 37
87 126
303 142
150 175
266 108
71 60
292 222
226 170
107 189
70 152
121 142
105 63
285 99
297 157
120 202
97 140
238 55
138 92
196 287
266 141
266 16
72 109
109 298
150 216
38 219
47 31
232 152
93 196
122 261
225 241
142 1
253 251
55 262
23 250
100 288
263 237
176 14
218 284
183 47
51 221
138 98
251 49
121 215
117 114
156 21
227 297
213 159
228 267
292 122
68 71
281 202
307 136
216 204
292 270
123 22
170 260
311 292
308 111
187 296
225 22
316 131
190 208
161 289
26 132
90 286
74 51
167 60
58 254
136 29
204 258
243 53
69 233
25 248
216 83
224 120
104 219
122 165
299 154
134 4
157 223
289 230
145 8
289 203
261 296
231 144
233 153
69 301
258 285
229 153
47 4
144 22
222 265
186 200
290 191
76 126
94 236
35 238
243 195
120 184
171 223
7 275
247 267
128 184
231 228
208 149
231 31
170 4
167 228
76 136
98 151
133 63
66 167
301 181
234 292
44 84
66 242
230 185
189 37
48 291
136 128
120 238
158 289
242 197
196 317
204 166
19 17
228 276
183 80
136 96
244 179
51 309
293 153
173 33
61 93
3 197
220 122
114 249
91 227
317 158
95 201
3 113
217 103
261 271
182 76
239 105
127 289
94 99
121 138
131 182
102 5
250 193
127 235
122 89
142 310
246 236
190 121
221 86
223 161
37 276
108 275
61 234
115 26
204 108
35 206
161 137
211 90
9 17
4 2
297 17
312 94
253 181
214 25
139 308
57 47
136 164
193 196
270 179
93 25
286 127
231 126
263 313
87 272
201 283
145 177
299 136
270 103
189 36
127 199
215 183
245 30
27 309
97 168
167 189
192 5
316 294
2 130
286 89
273 38
51 98
214 221
233 36
4 293
263 130
171 29
313 287
251 211
275 27
58 314
88 249
318 275
223 319
84 60
279 37
98 201
134 183
102 238
218 105
83 32
106 253
61 98
220 311
180 46
209 237
231 296
166 228
250 260
99 206
319 249
114 96
130 119
279 103
36 48
207 118
80 184
243 12
282 14
2 141
251 82
250 162
58 95
261 179
226 39
256 224
160 49
192 289
167 22
263 203
69 149
192 20
12 306
223 165
319 224
178 250
178 107
91 235
73 31
285 298
262 221
73 101
269 136
261 308
157 203
62 98
223 253
309 106
239 212
143 109
307 320
230 164
298 320
270 50
223 235
219 36
7 163
8 147
299 140
134 7
22 195
104 116
320 93
93 110
176 235
218 162
106 128
6 83
319 275
4 93
61 94
128 259
257 7
86 107
146 219
113 39
94 89
154 285
181 119
74 228
33 291
69 139
290 266
93 289
93 289
253 153
62 61
92 190
259 49
296 85
267 89
123 232
177 149
196 229
267 269
136 171
112 76
181 81
22 274
241 114
114 174
138 175
106 229
45 44
277 20
320 96
300 315
199 28
143 75
128 281
215 135
3 6
211 184
279 232
9 199
25 122
52 34
168 29
263 212
73 91
104 72
58 275
66 257
303 80
11 302
232 225
117 235
103 7
290 61
110 170
259 6
291 183
39 10
83 173
222 155
136 197
99 193
151 36
1 5
308 203
179 91
300 295
197 82
173 166
142 154
15 272
159 177
6 69
59 89
114 280
115 249
28 85
313 50
121 314
247 300
196 105
70 175
271 267
128 123
304 269
148 191
93 178
239 290
246 297
58 231
128 45
159 155
129 152
77 121
17 3
292 84
299 42
259 249
180 66
243 163
207 262
33 171
119 272
140 236
120 70
147 248
114 305
82 114
8 30
107 216
224 78
300 202
311 110
2 170
175 116
205 253
57 109
103 175
252 243
283 52
312 109
299 297
285 252
282 165
282 68
60 185
18 231
67 8
20 260
50 195
56 254
319 304
42 102
159 294
216 313
25 79
101 3
55 257
126 208
101 87
148 33
272 165
135 210
44 155
149 93
221 76
218 219
60 260
320 90
105 87
82 1
165 54
195 91
310 320
299 283
87 318
187 230
162 1
119 77
155 139
42 247
87 259
146 18
70 17
107 174
104 60
174 268
305 48
39 166
48 209
128 6
206 186
235 239
59 225
315 213
235 36
12 1
167 157
18 236
45 316
90 20
247 135
288 231
183 198
77 102
278 76
299 35
262 213
273 320
309 139
84 223
47 95
96 213
123 305
128 40
173 89
59 99
224 218
10 278
287 278
251 244
33 229
278 294
313 102
165 301
113 121
75 159
215 170
243 210
27 242
249 199
11 179
169 106
77 178
63 43
7 185
159 40
93 308
205 277
282 50
257 74
170 11
232 256
53 154
17 79
75 137
149 277
316 317
62 264
47 316
178 53
52 208
92 144
196 297
100 29
218 228
102 259
111 205
66 163
38 83
113 304
91 133
133 278
129 66
221 175
62 79
100 113
158 191
129 225
39 100
253 128
200 34
66 310
238 4
24 147
86 8
3 48
140 135
6 268
200 226
315 133
176 94
118 14
156 246
238 195
217 43
194 96
76 260
277 186
263 300
12 220
179 206
139 318
20 144
138 220
50 4
224 97
289 21
302 124
138 92
190 35
134 64
2 81
195 151
266 9
2 150
100 181
35 238
178 247
62 187
18 303
190 241
79 158
134 253
154 271
24 215
177 157
278 179
109 24
9 55
224 202
76 3
62 302
113 112
100 174
298 117
28 40
230 298
69 43
230 222
313 253
117 42
281 266
220 70
290 100
316 65
301 263
68 235
116 180
26 216
225 3
204 252
234 113
229 303
27 11
204 212
263 192
253 96
138 24
37 299
315 32
43 167
166 302
81 281
33 298
176 257
173 60
60 86
44 161
68 263
171 144
154 305
15 278
272 24
301 308
194 167
211 109
13 56
90 286
17 315
263 64
251 115
315 183
73 39
23 12
173 65
155 6
49 42
155 1
257 7
180 131
173 71
111 57
318 72
22 14
66 157
270 189
143 264
51 215
174 265
227 26
9 253
223 249
294 57
121 231
63 301
233 107
243 215
164 240
286 57
126 32
213 75
92 228
210 14
122 256
278 220
281 158
153 56
278 318
304 271
100 47
251 204
153 45
98 188
284 64
245 89
287 9
35 250
236 117
263 230
52 92
129 204
121 153
259 78
151 243
220 122
161 150
6 185
66 295
245 30
230 169
310 196
177 25
125 285
13 259
194 64
30 2
267 150
155 78
100 177
192 319
170 224
21 175
280 86
22 204
307 251
244 297
127 293
193 123
257 205
254 130
140 283
131 278
305 157
35 276
205 98
274 55
193 166
101 153
124 122
228 110
53 152
278 51
124 150
45 60
226 298
189 45
133 191
3 117
220 229
72 104
199 217
30 71
255 3
95 58
124 3
167 48
154 317
290 277
18 207
208 244
184 268
160 188
138 34
304 229
135 247
13 13
144 234
275 78
236 50
7 232
244 45
151 77
41 313
225 59
199 304
302 254
251 13
122 260
47 105
169 181
224 53
65 239
286 19
316 74
260 194
177 183
238 7
131 279
319 227
17 69
210 190
3 12
74 124
272 120
100 120
172 195
172 236
113 9
127 300
82 258
173 130
313 91
137 315
49 7
222 257
76 303
318 270
187 71
265 138
63 44
129 234
239 172
22 31
180 148
203 134
85 55
263 269
145 271
264 65
150 165
193 97
19 190
46 205
133 310
214 195
225 22
108 143
193 129
46 245
148 248
58 105
174 192
53 319
15 316
255 164
32 128
260 243
189 305
319 1
294 213
67 198
106 47
213 299
47 130
95 195
249 24
171 102
215 95
292 101
91 227
264 314
226 203
236 94
59 235
287 224
319 33
294 104
271 58
274 318
187 48
64 115
263 234
88 30
8 60
130 290
158 74
284 63
148 71
156 207
177 314
302 175
219 275
151 169
12 104
166 70
24 229
56 286
14 144
315 214
75 125
183 232
70 18
294 217
281 1
295 137
315 277
184 213
231 14
61 115
117 99
184 12
199 240
298 213
255 292
106 9
288 160
240 37
50 213
126 10
213 100
18 207
56 201
291 159
86 224
145 75
2 8
86 200
119 63
284 53
227 261
61 194
293 300
231 22
192 36
31 277
7 48
35 255
121 6
285 206
229 109
280 230
116 46
301 107
108 137
159 206
77 220
80 49
71 182
262 135
89 292
91 95
212 125
221 12
130 185
217 230
293 177
139 281
222 312
67 201
128 97
87 76
188 38
317 259
219 258
73 307
102 163
273 313
159 46
4 161
230 92
70 75
268 209
35 41
72 293
114 71
69 200
146 129
237 14
67 7
272 11
185 245
45 9
237 203
54 112
43 284
203 113
38 23
193 264
255 264
236 48
206 176
119 31
304 35
45 242
233 188
252 97
304 296
106 220
51 159
203 93
122 277
77 31
171 269
294 106
84 209
153 289
257 144
192 112
178 108
34 91
167 157
59 150
133 164
241 183
3 123