512
224
23 37
170 220
70 218
107 50
85 114
198 12
16 42
40 198
207 118
165 32
25 215
98 32
149 143
151 53
23 192
34 141
101 203
136 170
196 114
219 152
100 65
164 211
106 75
184 184
192 220
87 89
211 184
120 7
199 46
156 93
110 189
105 82
167 112
27 10
1 117
162 196
181 197
183 158
47 14
214 111
10 76
199 220
132 94
98 202
11 29
166 216
217 46
73 31
157 99
137 29
88 170
1 44
142 55
74 60
68 63
170 77
10 144
168 13
109 42
86 120
166 27
111 31
168 184
61 100
154 69
1 17
14 1
157 27
55 102
87 122
36 32
71 141
48 14
26 156
151 111
147 93
10 34
123 177
89 55
149 114
124 149
3 137
21 159
164 75
132 122
68 167
25 10
83 72
24 108
100 46
91 22
138 100
151 132
52 15
187 72
129 86
220 131
94 16
161 129
186 68
26 126
106 51
135 188
218 30
168 93
76 34
211 213
5 137
121 152
24 179
224 152
40 219
154 5
107 186
134 68
125 159
193 6
81 200
193 75
5 8
167 80
41 153
165 45
162 157
197 185
111 68
208 22
62 137
26 168
194 31
108 94
190 172
99 46
147 163
120 152
171 159
7 83
183 43
224 120
199 68
176 181
135 159
202 68
167 100
108 136
130 215
101 191
162 199
13 181
10 4
108 180
34 210
134 89
29 133
208 99
72 32
56 78
190 33
146 5
132 29
12 134
115 113
100 148
87 208
104 96
84 211
147 117
69 153
205 193
157 61
67 5
92 122
82 153
155 99
29 158
223 41
67 113
153 39
133 111
22 12
79 105
95 1
222 163
153 74
131 86
6 69
186 193
191 139
122 217
14 22
150 12
62 89
221 214
127 129
101 20
12 179
125 106
51 218
140 76
163 142
33 169
211 218
137 177
132 130
41 17
152 62
29 213
150 121
75 148
121 47
40 132
97 164
110 19
29 121
94 191
39 126
135 121
215 48
169 219
49 209
11 200
46 135
61 68
31 7
87 151
53 126
59 21
161 40
39 189
160 5
156 70
2 162
190 217
81 6
211 130
214 93
105 132
4 37
71 34
43 29
185 191
27 115
211 187
154 122
24 89
126 51
159 127
212 220
215 69
2 73
198 87
166 174
218 169
83 160
74 125
189 34
92 215
20 174
49 173
167 72
38 68
122 68
67 206
63 153
146 64
2 215
151 39
164 16
207 22
176 152
19 12
186 206
2 205
27 146
26 194
218 63
133 211
2 199
64 64
224 209
224 1
199 22
135 139
37 117
32 84
44 146
191 101
127 192
178 154
210 203
123 203
137 31
61 138
102 125
73 101
109 168
197 180
189 107
190 98
95 221
53 10
143 20
207 141
83 160
166 68
10 64
142 146
191 203
155 164
199 99
136 179
43 204
134 103
86 99
200 52
192 29
157 206
144 139
122 2
170 64
70 179
223 211
196 61
61 222
224 131
97 7
86 11
210 219
113 167
94 185
218 157
213 23
138 4
161 35
5 107
194 170
157 193
29 1
125 89
222 125
220 190
3 177
200 213
171 89
155 136
49 21
68 133
43 205
136 75
112 12
53 81
182 210
145 210
82 46
170 79
42 165
45 44
117 20
128 160
204 155
167 124
175 11
128 89
87 135
35 198
147 88
151 104
169 71
89 26
116 130
200 29
71 20
73 59
136 200
90 211
130 33
111 176
43 110
136 129
21 171
199 167
130 125
142 170
195 102
195 183
7 42
83 173
62 155
104 69
3 193
55 4
97 37
52 11
19 59
12 39
101 210
77 6
110 90
175 176
191 17
6 69
155 89
114 216
115 217
156 213
57 82
217 154
215 140
164 9
198 175
143 75
32 219
176 141
180 223
189 18
111 66
86 41
154 71
128 141
63 59
129 120
13 217
145 3
4 180
107 202
131 25
148 162
115 99
175 166
97 11
183 208
76 140
120 102
211 24
18 49
82 18
40 190
107 56
64 110
12 170
183 14
66 106
175 52
77 221
217 45
7 175
124 83
187 20
184 173
43 73
93 220
186 5
186 68
60 25
50 167
195 8
180 132
210 131
184 62
223 48
106 6
223 6
184 57
25 15
5 67
87 193
158 144
197 119
84 129
144 133
167 210
12 123
117 221
125 172
154 123
220 36
128 90
137 183
146 33
197 22
195 155
214 128
75 59
23 30
59 38
162 1
23 45
123 11
138 119
55 67
18 146
198 17
11 110
200 28
142 172
145 112
103 6
16 49
64 134
78 218
171 111
91 65
155 213
171 68
204 1
7 221
146 204
109 28
90 180
151 103
128 71
215 102
77 102
22 12
107 195
6 53
81 96
213 107
180 159
47 159
32 53
27 49
32 8
173 217
187 99
96 186
170 182
159 118
155 180
129 37
150 134
185 102
101 173
81 153
203 127
87 10
51 210
155 178
217 103
171 51
73 138
13 18
95 171
7 121
223 136
157 20
141 213
218 18
161 74
170 139
200 128
21 26
209 175
203 73
149 21
124 221
158 8
111 124
50 117
116 144
28 48
164 169
36 29
58 68
102 99
79 173
98 99
198 83
145 48
27 165
165 22
161 194
29 47
94 79
36 209
94 63
129 129
103 36
157 32
200 34
130 54
206 100
24 51
182 40
195 80
204 135
102 140
104 130
59 69
80 94
150 174
28 54
78 131
185 107
34 160
140 164
85 218
39 108
44 92
19 110
43 222
20 144
10 124
50 164
64 1
129 213
46 156
138 220
158 99
102 192
130 113
3 87
106 137
66 22
100 85
131 142
82 23
62 187
18 207
126 81
207 30
166 125
58 79
120 87
49 221
54 179
205 152
41 87
160 202
204 35
62 206
49 16
100 110
202 117
188 200
70 42
101 11
166 158
89 61
21 10
153 170
188 134
98 100
92 129
77 167
164 11
20 212
26 120
193 3
108 156
74 177
197 175
59 11
108 20
71 224
29 96
170 88
101 139
59 192
43 7
6 78
17 25
161 138
144 129
13 28
156 86
76 1
36 7
11 16
26 177
15 150
144 56
13 20
66 167
83 205
173 88
58 62
113 91
199 128
219 211
27 23
169 103
23 76
205 129
91 6
81 202
27 1
129 135
116 195
77 199
47 121
158 200
182 46
66 29
46 157
111 72
179 55
46 73
131 26
201 93
127 153
70 153
25 199
63 141
41 11
211 183
132 144
158 185
62 224
213 107
28 196
50 78
26 192
150 28
217 222
121 216
22 62
16 143
132 79
59 44
89 141
2 92
60 160
53 121
31 137
99 154
108 21
7 6
212 28
33 76
121 25
67 142
87 83
156 90
33 214
134 217
2 7
181 62
38 9
54 68
145 153
221 125
45 99
130 32
126 162
107 22
187 46
36 145
224 191
106 128
53 15
216 54
118 172
211 155
52 41
223 69
65 91
193 109
62 98
12 187
35 214
81 93
35 212
109 130
178 215
129 102
101 121
28 218
164 14
149 216
150 19
60 214
205 28
194 42
125 205
101 31
195 181
220 101
168 104
103 217
190 7
191 163
223 218
156 163
7 176
154 29
66 213
114 143
112 84
184 108
160 156
138 2
112 5
199 151
109 77
144 170
179 110
108 178
199 136
212 77
183 141
105 121
1 219
39 208
78 94
91 109
26 100
111 137
105 85
160 85
33 175
30 211
60 10
36 130
17 23
206 199
35 87
95 131
81 5
114 30
99 76
10 124
176 120
132 56
76 163
140 108
113 41
191 44
50 98
173 162
217 155
137 123
17 103
30 193
108 15
94 78
187 103
73 138
95 204
65 170
143 76
150 31
116 116
171 38
213 119
199 77
49 207
200 161
182 5
1 161
115 94
14 77
69 86
86 163
161 150
108 79
1 33
206 213
20 152
26 105
142 96
181 191
175 156
223 132
32 224
68 19
189 81
191 33
166 53
67 102
74 47
53 75
175 130
159 195
153 56
171 70
151 223
132 197
155 131
104 58
2 171
76 190
123 43
95 160
191 161
134 40
79 58
210 30
187 144
96 115
71 42
56 94
40 188
66 66
190 170
124 191
212 71
156 111
209 122
142 175
155 51
87 9
108 72
38 166
88 133
152 158
46 208
27 182
43 93
23 8
134 18
198 121
185 1
103 169
123 21
216 53
71 78
61 51
149 195
216 108
199 144
42 21
223 68
202 41
32 96
48 165
210 21
158 170
21 36
210 143
56 201
67 223
150 224
145 171
194 136
54 168
151 95
60 149
35 133
189 66
101 12
7 86
32 164
31 149
71 16
163 223
89 6
93 14
5 13
184 198
148 14
13 171
108 169
95 14
77 60
80 177
167 182
134 71
217 164
219 63
52 157
157 140
162 25
153 38
37 113
11 57
126 120
3 105
64 193
119 12
124 70
61 67
27 194
137 19
6 131
177 57
159 206
196 193
6 220
6 139
108 17
195 105
8 69
82 167
37 200
178 33
45 110
99 167
80 107
57 181
109 105
13 43
86 80
11 92
75 17
6 55
129 72
31 136
140 112
174 48
183 127
80 3
13 50
41 188
156 97
16 40
202 28
179 63
203 189
154 149
77 31
75 205
102 106
212 17
217 161
161 48
160 112
50 44
162 91
103 189
59 118
5 36
17 183
99 219