512
160
151 69
10 28
134 122
107 82
21 18
38 140
48 42
104 38
47 54
69 96
25 151
34 96
149 143
23 117
151 128
130 13
69 139
40 42
100 18
123 152
68 33
132 147
74 107
24 152
160 124
119 57
115 152
152 135
7 14
124 29
14 93
73 114
71 144
155 42
1 149
34 100
21 37
87 126
143 142
150 15
106 108
71 60
132 62
66 10
107 29
70 152
121 142
105 63
125 99
137 157
120 42
97 140
78 55
138 92
36 127
106 141
106 16
72 109
109 138
150 56
38 59
47 31
72 152
93 36
122 101
65 81
142 1
93 91
55 102
23 90
100 128
103 77
16 14
58 124
23 47
51 61
138 98
91 49
121 55
117 114
156 21
67 137
53 159
68 107
132 122
68 71
121 42
147 136
56 44
132 110
123 22
10 100
151 132
148 111
27 136
65 22
156 131
30 48
1 129
26 132
90 126
74 51
7 60
58 94
136 29
44 98
83 53
69 73
25 88
56 83
64 120
104 59
122 5
139 154
134 4
157 63
129 70
145 8
129 43
101 136
71 144
73 153
69 141
98 125
69 153
47 4
144 22
62 105
26 40
130 31
76 126
94 76
35 78
83 35
120 24
11 63
7 115
87 107
128 24
71 68
48 149
71 31
10 4
7 68
76 136
98 151
133 63
66 7
141 21
74 132
44 84
66 82
70 25
29 37
48 131
136 128
120 78
158 129
82 37
36 157
44 6
19 17
68 116
23 80
136 96
84 19
51 149
133 153
13 33
61 93
3 37
60 122
114 89
91 67
157 158
95 41
3 113
57 103
101 111
22 76
79 105
127 129
94 99
121 138
131 22
102 5
90 33
127 75
122 89
142 150
86 76
30 121
61 86
63 1
37 116
108 115
61 74
115 26
44 108
35 46
1 137
51 90
9 17
4 2
137 17
152 94
93 21
54 25
139 148
57 47
136 4
33 36
110 19
93 25
126 127
71 126
103 153
87 112
41 123
145 17
139 136
110 103
29 36
127 39
55 23
85 30
27 149
97 8
7 29
32 5
156 134
2 130
126 89
113 38
51 98
54 61
73 36
4 133
103 130
11 29
153 127
91 51
115 27
58 154
88 89
158 115
63 159
84 60
119 37
98 41
134 23
102 78
58 105
83 32
106 93
61 98
60 151
20 46
49 77
71 136
6 68
90 100
99 46
159 89
114 96
130 119
119 103
36 48
47 118
80 24
83 12
122 14
2 141
91 82
90 2
58 95
101 19
66 39
96 64
160 49
32 129
7 22
103 43
69 149
32 20
12 146
63 5
159 64
18 90
18 107
91 75
73 31
125 138
102 61
73 101
109 136
101 148
157 43
62 98
63 93
149 106
79 52
143 109
147 160
70 4
138 160
110 50
63 75
59 36
7 3
8 147
139 140
134 7
22 35
104 116
160 93
93 110
16 75
58 2
106 128
6 83
159 115
4 93
61 94
128 99
97 7
86 107
146 59
113 39
94 89
154 125
21 119
74 68
33 131
69 139
130 106
93 129
93 129
93 153
62 61
92 30
99 49
136 85
107 89
123 72
17 149
36 69
107 109
136 11
112 76
21 81
22 114
81 114
114 14
138 15
106 69
45 44
117 20
160 96
140 155
39 28
143 75
128 121
55 135
3 6
51 24
119 72
9 39
25 122
52 34
8 29
103 52
73 91
104 72
58 115
66 97
143 80
11 142
72 65
117 75
103 7
130 61
110 10
99 6
131 23
39 10
83 13
62 155
136 37
99 33
151 36
1 5
148 43
19 91
140 135
37 82
13 6
142 154
15 112
159 17
6 69
59 89
114 120
115 89
28 85
153 50
121 154
87 140
36 105
70 15
111 107
128 123
144 109
148 31
93 18
79 130
86 137
58 71
128 45
159 155
129 152
77 121
17 3
132 84
139 42
99 89
20 66
83 3
47 102
33 11
119 112
140 76
120 70
147 88
114 145
82 114
8 30
107 56
64 78
140 42
151 110
2 10
15 116
45 93
57 109
103 15
92 83
123 52
152 109
139 137
125 92
122 5
122 68
60 25
18 71
67 8
20 100
50 35
56 94
159 144
42 102
159 134
56 153
25 79
101 3
55 97
126 48
101 87
148 33
112 5
135 50
44 155
149 93
61 76
58 59
60 100
160 90
105 87
82 1
5 54
35 91
150 160
139 123
87 158
27 70
2 1
119 77
155 139
42 87
87 99
146 18
70 17
107 14
104 60
14 108
145 48
39 6
48 49
128 6
46 26
75 79
59 65
155 53
75 36
12 1
7 157
18 76
45 156
90 20
87 135
128 71
23 38
77 102
118 76
139 35
102 53
113 160
149 139
84 63
47 95
96 53
123 145
128 40
13 89
59 99
64 58
10 118
127 118
91 84
33 69
118 134
153 102
5 141
113 121
75 159
55 10
83 50
27 82
89 39
11 19
9 106
77 18
63 43
7 25
159 40
93 148
45 117
122 50
97 74
10 11
72 96
53 154
17 79
75 137
149 117
156 157
62 104
47 156
18 53
52 48
92 144
36 137
100 29
58 68
102 99
111 45
66 3
38 83
113 144
91 133
133 118
129 66
61 15
62 79
100 113
158 31
129 65
39 100
93 128
40 34
66 150
78 4
24 147
86 8
3 48
140 135
6 108
40 66
155 133
16 94
118 14
156 86
78 35
57 43
34 96
76 100
117 26
103 140
12 60
19 46
139 158
20 144
138 60
50 4
64 97
129 21
142 124
138 92
30 35
134 64
2 81
35 151
106 9
2 150
100 21
35 78
18 87
62 27
18 143
30 81
79 158
134 93
154 111
24 55
17 157
118 19
109 24
9 55
64 42
76 3
62 142
113 112
100 14
138 117
28 40
70 138
69 43
70 62
153 93
117 42
121 106
60 70
130 100
156 65
141 103
68 75
116 20
26 56
65 3
44 92
74 113
69 143
27 11
44 52
103 32
93 96
138 24
37 139
155 32
43 7
6 142
81 121
33 138
16 97
13 60
60 86
44 1
68 103
11 144
154 145
15 118
112 24
141 148
34 7
51 109
13 56
90 126
17 155
103 64
91 115
155 23
73 39
23 12
13 65
155 6
49 42
155 1
97 7
20 131
13 71
111 57
158 72
22 14
66 157
110 29
143 104
51 55
14 105
67 26
9 93
63 89
134 57
121 71
63 141
73 107
83 55
4 80
126 57
126 32
53 75
92 68
50 14
122 96
118 60
121 158
153 56
118 158
144 111
100 47
91 44
153 45
98 28
124 64
85 89
127 9
35 90
76 117
103 70
52 92
129 44
121 153
99 78
151 83
60 122
1 150
6 25
66 135
85 30
70 9
150 36
17 25
125 125
13 99
34 64
30 2
107 150
155 78
100 17
32 159
10 64
21 15
120 86
22 44
147 91
84 137
127 133
33 123
97 45
94 130
140 123
131 118
145 157
35 116
45 98
114 55
33 6
101 153
124 122
68 110
53 152
118 51
124 150
45 60
66 138
29 45
133 31
3 117
60 69
72 104
39 57
30 71
95 3
95 58
124 3
7 48
154 157
130 117
18 47
48 84
24 108
160 28
138 34
144 69
135 87
13 13
144 74
115 78
76 50
7 72
84 45
151 77
41 153
65 59
39 144
142 94
91 13
122 100
47 105
9 21
64 53
65 79
126 19
156 74
100 34
17 23
78 7
131 119
159 67
17 69
50 30
3 12
74 124
112 120
100 120
12 35
12 76
113 9
127 140
82 98
13 130
153 91
137 155
49 7
62 97
76 143
158 110
27 71
105 138
63 44
129 74
79 12
22 31
20 148
43 134
85 55
103 109
145 111
104 65
150 5
33 97
19 30
46 45
133 150
54 35
65 22
108 143
33 129
46 85
148 88
58 105
14 32
53 159
15 156
95 4
32 128
100 83
29 145
159 1
134 53
67 38
106 47
53 139
47 130
95 35
89 24
11 102
55 95
132 101
91 67
104 154
66 43
76 94
59 75
127 64
159 33
134 104
111 58
114 158
27 48
64 115
103 74
88 30
8 60
130 130
158 74
124 63
148 71
156 47
17 154
142 15
59 115
151 9
12 104
6 70
24 69
56 126
14 144
155 54
75 125
23 72
70 18
134 57
121 1
135 137
155 117
24 53
71 14
61 115
117 99
24 12
39 80
138 53
95 132
106 9
128 160
80 37
50 53
126 10
53 100
18 47
56 41
131 159
86 64
145 75
2 8
86 40
119 63
124 53
67 101
61 34
133 140
71 22
32 36
31 117
7 48
35 95
121 6
125 46
69 109
120 70
116 46
141 107
108 137
159 46
77 60
80 49
71 22
102 135
89 132
91 95
52 125
61 12
130 25
57 70
133 17
139 121
62 152
67 41
128 97
87 76
28 38
157 99
59 98
73 147
102 3
113 153
159 46
4 1
70 92
70 75
108 49
35 41
72 133
114 71
69 40
146 129
77 14
67 7
112 11
25 85
45 9
77 43
54 112
43 124
43 113
38 23
33 104
95 104
76 48
46 16
119 31
144 35
45 82
73 28
92 97
144 136
106 60
51 159
43 93
122 117
77 31
11 109
134 106
84 49
153 129
97 144
32 112
18 108
34 91
7 157
59 150
133 4
81 23
3 123