512
608
183 421
330 412
454 442
139 402
565 210
518 236
592 10
328 6
15 54
421 288
345 215
322 192
181 527
343 341
311 320
130 205
453 459
8 298
292 466
91 568
388 321
196 83
330 235
88 56
288 220
55 345
435 376
536 327
7 270
380 29
302 509
553 466
359 272
155 362
129 565
322 228
277 229
311 318
463 110
86 463
330 140
199 156
228 126
194 554
107 573
294 120
473 238
585 543
509 131
9 349
408 42
577 76
270 599
106 444
100 191
298 429
42 496
296 589
333 490
246 440
166 539
559 351
488 536
285 388
378 5
449 177
46 417
573 27
407 390
471 506
292 160
39 45
368 334
346 92
535 591
243 93
234 194
443 113
441 439
213 530
444 53
419 489
181 383
516 587
484 90
196 167
569 554
211 328
280 556
132 526
251 374
10 484
279 164
596 111
603 520
33 438
572 451
30 144
545 257
442 420
346 350
298 307
295 508
346 286
168 477
204 418
563 213
5 233
377 312
56 83
224 88
520 187
250 261
43 506
518 484
29 255
225 326
273 232
225 11
517 104
487 112
521 441
37 525
386 125
229 441
207 164
240 438
350 489
90 392
98 319
588 126
574 524
451 238
147 387
248 56
491 447
167 115
599 523
352 376
39 292
528 565
455 159
394 516
359 196
12 456
514 599
293 191
514 135
429 373
234 388
428 116
546 306
550 249
221 293
16 579
296 256
536 462
414 321
370 485
516 381
44 134
83 337
324 308
471 464
72 96
564 499
531 501
517 185
141 449
189 477
419 485
124 346
338 249
59 419
445 286
511 489
419 593
217 455
5 399
310 76
207 265
287 129
158 195
313 10
35 502
198 165
90 33
511 139
282 281
558 438
566 460
318 89
157 534
543 161
325 564
556 531
221 234
371 90
140 396
419 494
1 9
51 90
41 561
228 34
553 497
472 222
349 181
310 217
427 564
89 463
232 36
97 452
590 179
253 441
574 63
327 574
71 89
375 112
361 315
465 305
203 328
526 263
221 548
479 359
215 567
213 446
603 21
1 296
199 253
128 485
316 166
162 98
254 537
529 326
243 386
22 157
105 260
420 37
519 290
395 445
249 319
603 563
339 603
250 250
568 377
126 595
543 287
84 508
535 5
226 489
390 567
38 206
218 457
563 448
458 349
285 98
60 279
372 110
593 13
71 552
390 196
538 36
195 334
543 441
50 160
322 151
119 71
356 48
527 310
496 88
371 492
186 142
162 557
571 466
282 34
410 63
549 51
418 135
96 352
288 145
224 1
295 54
391 43
101 309
64 308
396 146
511 293
287 64
562 250
242 235
283 43
9 223
413 426
70 509
489 357
45 424
69 52
477 459
414 290
479 477
309 586
15 212
591 13
595 544
582 228
490 256
590 498
191 395
27 580
7 227
40 371
43 428
422 231
278 227
520 468
416 221
157 142
144 139
154 130
394 128
358 275
95 339
484 605
445 222
576 163
449 327
534 203
146 347
433 135
574 57
602 93
277 471
234 132
1 387
261 395
226 330
381 321
381 577
29 217
190 605
380 350
35 17
552 181
363 377
315 40
433 21
132 421
491 365
552 203
464 524
309 81
246 82
113 18
370 142
554 559
458 325
301 492
341 244
384 416
332 411
167 476
431 299
608 25
375 263
547 230
179 248
23 424
41 135
441 410
276 98
72 445
423 372
329 475
328 104
602 371
514 161
239 48
459 558
392 225
213 331
167 391
290 189
526 42
323 70
451 311
167 234
467 301
606 187
488 37
3 481
407 228
353 357
596 523
19 91
460 231
133 18
333 422
206 570
463 240
31 17
262 517
571 121
530 568
19 409
316 341
601 434
569 346
503 268
260 521
358 111
463 491
448 187
16 45
468 191
605 210
527 578
118 489
90 359
160 429
159 475
161 152
13 441
209 515
420 180
139 170
291 601
372 130
499 387
495 70
577 203
279 496
172 108
88 582
467 248
402 17
114 274
488 446
427 408
64 238
588 202
119 590
514 490
111 116
589 317
185 269
519 463
476 83
283 564
56 141
203 169
477 28
154 69
474 580
476 537
530 167
131 40
148 356
242 259
472 222
287 368
490 198
223 358
600 217
313 367
357 515
535 545
254 400
5 119
84 193
48 5
71 498
364 219
245 605
189 428
538 475
188 420
64 122
489 375
338 513
133 406
131 379
342 384
171 59
503 574
571 262
578 33
151 45
251 107
362 151
247 291
18 146
422 401
267 302
168 316
206 300
433 336
71 486
112 561
544 326
526 218
587 207
571 449
251 213
267 4
76 513
7 93
50 428
205 28
122 84
55 39
384 487
375 166
365 198
438 12
235 67
230 213
273 192
373 235
116 31
559 191
256 565
603 17
384 520
365 217
603 419
256 90
298 342
575 374
251 404
385 485
470 6
409 454
517 173
401 345
523 351
535 170
19 242
507 114
153 263
331 467
393 298
557 82
31 523
167 601
31 552
477 212
269 597
378 178
161 170
522 75
520 160
565 538
113 463
43 585
437 85
444 221
382 104
15 124
338 181
436 80
124 304
292 393
292 381
282 164
550 515
559 173
386 515
102 499
81 464
187 229
261 342
449 354
445 463
478 175
356 305
574 479
321 577
583 324
349 576
200 290
482 150
462 580
376 275
470 168
451 368
396 103
102 236
456 546
411 37
432 158
54 398
348 374
366 323
409 427
2 608
108 484
469 282
455 236
556 28
115 110
107 510
212 208
458 60
146 580
416 289
449 469
398 188
554 476
222 355
294 224
66 113
419 247
394 585
194 54
324 309
163 430
210 87
30 379
466 495
350 273
175 190
454 285
90 399
152 23
465 445
246 531
269 376
169 55
64 74
428 387
382 302
529 304
100 558
74 565
156 136
550 42
37 395
326 126
185 477
149 362
25 106
284 294
482 164
60 257
237 199
36 331
212 564
26 312
225 99
588 380
554 529
421 591
27 459
108 532
327 576
285 64
74 280
69 267
155 128
523 103
38 270
433 249
545 170
560 161
589 540
252 534
172 385
516 519
235 336
442 273
303 438
48 88
109 116
66 583
563 301
77 600
570 222
241 219
391 512
379 371
155 343
9 327
119 236
557 65
571 390
337 586
539 385
385 359
212 451
333 167
463 121
478 136
342 110
354 445
334 445
527 488
179 535
526 9
163 474
73 445
575 121
422 505
217 199
255 429
361 299
307 535
420 176
62 473
606 416
309 331
572 548
530 462
474 160
470 348
25 254
185 312
86 318
528 15
228 175
443 300
473 461
226 604
28 288
469 25
415 489
67 90
428 309
551 6
468 124
353 204
89 249
515 174
567 435
508 506
321 342
198 505
514 135
213 542
134 73
278 548
561 345
29 93
365 291
98 224
414 450
427 502
91 46
388 369
192 287
586 224
341 175
440 246
22 44
499 155
436 169
95 101
225 443
193 589
446 290
524 251
131 54
465 541
99 564
13 2
242 599
545 294
485 377
252 506
132 142
53 568
22 467
60 246
13 252
546 458
541 461
421 383
515 277
28 325
232 40
39 185
350 583
191 547
63 442
444 195
583 208
154 317
386 213
274 111
176 212
568 428
384 92
202 2
368 549
39 311
589 77
496 42
371 78
588 434
231 136
340 525
55 493
233 153
417 507
263 304
110 542
123 205
26 36
207 393
585 245
416 277
33 15
318 403
92 10
548 34
465 279
558 519
483 183
63 3
81 37
306 510
579 140
426 604
176 24
100 152
588 227
428 12
241 457
127 44
466 386
77 34
377 27
553 571
209 327
574 1
364 591
222 46
443 39
361 10
383 460
481 362
79 12
86 319
468 212
75 38
597 151
71 77
177 335
40 97
374 5
417 449
307 30
494 141
389 246
470 163
417 342
524 495
353 1
526 533
532 600
570 233
462 352
309 31
399 348
447 164
64 256
4 83
605 497
543 385
134 405
259 550
458 495
149 203
207 386
447 131
89 120
75 550
471 95
292 581
443 131
136 218
98 139
300 94
347 235
191 192
351 449
454 200
47 314
114 254
91 560
96 179
391 170
440 574
264 124
546 418
574 74
28 63
532 39
156 271
593 58
174 335
219 19
247 265
332 360
518 134
24 5
24 414
494 464
379 470
299 317
279 264
102 18
326 25
377 193
7 361
251 181
408 469
199 46
125 243
405 355
376 140
71 400
554 565
575 324
426 265
352 416
528 453
146 245
190 522
437 196
594 79
376 393
259 287
150 96
241 267
450 8
406 520
119 351
188 85
387 325
349 130
453 268
583 598
512 164
511 53
71 496
451 159
601 102
157 142
197 397
408 38
404 206
269 235
556 169
319 46
493 60
176 337
39 470
38 263
345 548
315 415
148 157
285 140
258 441
281 166
229 81
203 345
286 184
579 553
352 1
599 556
380 486
605 419
347 34
73 83
294 387
209 441
255 206
580 225
38 572
390 587
44 593
323 41
488 5
306 551
5 296
498 97
173 206
515 231
240 299
25 245
397 553
77 43
150 368
267 188
331 49
166 87
353 200
447 232
204 144
494 528
151 383
16 323
589 242
265 540
540 289
496 328
234 572
83 383
43 349
570 85
109 447
491 461
38 330
404 241
473 289
481 336
384 208
50 76
450 315
327 93
315 214
421 548
497 503
323 539