512
896
23 709
618 220
70 218
107 50
85 338
422 12
16 42
264 870
431 566
389 256
25 887
98 704
821 143
375 501
23 416
482 813
101 203
136 170
420 114
219 376
324 513
388 211
554 523
184 856
192 444
87 89
435 184
792 231
199 270
604 93
558 189
777 530
391 784
699 682
1 789
162 196
405 421
407 830
47 462
662 111
10 748
199 444
804 94
546 874
235 253
838 664
441 718
297 703
605 99
361 477
760 394
673 268
814 55
74 732
516 735
842 525
458 144
840 237
109 490
86 344
614 27
111 31
616 408
733 324
378 69
673 241
462 449
381 251
503 326
87 122
36 32
519 365
48 462
474 156
823 559
371 541
458 482
571 177
761 279
373 114
348 149
227 809
469 607
164 75
804 122
68 839
25 458
307 72
24 780
100 718
315 470
362 772
823 804
52 687
187 296
801 534
444 131
318 16
609 353
858 516
474 798
330 499
359 636
442 254
392 541
76 706
883 437
453 809
345 376
472 403
672 376
40 219
378 229
107 858
582 68
349 159
865 678
529 200
417 75
453 680
615 528
489 601
837 45
386 157
421 857
559 68
208 470
286 585
698 392
418 255
332 766
414 172
547 46
371 835
120 824
619 607
455 83
183 267
896 568
423 292
400 853
359 607
426 516
167 100
780 584
354 215
325 639
386 871
685 629
682 676
556 404
258 882
358 313
253 357
880 547
520 256
504 750
862 33
370 5
132 253
460 358
339 785
100 596
759 656
328 544
308 883
819 565
741 153
877 865
381 733
515 5
92 122
754 825
155 99
701 158
223 265
515 561
153 487
133 783
246 460
303 553
319 225
222 163
377 74
131 758
678 517
634 641
639 363
570 665
462 246
822 684
510 313
221 662
799 353
549 20
684 851
573 106
51 666
140 300
611 142
33 393
659 666
137 401
132 578
41 465
824 734
253 437
150 345
75 820
569 495
712 356
321 388
334 243
29 345
542 639
487 574
135 121
215 272
393 219
721 433
683 648
270 807
61 292
255 7
87 823
501 798
283 693
161 488
39 189
832 453
828 294
2 834
414 217
81 678
435 802
214 93
553 356
4 485
519 258
491 477
185 863
251 339
659 411
826 570
472 761
126 275
159 127
212 444
215 293
226 521
198 311
614 622
666 617
83 160
746 573
637 34
540 887
244 174
273 173
615 744
38 740
122 68
739 206
511 825
370 736
450 439
151 39
164 688
655 246
848 376
691 460
410 206
450 653
251 594
698 866
442 735
581 435
674 423
512 288
224 881
896 673
423 22
583 587
709 341
704 532
716 370
863 101
575 416
626 826
882 427
795 427
137 479
733 810
774 349
73 101
333 840
645 628
861 331
190 546
543 893
53 234
367 20
207 813
307 832
614 292
234 512
590 370
863 427
155 612
647 99
584 851
43 204
582 775
534 771
424 52
640 477
157 878
368 363
794 674
170 512
70 403
895 659
644 733
61 670
448 579
769 7
534 683
210 219
561 615
94 857
666 605
437 695
586 676
161 483
453 331
866 394
605 865
29 225
573 89
894 125
668 638
3 177
424 213
395 89
827 360
49 469
68 357
267 653
136 299
112 460
501 81
854 210
817 882
306 494
842 303
490 613
45 492
789 468
576 160
428 379
391 348
847 459
576 89
87 583
259 198
147 760
151 104
841 71
89 250
564 802
424 29
519 468
521 283
808 200
314 211
578 705
559 400
267 110
360 353
693 619
423 839
354 573
814 170
643 774
419 183
679 714
83 173
286 603
328 69
675 641
279 228
321 709
500 459
691 731
684 487
325 210
301 678
782 90
847 400
863 241
454 517
827 537
562 216
115 889
156 661
505 306
889 826
887 364
388 681
198 175
143 523
256 443
176 141
404 895
413 242
111 738
758 41
378 295
128 365
287 283
129 792
461 889
593 451
228 852
107 426
131 249
820 386
563 99
399 838
97 683
183 208
524 812
120 774
211 248
242 497
530 242
264 862
107 728
288 334
684 394
631 686
514 554
175 52
525 445
889 493
231 175
572 755
859 692
632 173
43 745
541 444
858 677
410 68
508 697
274 167
195 8
852 580
434 131
632 62
447 496
554 678
671 230
408 505
25 15
677 67
759 193
382 592
869 791
532 353
592 805
391 658
684 347
341 221
349 844
154 795
444 708
576 90
809 855
594 705
869 246
643 603
438 128
299 283
23 702
507 486
610 1
247 269
347 459
362 567
279 515
466 594
198 17
683 110
872 252
814 844
369 560
551 678
688 721
64 582
526 442
171 111
315 289
379 661
619 740
204 1
231 669
594 428
557 252
538 404
375 327
352 743
887 774
525 550
470 460
107 867
6 277
81 320
437 331
852 159
47 159
32 277
699 497
704 232
621 217
635 99
544 858
842 406
607 342
827 180
801 37
150 806
185 102
101 621
305 825
651 351
87 682
499 658
155 178
889 775
395 499
745 810
461 690
319 171
7 121
223 808
157 244
589 213
218 690
833 522
618 587
872 576
245 474
209 399
651 73
149 21
572 893
830 8
559 124
50 565
116 144
476 272
388 169
484 477
730 292
102 323
751 845
770 99
422 83
369 48
27 389
837 470
385 642
477 47
766 527
484 881
542 63
129 801
103 484
381 704
648 482
130 502
430 772
472 723
854 712
643 752
204 583
326 588
328 802
507 69
304 94
822 846
28 54
750 131
409 107
706 160
588 836
533 890
711 108
716 540
691 334
267 894
20 592
458 348
498 836
288 673
801 213
494 828
138 220
830 547
326 640
578 785
451 87
778 137
66 470
548 757
803 814
754 695
510 187
18 879
126 305
655 30
390 125
730 527
344 535
49 669
278 627
429 600
713 311
608 650
652 259
510 430
49 240
100 558
426 117
412 424
294 42
325 683
166 158
313 509
693 234
153 842
860 582
546 548
764 129
301 391
388 683
692 436
26 792
865 451
780 380
746 177
421 175
731 459
332 20
71 896
253 96
842 88
549 363
507 416
491 679
678 750
465 473
161 362
368 129
685 252
380 534
300 673
708 7
235 16
26 177
15 150
144 728
237 692
66 615
83 429
397 760
282 734
337 315
199 576
443 883
699 695
393 103
471 76
877 577
91 6
753 874
27 1
577 135
564 643
749 647
47 121
382 200
854 718
514 29
270 829
783 72
627 279
46 73
355 26
649 317
799 377
294 825
249 871
63 813
489 683
435 407
804 816
606 633
510 224
661 779
28 420
722 526
698 640
598 28
665 222
345 440
470 510
240 591
356 303
507 716
89 813
226 764
732 832
501 345
31 137
99 826
556 693
455 230
436 28
257 76
121 473
515 590
87 755
156 314
33 662
134 889
450 231
629 286
38 233
502 68
369 601
893 797
269 323
130 704
350 386
779 470
859 270
36 817
896 191
106 800
725 239
664 278
342 396
435 379
500 41
447 741
513 315
641 781
510 770
460 859
259 214
305 93
483 212
781 354
402 887
129 102
101 793
252 442
164 686
821 664
598 243
508 214
429 252
866 42
125 429
773 255
643 181
220 101
392 104
327 665
862 455
639 835
223 890
380 387
679 176
154 253
290 661
338 591
784 308
632 780
608 380
138 226
560 229
199 823
333 525
592 170
851 334
108 178
199 360
436 749
407 589
105 569
225 443
263 880
750 766
763 333
250 772
559 809
105 757
608 309
257 175
478 211
508 458
260 578
689 695
430 199
259 535
767 355
81 5
338 702
771 76
10 124
848 568
804 56
300 387
364 556
561 713
639 44
274 770
621 834
441 155
137 571
689 775
30 641
780 239
318 526
187 327
521 138
767 428
65 170
815 300
598 479
116 340
395 262
213 119
199 525
273 207
200 833
854 229
449 609
339 766
238 525
69 758
534 835
161 598
108 79
1 705
430 885
20 824
250 105
814 320
629 191
399 828
895 356
32 448
68 243
189 305
639 257
166 277
67 326
746 47
277 747
623 578
607 643
377 728
619 294
151 223
356 421
155 355
776 58
674 843
300 862
123 43
95 160
191 161
358 40
79 506
658 702
187 368
320 563
71 42
728 94
264 188
514 290
414 394
348 191
212 519
156 335
433 122
366 623
155 723
535 233
332 296
38 390
536 357
824 606
270 656
699 406
715 317
695 232
582 18
422 793
409 449
103 841
571 469
440 725
295 78
61 499
373 867
888 780
199 816
490 469
447 292
874 265
480 544
496 165
434 21
830 842
469 36
658 143
504 201
739 671
150 672
145 395
642 136
278 840
823 767
284 373
35 133
637 514
549 236
679 86
256 612
31 597
519 688
611 895
761 454
541 14
229 685
408 870
820 686
685 619
556 841
95 462
77 732
80 625
839 630
582 71
217 612
667 735
276 381
605 140
834 249
153 38
37 561
11 729
350 568
451 777
512 417
343 460
124 294
61 67
27 642
137 243
230 803
849 505
159 430
644 865
678 668
6 587
332 17
419 553
456 741
306 839
261 648
402 257
45 334
323 839
80 331
57 181
109 777
685 267
310 304
235 92
75 241
678 279
129 72
703 584
812 112
398 48
631 799
304 675
237 498
489 188
828 545
240 40
426 28
179 735
203 413
826 149
525 479
299 653
550 106
212 465
217 609
385 720
384 560
498 492
162 91
551 861
507 790
5 36
689 183
771 891