512
800
471 389
170 188
134 122
107 562
21 18
358 140
208 42
264 198
47 534
229 256
185 151
674 736
629 143
23 117
151 768
450 173
709 619
360 42
740 18
603 312
388 513
452 147
554 267
344 152
800 124
759 537
275 632
472 455
327 494
124 29
14 573
553 274
391 464
315 682
481 469
194 420
181 197
567 286
463 462
790 15
586 748
551 60
132 222
66 10
267 189
390 632
761 142
105 703
605 419
137 637
440 682
257 620
78 375
458 92
36 447
106 621
746 656
232 429
429 298
790 696
38 379
527 351
72 632
253 676
602 741
65 241
622 321
413 251
695 422
343 730
420 448
103 717
656 334
698 284
183 687
531 221
618 258
571 689
441 375
117 594
316 181
387 137
53 799
388 747
772 282
228 391
281 682
307 136
216 204
772 750
443 502
170 260
311 292
148 751
667 616
545 182
796 131
670 48
481 609
346 452
90 126
394 371
7 700
58 574
456 29
524 98
83 693
709 393
185 408
696 403
224 440
584 219
122 5
619 154
614 164
157 703
289 550
625 648
449 683
421 456
711 144
553 793
389 461
738 125
69 633
527 644
624 662
62 745
666 680
450 31
396 606
734 236
355 558
83 355
440 504
11 703
647 115
247 587
128 184
711 548
368 789
391 191
650 4
487 68
236 136
98 631
293 383
66 647
141 501
554 132
204 564
386 402
230 185
189 357
368 451
456 288
440 398
478 289
402 517
356 637
204 6
19 497
388 436
343 80
136 96
564 339
211 149
293 793
333 33
701 253
483 357
540 122
754 569
411 707
637 318
95 41
323 113
537 263
101 431
342 236
79 105
127 289
254 419
281 138
451 182
742 485
90 33
607 395
602 569
302 790
86 396
30 761
61 566
223 161
197 116
748 275
221 74
115 26
44 748
515 46
481 457
531 570
489 337
164 642
457 17
632 94
413 661
54 25
779 628
537 527
296 484
353 516
110 19
93 505
766 607
551 446
263 633
567 752
521 283
145 177
299 776
270 263
189 676
287 519
55 23
245 350
507 149
417 168
167 509
672 485
316 774
482 130
606 249
433 678
531 578
54 381
553 676
644 293
103 130
11 509
153 607
411 211
755 27
378 474
88 249
158 755
223 639
84 380
439 517
258 521
294 663
102 398
538 745
243 192
426 253
701 578
60 311
340 366
689 717
391 776
166 548
730 740
739 366
319 729
434 576
450 279
439 103
676 528
47 118
720 24
723 172
602 334
482 141
251 722
410 642
698 575
741 179
66 679
96 384
160 529
512 609
7 502
263 683
229 309
352 500
332 626
223 485
159 704
178 410
178 587
251 75
713 191
605 778
422 701
713 581
429 776
741 788
477 203
222 258
63 573
309 746
399 532
783 109
787 160
70 164
298 320
590 210
63 395
539 36
647 3
168 627
779 460
614 7
662 35
264 276
160 573
573 110
656 555
218 642
266 288
6 563
159 595
324 573
541 414
608 739
417 327
566 747
786 379
753 199
414 569
474 125
341 599
234 548
353 451
389 619
290 746
733 449
93 609
573 633
222 381
572 190
259 689
136 245
267 89
443 232
657 469
356 549
267 589
296 171
592 236
341 81
182 274
81 274
434 654
458 655
586 229
45 44
117 180
640 736
620 635
519 28
303 75
128 121
215 775
643 6
211 184
439 392
9 519
665 442
372 674
648 509
103 692
553 571
424 392
58 595
226 577
623 80
651 302
552 65
277 395
423 487
130 61
430 490
579 646
131 503
519 330
563 173
222 315
296 197
259 353
791 36
481 165
468 683
19 571
300 295
517 722
333 646
782 314
335 112
159 17
166 229
699 729
754 120
595 249
668 405
153 210
441 634
727 460
516 745
230 15
591 747
288 123
144 269
788 31
733 498
399 450
726 297
378 231
768 525
479 635
129 632
397 121
17 323
132 84
619 362
99 409
660 386
83 3
207 422
33 491
119 432
140 396
280 70
627 248
594 305
82 274
488 30
747 56
704 78
140 522
791 590
482 650
175 116
205 733
537 589
423 655
572 563
603 52
632 429
299 777
285 732
602 325
762 548
380 665
178 71
387 168
660 420
370 35
536 574
319 624
362 742
479 134
56 633
185 239
261 483
215 97
766 368
421 727
468 353
592 645
775 530
364 635
149 733
221 236
58 539
60 420
480 90
105 87
722 641
325 534
675 91
630 640
459 603
567 478
507 710
322 481
439 237
315 139
522 87
727 579
626 338
550 657
427 654
744 700
494 268
785 368
359 166
208 369
768 326
46 26
235 719
59 225
155 373
715 676
12 641
7 637
178 556
45 156
410 340
407 455
608 391
23 518
557 582
438 76
459 35
102 693
753 160
469 459
84 383
687 95
576 693
283 305
448 680
13 409
219 419
64 378
10 438
447 118
571 84
193 229
118 294
473 422
5 141
433 441
75 319
535 650
563 370
507 562
249 519
171 19
489 586
397 498
223 43
167 345
479 360
573 148
205 597
122 210
737 554
650 11
72 736
213 634
657 719
395 457
789 117
476 477
702 424
527 476
18 693
372 48
252 144
196 457
740 669
218 228
422 419
591 45
706 3
678 563
273 624
571 613
293 598
289 546
221 15
222 239
260 593
638 511
289 385
519 580
253 288
360 674
706 150
718 164
504 147
726 328
323 48
140 615
646 428
360 66
795 133
656 254
278 494
316 566
78 35
697 683
674 256
556 580
757 26
743 460
172 220
339 46
619 478
660 464
458 220
530 4
704 737
609 181
782 124
298 412
510 195
294 384
2 401
515 311
426 9
322 150
580 661
195 398
338 407
62 347
178 143
350 81
79 158
614 413
634 111
24 695
657 317
278 659
269 344
169 695
704 42
396 483
702 142
433 592
100 494
138 277
188 40
710 618
549 523
230 382
633 253
277 42
121 106
700 390
450 420
636 705
461 583
388 715
276 20
506 376
65 643
204 252
234 113
69 783
187 651
364 372
103 192
413 576
298 664
517 299
635 352
203 647
486 142
561 761
513 618
336 577
13 540
380 246
204 1
228 743
651 144
314 305
335 278
432 184
141 148
34 327
51 589
173 536
730 286
497 795
103 384
571 115
475 503
713 679
503 492
173 705
635 486
209 522
315 641
257 7
340 291
333 391
431 57
478 712
342 174
706 797
110 29
463 584
531 375
14 585
67 186
489 253
223 249
774 537
441 231
543 781
73 427
723 55
484 400
766 377
126 672
373 235
252 388
370 334
762 736
118 380
121 158
633 696
758 158
784 751
740 527
731 364
153 205
418 188
604 384
565 729
607 489
515 410
76 437
743 390
372 412
769 44
121 153
739 78
311 723
380 602
1 310
166 505
66 135
245 670
70 9
150 676
497 665
285 125
653 579
514 224
190 482
267 310
635 558
740 497
32 319
650 384
181 15
440 246
502 684
467 571
244 617
447 293
33 283
417 685
414 130
460 603
611 278
465 797
35 756
45 418
274 695
353 6
261 793
604 762
228 270
533 472
438 531
764 470
365 380
706 778
509 365
133 671
643 597
220 229
552 264
199 377
510 551
735 323
95 538
284 323
7 368
794 797
450 757
18 367
688 724
344 748
640 28
618 34
624 389
615 727
653 13
304 714
115 238
236 210
327 72
84 685
791 77
681 793
385 699
359 624
622 254
571 13
282 740
47 105
329 661
384 533
225 239
446 339
476 234
100 354
657 183
238 647
611 119
639 547
17 549
370 190
3 492
554 284
432 600
740 760
12 675
492 236
113 489
127 140
722 578
493 130
313 731
777 475
49 167
222 417
716 143
158 270
187 711
105 618
63 44
129 74
719 172
662 31
660 788
523 134
565 215
263 429
145 591
104 545
310 325
513 577
19 670
46 205
133 150
374 195
545 502
268 463
673 129
46 85
468 568
218 585
334 32
213 479
175 316
575 484
192 288
260 563
509 305
319 641
454 693
387 198
746 207
213 619
687 610
255 355
729 24
491 262
55 255
292 581
571 67
264 314
706 523
76 414
379 395
607 384
639 193
134 584
751 698
754 638
507 208
544 435
583 234
248 190
488 540
770 610
158 234
124 63
308 551
476 687
497 634
622 335
379 755
471 329
652 424
166 710
184 709
696 766
494 144
155 534
235 125
343 392
710 18
454 217
121 481
455 617
315 277
504 693
231 174
221 435
597 739
344 332
199 240
298 693
735 452
426 169
128 320
560 37
690 213
606 10
693 260
178 207
536 681
451 319
406 224
305 555
162 648
86 360
439 383
604 373
387 581
541 514
453 300
551 342
512 356
351 757
167 528
515 255
761 166
125 366
389 429
120 550
276 206
461 267
588 617
639 526
397 380
240 49
231 342
742 295
249 292
251 415
372 765
221 332
130 345
697 70
773 17
619 601
222 632
67 361
448 257
87 396
188 678
797 419
219 738
713 467
582 163
433 153
479 206
484 161
550 732
230 75
748 49
675 521
232 293
434 231
549 520
626 289
397 174
707 167
112 171
185 245
685 169
397 363
374 432
523 124
363 753
198 663
353 424
735 584
716 368
366 16
439 191
304 35
365 562
553 28
732 737
624 616
106 220
531 479
203 253
602 117
557 351
331 109
774 266
244 689
633 609
257 624
352 112
658 268
674 411
647 157
699 470
773 4
241 503
483 443