512
64
23 5
42 28
6 26
43 50
21 18
38 12
16 42
8 38
47 54
5 64
25 55
34 64
53 15
55 53
23 32
34 45
37 11
8 42
36 50
27 56
4 1
4 19
42 11
56 24
64 60
23 25
51 56
24 39
7 14
28 29
46 61
9 18
7 16
59 42
1 21
34 4
21 37
23 62
47 14
22 47
10 44
7 60
36 30
34 42
43 61
6 24
57 14
41 63
29 35
41 29
56 10
33 12
46 55
10 28
4 31
10 13
10 16
8 45
45 42
22 24
38 27
47 31
40 24
29 4
58 5
33 49
14 1
61 59
55 6
23 58
36 32
7 45
48 14
26 28
55 47
51 29
10 34
59 49
57 23
53 50
28 21
35 41
21 31
36 11
36 58
4 7
25 10
51 8
24 12
36 14
59 22
42 4
55 36
52 47
59 40
33 22
60 3
62 16
33 33
26 4
26 30
10 51
39 60
58 62
8 29
12 2
51 53
5 41
25 56
24 19
32 56
40 27
58 37
43 26
6 4
29 31
33 38
17 8
33 11
5 40
39 16
41 25
5 45
2 29
37 25
47 4
16 22
30 9
58 8
34 63
12 62
30 44
35 46
51 3
56 56
43 31
7 19
55 11
64 56
39 36
16 21
39 31
42 4
39 36
12 8
34 23
5 63
2 39
45 53
42 36
44 20
2 50
38 57
61 37
48 35
8 64
56 46
30 33
50 5
4 61
12 38
19 17
36 20
55 16
8 32
52 51
51 53
37 25
45 33
61 29
3 5
28 58
50 57
27 35
61 30
31 9
3 49
25 39
5 15
54 12
47 41
63 33
30 35
57 10
3 54
38 5
58 1
63 43
58 25
14 54
54 44
62 57
29 22
31 33
37 20
44 19
61 42
51 26
12 44
35 14
33 9
19 26
9 17
4 2
41 17
56 30
61 53
22 25
11 52
57 47
8 36
1 4
14 51
29 25
30 63
39 62
7 57
23 16
9 27
17 49
43 8
14 39
61 36
63 7
23 55
53 30
27 53
33 40
39 61
64 5
60 38
2 2
30 25
17 38
51 34
22 29
41 36
4 37
7 2
43 29
57 31
59 19
19 27
58 58
24 57
62 19
31 63
20 60
23 37
34 9
6 55
38 46
26 41
19 32
42 61
61 34
28 55
52 46
17 45
39 40
38 36
58 4
35 14
63 57
50 32
2 55
23 39
36 48
15 54
16 56
51 12
26 14
2 13
59 18
58 34
58 31
5 51
34 39
64 32
32 49
64 33
39 22
7 11
5 21
64 20
12 50
31 37
63 32
50 58
50 43
27 43
9 31
29 42
6 29
9 37
13 8
5 52
29 11
62 34
31 61
53 42
47 20
15 45
51 64
38 36
42 64
14 50
31 43
27 36
7 35
8 19
43 12
6 7
22 3
40 52
64 29
29 46
48 43
26 34
42 64
6 19
63 19
4 29
61 30
64 3
1 7
22 43
18 27
49 39
30 25
26 29
53 55
10 36
33 35
5 11
34 10
29 33
29 33
61 25
62 61
28 62
3 49
40 21
11 25
59 40
49 21
4 37
11 13
8 43
48 12
53 17
22 18
49 50
50 46
10 47
42 37
45 44
21 20
64 32
44 59
7 28
15 11
64 25
23 7
3 6
19 56
23 40
9 7
25 58
52 34
40 29
7 20
9 27
40 8
58 19
2 1
47 16
11 46
40 33
53 43
39 7
34 61
46 42
3 6
35 55
39 10
19 45
30 27
8 5
35 1
23 36
1 5
52 11
51 27
44 39
5 18
45 38
14 26
15 16
31 49
6 5
59 25
50 24
51 57
28 21
57 50
57 58
55 44
4 41
6 47
15 11
64 59
48 13
20 63
29 50
47 34
54 41
58 39
64 45
31 27
1 24
13 57
17 3
36 20
43 42
3 57
52 2
51 35
15 6
33 43
55 16
12 44
56 6
19 56
50 49
18 50
8 30
43 24
32 14
44 10
55 46
2 42
47 52
13 61
57 45
39 47
60 51
27 52
56 45
43 41
29 60
26 37
26 4
60 57
18 39
3 8
20 4
50 3
56 62
63 48
42 38
31 38
24 57
25 15
37 3
55 1
62 16
37 23
20 33
16 37
7 18
44 27
21 29
29 12
26 27
60 4
64 26
41 23
18 1
37 54
3 27
54 64
43 27
23 62
59 38
34 1
55 13
27 11
42 55
23 3
18 18
6 17
43 46
40 60
46 12
49 48
39 38
48 17
64 6
14 58
43 47
59 33
59 21
43 36
12 1
39 29
18 44
45 60
26 20
55 7
32 39
55 6
13 38
22 12
43 35
6 21
17 64
53 11
20 31
47 31
32 21
59 49
64 40
45 25
59 35
32 26
10 22
31 22
59 52
33 37
22 38
57 38
37 45
49 57
11 31
23 42
51 18
27 50
57 7
11 51
41 42
13 50
63 43
7 57
31 40
29 52
13 21
26 50
1 10
42 11
40 64
53 26
17 15
11 9
21 21
60 61
62 8
47 60
50 53
52 16
28 16
4 41
36 29
26 36
38 3
47 13
2 35
38 19
49 48
27 5
5 22
1 2
29 47
62 15
36 49
30 63
1 33
39 36
61 64
8 34
2 54
46 4
24 19
22 8
3 48
12 7
6 12
8 34
59 5
48 30
54 14
28 54
46 3
25 43
2 32
12 4
21 58
7 44
12 28
51 14
11 62
20 16
10 28
50 4
32 33
33 21
46 60
10 28
62 35
6 64
2 17
3 23
10 9
2 22
36 53
35 46
50 55
62 59
18 47
62 49
15 30
6 61
26 15
24 23
49 29
22 51
45 24
9 55
32 10
12 3
62 46
49 48
36 46
42 53
28 40
38 42
5 43
38 30
57 61
53 42
25 10
28 6
34 36
60 1
45 7
4 43
52 52
26 24
33 3
12 60
42 49
37 47
27 11
12 20
7 64
61 32
10 24
37 43
59 32
43 39
38 46
17 25
33 42
48 1
45 60
60 22
44 33
4 7
43 16
26 49
15 22
16 24
45 52
2 39
19 45
13 56
26 30
17 59
7 64
59 51
59 55
9 39
23 12
45 1
27 6
49 42
27 1
1 7
52 3
45 7
47 57
62 8
22 14
2 29
14 61
15 8
51 23
46 9
35 26
9 61
31 57
38 57
57 39
63 45
41 43
51 23
36 48
30 57
62 32
21 11
28 36
18 14
58 64
22 28
25 30
25 56
22 62
48 15
36 47
59 12
25 45
34 60
28 64
53 25
31 9
35 58
44 53
7 38
52 28
1 12
57 25
3 14
23 51
28 58
33 22
6 57
2 39
53 30
38 41
54 4
49 25
61 29
13 3
2 64
30 2
11 22
27 14
36 49
64 63
42 32
21 47
24 22
22 12
51 59
52 41
63 37
1 59
1 13
62 2
12 27
3 22
49 29
35 20
13 34
18 55
1 38
37 25
60 58
36 46
53 24
22 51
60 22
45 60
34 42
61 45
5 63
3 53
28 37
8 40
7 25
30 7
63 3
31 58
60 3
39 48
26 61
34 21
18 15
16 52
56 12
32 60
10 34
48 37
7 55
13 13
16 42
19 14
44 50
7 40
52 45
23 13
41 57
33 59
7 48
46 62
59 13
58 4
47 41
41 53
32 53
1 47
30 19
60 10
4 2
49 55
46 7
3 23
63 35
17 5
18 62
3 12
10 60
16 56
36 56
44 3
44 44
49 9
63 44
18 2
45 2
57 27
9 59
49 7
30 1
12 47
62 14
59 7
9 10
63 44
1 42
47 44
22 31
52 20
11 6
21 55
7 13
17 15
8 1
22 37
1 33
19 62
46 13
5 54
22 3
33 22
44 15
1 1
46 53
20 56
58 41
46 64
53 63
15 60
63 36
32 64
4 51
61 49
63 1
38 21
3 6
42 47
21 43
47 2
31 3
57 24
43 38
23 31
36 37
27 35
8 58
34 11
44 30
59 43
31 32
63 33
38 40
15 58
18 62
59 48
64 51
7 42
24 30
8 60
2 34
30 10
28 63
20 7
28 15
49 58
46 47
27 19
23 41
12 40
38 6
24 37
56 30
14 16
59 22
11 61
55 40
6 18
38 25
25 1
39 9
59 21
56 21
39 14
61 51
53 35
56 12
7 48
42 21
63 36
42 9
32 32
48 37
50 21
62 10
21 36
18 15
56 9
35 31
22 32
17 11
2 8
22 8
55 63
28 53
35 5
61 2
37 44
39 22
64 36
31 21
7 48
35 63
57 6
29 14
37 45
24 38
52 46
45 43
44 9
31 14
13 28
16 49
7 54
6 7
25 36
27 31
20 61
29 12
2 57
25 38
37 49
11 25
30 56
3 9
64 33
23 12
60 38
61 3
27 2
9 51
38 35
17 57
31 46
4 33
38 28
6 11
12 17
35 41
8 37
50 7
5 8
18 1
45 14
3 7
16 11
57 53
45 9
45 11
54 48
43 28
11 49
38 23
1 8
63 8
44 48
14 48
55 31
48 35
45 50
41 60
60 33
48 40
42 28
51 31
11 29
58 21
13 31
43 13
38 42
20 17
25 33
1 16
64 48
50 44
34 27
39 29
59 22
5 36
49 55
3 59