512
288
55 261
106 156
166 58
11 274
245 210
70 108
272 138
8 198
47 214
229 96
121 23
66 160
85 207
247 149
119 128
2 45
261 107
200 138
164 82
123 280
164 65
100 19
202 267
216 120
192 28
87 185
51 152
56 7
231 14
28 221
14 29
137 146
135 208
283 170
1 277
162 36
53 133
55 126
111 142
118 175
170 204
71 220
228 126
98 42
11 125
134 184
153 270
41 159
189 35
201 61
184 234
97 236
78 23
234 60
164 63
234 45
138 16
136 237
13 234
150 24
230 283
207 255
136 248
125 36
154 197
257 49
142 65
157 91
87 262
151 250
196 96
167 205
272 14
26 284
119 175
179 61
42 98
27 177
217 23
85 242
220 53
163 73
277 31
164 75
164 186
196 71
153 234
275 136
248 12
4 238
59 182
10 100
151 196
276 79
219 232
33 150
284 195
94 272
97 129
218 260
26 286
202 179
231 188
186 62
72 189
12 130
243 21
101 105
217 248
56 19
192 88
168 187
154 133
43 122
262 260
253 287
257 166
49 72
65 235
133 8
135 144
137 89
37 237
66 125
197 121
143 260
80 182
158 233
26 200
226 159
44 190
158 172
67 206
243 3
152 88
11 159
231 19
119 139
128 184
263 196
176 277
167 255
170 196
71 68
268 8
226 23
69 255
194 135
173 21
10 196
108 20
226 210
198 217
61 37
112 195
104 160
184 142
126 65
50 69
132 29
236 230
211 17
196 276
151 240
8 160
20 115
51 245
197 121
173 129
29 157
35 133
28 218
274 25
283 195
253 286
95 201
227 17
217 7
165 239
246 172
271 265
159 33
222 67
153 266
195 182
6 101
186 193
31 43
218 185
238 54
182 44
254 281
221 182
287 97
133 116
140 115
93 10
19 186
236 44
35 14
97 41
115 282
233 145
36 34
201 145
88 254
189 53
246 281
107 116
249 111
104 100
97 196
270 275
253 89
30 287
103 126
39 89
279 272
105 187
177 17
43 264
270 103
189 100
95 167
87 55
277 190
155 245
257 8
231 221
96 133
220 70
130 130
158 121
273 134
19 162
150 221
137 4
36 197
263 130
75 221
185 223
283 211
179 251
218 282
56 25
126 147
95 255
276 124
247 261
258 137
134 279
70 142
282 105
211 128
106 285
61 2
220 55
84 270
177 13
135 232
38 260
90 4
99 238
127 217
82 96
66 87
87 7
228 240
111 150
80 88
19 12
90 110
66 173
251 114
58 98
58 95
229 19
258 39
128 96
128 209
64 193
7 22
71 235
261 181
256 212
268 146
95 229
255 160
274 218
146 43
27 203
9 255
93 266
166 221
233 5
141 168
69 20
189 139
126 34
191 93
117 42
239 212
143 77
243 128
166 100
42 192
174 50
31 267
187 68
71 3
232 83
171 172
102 231
22 227
264 84
192 93
285 14
176 139
90 130
138 256
230 179
31 115
100 221
253 158
288 195
161 103
278 203
274 91
145 167
30 281
250 93
85 119
106 132
257 195
261 107
34 74
157 65
61 129
157 25
286 157
220 30
131 81
232 117
171 89
283 72
81 117
164 37
235 269
168 75
48 12
53 81
86 210
17 146
210 174
42 207
202 261
237 44
53 180
32 96
140 187
39 92
15 203
288 121
55 39
67 102
51 120
55 136
201 71
281 122
244 194
200 29
167 148
73 91
200 104
58 211
2 97
15 176
11 174
168 65
213 235
39 263
226 93
270 10
163 134
131 279
39 202
179 77
62 251
40 133
227 97
55 100
65 229
148 235
275 187
172 199
5 210
45 230
14 186
239 48
31 241
198 229
27 89
178 88
211 217
92 21
185 18
121 250
119 140
196 105
38 79
175 43
160 219
144 173
276 255
93 178
79 162
118 105
250 167
64 45
95 155
65 280
45 57
113 163
68 180
139 106
259 25
20 130
115 163
175 262
129 139
151 208
12 140
184 134
19 248
178 113
114 114
264 30
43 248
64 110
140 202
87 270
98 106
111 84
141 157
57 141
7 207
220 19
219 116
152 237
75 201
221 60
186 69
90 228
28 153
210 39
67 8
20 36
274 131
120 126
159 48
266 166
255 198
56 57
25 79
5 99
279 97
30 48
165 119
148 65
272 69
263 210
236 283
245 221
285 236
218 155
284 196
32 122
265 247
178 161
37 54
131 187
150 160
235 187
279 254
123 134
34 97
55 141
91 171
234 247
279 163
114 146
230 17
267 206
264 28
78 12
241 208
199 262
80 17
160 230
270 154
75 175
123 1
27 213
43 260
44 33
7 157
178 236
45 28
154 180
215 103
192 167
23 262
141 262
150 172
75 3
38 149
177 160
21 75
244 63
207 287
256 213
27 17
160 232
205 185
123 131
288 186
10 182
31 22
27 180
193 101
182 230
121 230
261 141
177 89
75 95
87 42
179 274
219 210
217 135
107 211
137 266
109 146
159 139
39 57
191 232
157 244
45 149
58 18
1 234
106 75
40 64
277 218
209 207
139 9
213 117
220 61
94 200
79 124
210 117
52 272
60 208
228 105
68 157
282 228
102 259
175 13
194 163
230 115
241 240
283 37
229 86
97 194
285 175
30 207
164 81
62 223
161 161
199 100
29 64
200 130
34 86
142 100
120 243
214 232
67 80
268 7
166 76
200 162
123 101
240 286
54 14
92 214
174 3
185 75
226 96
204 260
53 218
71 172
172 156
275 110
107 254
116 272
202 28
146 196
288 257
65 53
142 156
138 188
30 35
262 256
2 49
99 215
266 41
258 22
68 245
131 174
210 119
158 283
18 175
190 17
143 254
230 157
282 79
56 183
273 29
150 275
237 120
201 215
32 42
108 99
286 110
145 80
100 14
74 117
60 136
6 74
261 235
230 254
25 285
149 170
185 170
156 134
2 228
220 193
269 199
4 139
180 148
218 280
33 3
268 92
10 273
165 271
91 267
236 276
263 256
157 32
138 184
37 11
283 256
203 135
38 78
273 217
97 74
208 129
237 188
92 246
44 129
228 7
107 48
282 241
15 22
144 24
205 180
194 71
19 269
205 56
58 62
273 27
135 64
155 83
123 119
201 167
247 12
45 225
59 38
177 234
219 33
129 7
84 35
77 103
175 153
30 104
214 14
130 221
238 157
175 72
275 87
110 105
99 154
41 29
63 89
262 281
281 103
287 77
9 235
51 55
100 80
158 185
254 288
117 203
28 164
146 174
250 128
278 220
281 190
249 216
150 94
80 15
68 79
91 236
25 13
2 284
92 160
181 57
31 169
131 218
44 149
103 166
276 252
97 140
25 217
67 174
23 147
60 250
97 150
198 281
34 71
149 126
102 41
54 132
209 185
61 125
205 35
2 192
286 98
43 22
27 270
68 209
288 127
42 256
149 239
120 182
182 268
179 283
180 233
127 261
1 59
97 205
254 98
268 251
195 182
145 93
163 84
173 34
210 215
161 230
37 281
284 218
132 174
213 24
278 211
284 278
141 92
66 106
189 45
229 255
227 85
220 261
168 104
167 249
190 39
63 99
191 58
28 35
231 112
58 93
194 53
242 207
16 20
24 76
224 124
42 34
208 133
167 247
237 45
208 10
243 270
108 146
199 8
52 13
279 109
105 57
33 59
263 208
78 158
283 173
282 196
207 201
41 85
32 149
1 111
158 243
92 138
260 162
17 23
174 7
3 279
63 195
49 197
114 286
67 268
42 60
176 248
132 216
204 35
76 204
145 105
31 108
242 162
269 130
57 155
137 219
145 71
126 65
268 111
222 206
251 263
137 138
95 268
225 10
15 172
86 159
276 116
139 102
277 119
231 205
273 239
136 1
182 261
225 33
243 158
238 205
5 86
214 99
225 150
108 239
33 193
270 181
180 120
282 41
110 96
245 95
207 92
255 100
224 192
132 51
221 81
127 225
166 53
195 102
74 175
213 107
239 66
159 131
57 24
43 166
119 159
132 197
251 99
8 58
162 139
108 94
91 235
191 128
159 97
102 232
143 186
210 94
251 80
96 19
263 138
56 254
8 188
162 130
158 170
188 31
180 167
124 271
273 186
270 143
155 83
247 9
268 168
102 102
120 197
280 94
206 48
59 86
107 221
215 264
262 274
6 153
25 1
7 9
187 277
24 53
71 270
61 211
149 35
24 140
103 16
234 21
223 4
106 41
96 192
16 69
50 21
94 74
21 100
242 207
88 265
131 31
118 64
113 139
98 136
278 200
23 223
92 245
99 69
285 194
133 12
263 182
32 68
255 213
39 208
3 287
57 134
189 174
197 13
24 6
148 14
77 43
236 41
287 206
109 284
112 241
167 246
6 71
185 260
283 223
52 285
93 108
130 281
281 198
5 17
203 25
30 152
67 137
192 225
55 172
92 38
285 259
283 2
41 179
134 35
273 185
191 238
4 193
230 156
102 107
172 17
131 73
40 69
82 103
5 136
274 257
173 142
227 39
144 139
89 149
45 233
45 235
182 208
139 124
75 241
230 119
129 232
63 168
12 144
142 176
151 127
144 35
269 242
233 284
92 33
16 136
266 60
243 159
139 93
282 85
205 95
75 45
38 138
84 49
281 225
97 16
224 112
50 76
66 283
231 29
187 246
165 164
177 119
35 27