512
768
535 69
106 348
454 730
107 178
725 594
550 396
272 426
8 102
431 694
133 768
25 119
354 448
565 15
247 245
407 32
482 429
357 587
8 42
548 370
219 760
452 257
388 211
682 651
312 600
576 700
87 89
51 440
536 103
711 14
604 605
302 317
521 146
135 16
187 170
385 661
162 324
149 37
535 318
687 334
406 751
266 492
71 316
420 606
674 618
107 509
710 664
57 462
41 447
477 227
105 349
376 522
673 524
558 695
330 732
260 735
714 525
714 16
328 621
109 234
726 216
230 667
111 543
616 152
221 324
634 581
161 241
334 65
253 379
759 70
343 250
292 288
263 493
560 590
602 668
311 559
371 541
714 482
315 561
121 23
373 242
604 533
739 169
85 223
548 75
548 378
580 71
153 330
563 712
152 396
100 718
443 470
490 388
439 292
180 559
315 40
33 150
572 3
574 656
481 609
218 260
218 286
586 371
615 380
570 254
264 669
204 706
627 693
581 297
217 248
344 19
288 376
168 91
634 229
235 602
70 452
349 287
737 166
145 72
545 715
325 296
615 528
233 473
709 45
258 413
293 601
431 68
464 86
158 329
314 392
418 639
332 766
158 556
163 302
627 195
248 184
491 351
711 211
311 139
512 568
551 292
656 469
359 351
554 4
167 356
652 584
226 215
69 639
2 231
173 117
682 676
300 404
514 498
102 313
637 613
112 675
392 256
376 238
606 161
242 261
516 125
332 230
595 401
100 84
631 528
200 544
692 499
435 437
485 25
749 609
125 349
515 517
604 122
754 697
283 483
445 286
95 9
515 689
409 103
261 527
630 460
559 553
447 225
222 163
249 458
3 374
294 5
378 385
127 619
314 665
334 246
182 428
254 185
605 662
287 97
421 404
44 211
189 490
691 666
140 428
611 398
289 137
403 666
521 529
516 322
681 337
568 350
765 53
534 89
203 308
441 111
200 484
577 388
462 755
541 89
414 383
487 702
519 377
87 272
393 91
81 305
427 648
654 679
189 676
767 647
471 439
757 670
155 53
545 104
39 317
192 709
700 166
130 706
542 217
465 422
307 546
726 221
425 100
132 101
263 130
747 221
569 223
379 211
275 155
314 570
728 505
510 147
671 639
84 700
343 549
354 137
326 567
358 238
666 489
595 416
106 573
637 674
28 247
372 558
657 685
615 616
422 356
762 580
483 334
511 313
370 96
450 183
663 295
420 48
15 246
464 376
307 588
282 590
66 653
635 210
58 482
58 479
325 307
546 39
128 288
608 497
640 289
679 22
71 331
69 85
64 20
460 626
95 229
447 160
370 314
626 427
27 683
393 351
477 170
646 605
713 485
333 72
261 500
93 331
318 418
671 381
693 618
239 20
335 173
435 704
742 292
618 768
462 242
607 171
667 740
263 99
712 83
171 460
582 519
22 131
168 180
768 93
285 494
368 619
666 34
42 640
326 659
127 19
388 221
445 542
192 195
641 391
278 299
82 91
49 359
222 473
538 477
565 311
202 420
161 99
453 203
226 266
349 353
541 225
61 217
766 253
412 126
131 177
424 213
267 473
571 744
177 597
452 229
139 653
648 555
240 588
245 465
86 594
305 626
306 366
330 303
106 741
429 236
149 84
704 672
44 763
135 476
591 587
192 217
727 327
259 198
147 504
151 232
585 455
89 122
52 674
680 413
647 340
649 283
680 584
442 211
578 577
687 656
395 366
360 353
693 619
39 71
610 189
558 682
643 134
35 183
39 202
83 173
542 731
712 709
35 385
151 100
449 325
244 331
179 91
172 103
197 210
429 38
398 474
719 528
607 241
198 133
699 281
562 472
499 505
668 21
377 306
121 58
119 620
388 297
710 559
655 139
256 315
432 653
276 639
669 370
367 354
502 297
634 551
256 621
287 155
641 664
717 249
209 67
356 84
619 298
643 505
692 130
307 355
271 70
225 427
439 592
12 428
376 134
211 632
754 497
18 114
648 222
619 344
544 206
428 394
759 558
386 682
687 180
525 445
249 237
103 687
316 115
603 692
248 45
555 489
29 60
90 165
282 708
508 57
402 423
451 392
212 324
562 131
504 318
63 240
554 166
159 102
536 249
25 271
293 579
759 577
126 336
741 407
532 737
464 165
647 402
44 91
725 605
477 716
410 539
188 196
704 602
553 727
82 65
229 630
131 475
438 256
43 667
663 62
123 614
226 1
247 525
91 459
618 55
663 259
594 338
710 17
171 494
744 508
558 204
625 688
679 550
176 209
448 326
270 58
171 751
315 673
507 405
619 356
716 513
103 541
82 44
45 508
538 276
503 583
480 359
503 646
141 166
342 76
747 99
134 149
81 448
309 75
340 159
687 287
160 21
315 497
64 616
493 89
123 227
672 90
586 662
223 214
315 564
289 293
662 422
697 230
357 237
561 185
651 479
471 42
755 274
27 306
121 519
395 499
233 554
589 50
447 43
519 249
95 40
541 244
717 725
730 306
193 522
490 75
232 448
373 218
209 399
523 585
405 405
316 637
190 392
175 124
690 693
628 272
732 400
516 681
356 733
474 36
486 451
367 205
386 739
422 595
625 432
667 517
325 470
385 2
93 559
126 15
740 753
542 703
641 545
103 484
509 64
8 226
514 374
430 388
600 339
214 712
259 368
460 583
70 76
584 162
123 197
432 94
438 206
284 310
750 387
281 747
706 288
204 452
149 122
71 748
460 540
179 206
395 638
20 464
202 604
626 580
288 545
161 725
238 444
522 476
318 35
454 256
578 145
195 215
266 521
450 214
548 629
419 174
498 695
638 187
18 751
766 305
527 158
518 253
90 271
728 663
561 413
150 371
45 600
585 311
608 522
12 387
382 686
49 368
100 686
554 117
156 40
678 170
453 427
422 542
697 381
437 746
281 74
348 326
674 420
124 1
173 391
388 43
564 436
410 664
609 195
268 764
490 177
165 175
91 75
716 276
455 640
253 224
714 88
37 107
763 160
107 423
38 750
465 601
673 362
496 513
45 764
764 534
428 417
708 7
491 144
282 433
15 22
144 216
109 180
578 359
595 173
13 632
154 734
465 315
327 448
59 371
699 311
393 359
727 588
621 705
731 134
369 234
411 513
705 7
180 515
365 7
175 633
126 584
598 590
130 413
526 445
271 456
755 663
302 201
483 154
137 701
543 761
166 185
761 103
191 173
105 43
435 535
676 560
350 761
638 480
405 395
412 164
338 654
58 128
86 28
281 478
729 312
726 382
752 207
740 175
379 332
217 301
98 380
92 448
373 729
415 265
611 314
428 437
199 742
564 540
1 332
505 217
643 462
599 627
156 58
289 534
390 761
322 743
629 414
678 233
630 324
497 473
637 413
397 323
386 192
94 386
523 598
603 654
548 689
768 703
234 544
725 623
24 278
86 652
179 763
372 41
319 357
1 443
1 397
254 386
76 347
3 86
433 93
739 468
269 226
402 503
257 614
613 281
380 698
420 558
693 24
86 499
380 86
429 380
738 682
765 45
517 255
131 181
604 357
648 104
71 537
94 327
639 195
95 250
124 515
39 304
538 381
290 149
722 207
16 692
120 268
224 124
522 610
304 613
455 439
717 525
208 298
339 78
492 434
583 104
436 109
663 205
489 441
609 443
647 112
366 254
379 77
378 388
687 681
233 373
608 437
385 303
734 723
380 714
644 450
305 311
558 199
3 279
639 99
721 5
210 574
259 76
138 636
464 56
36 696
684 131
364 300
433 585
511 300
530 642
749 322
441 539
521 699
49 647
30 257
652 495
318 398
59 455
521 522
767 556
705 682
687 556
470 351
372 212
139 390
85 119
711 13
657 719
712 193
86 741
705 225
723 254
622 13
197 374
22 195
417 726
108 335
513 577
174 373
276 312
762 617
686 192
629 575
399 572
255 484
32 192
708 243
701 561
511 129
166 533
579 582
746 175
405 491
239 66
351 515
633 600
619 550
23 735
612 677
539 99
392 58
546 331
300 478
379 43
95 32
63 673
102 40
335 762
18 574
59 368
576 691
455 426
728 734
392 572
642 418
158 266
476 703
84 263
412 463
561 762
750 623
155 83
151 489
76 168
294 390
24 101
568 478
14 528
443 662
587 317
311 744
70 274
678 153
25 577
103 585
571 85
696 725
167 78
445 499
245 227
120 524
583 688
234 597
703 676
490 521
480 288
496 549
50 405
190 74
213 292
146 15
376 73
227 31
406 160
17 139
386 136
662 200
311 127
284 245
291 261
765 2
37 492
551 86
128 740
159 597
519 304
99 383
633 326
669 270
485 685
408 102
52 302
557 619
428 329
95 206
589 92
208 625
71 246
198 455
473 356
283 223
148 381
93 12
706 761
281 678
677 689
11 217
222 56
67 137
384 417
343 460
764 38
573 67
283 2
521 755
614 35
465 761
671 46
4 97
38 540
6 203
460 17
419 169
328 741
562 199
389 136
658 641
173 718
707 711
720 715
185 53
237 137
45 139
182 304
235 220
75 241
422 23
513 328
447 72
300 240
526 176
631 415
48 35
365 242
233 572
188 417
112 424
554 156
51 735
715 285
186 277
13 95
555 525
422 234
84 721
473 609
385 592
512 688
626 364
162 91
423 605
763 534
261 548
177 311
515 123