512
512
279 69
362 348
454 218
363 178
213 82
294 140
272 170
8 102
175 438
389 512
25 119
354 192
53 15
247 245
151 288
482 429
357 331
264 298
36 114
475 248
196 257
388 467
426 395
56 88
320 444
87 345
51 440
24 103
455 270
348 93
46 317
9 402
135 272
187 170
385 149
418 68
405 293
23 318
175 78
406 495
10 492
327 60
420 350
162 362
107 509
454 152
313 462
41 447
221 227
105 93
376 10
161 268
302 183
74 476
260 479
458 269
458 272
328 365
109 490
214 216
486 155
367 287
104 408
221 324
122 325
417 497
334 65
253 123
247 326
87 506
292 32
263 237
304 78
90 412
55 303
115 29
458 482
315 49
377 23
373 498
348 277
483 169
341 223
292 75
36 378
68 327
409 330
51 200
408 140
100 462
443 214
490 388
183 292
436 47
315 296
33 150
60 3
318 400
225 97
474 260
474 30
74 371
359 124
58 254
264 157
204 194
371 181
69 41
473 504
88 275
288 120
424 347
122 229
235 346
326 196
93 287
225 166
145 72
289 203
325 40
359 16
233 217
197 301
258 157
293 345
431 68
464 342
414 73
58 136
418 383
332 510
158 44
163 302
115 451
504 440
491 351
455 211
55 139
512 312
295 292
144 213
359 95
42 260
167 100
396 72
482 215
69 127
258 231
429 373
170 420
300 148
258 242
358 313
381 357
112 163
136 256
376 494
350 417
242 5
4 125
76 486
339 145
100 84
375 16
456 32
436 243
179 181
485 25
493 353
381 93
3 5
348 378
498 185
283 227
189 286
351 265
259 177
409 359
261 271
374 204
303 297
447 481
478 419
505 458
259 374
38 261
378 385
127 363
58 409
78 246
182 428
510 441
93 406
287 353
165 148
44 467
445 490
435 410
396 428
355 142
289 393
403 154
265 17
4 322
425 81
56 94
509 53
22 89
459 308
441 111
456 484
65 388
462 499
285 345
414 127
487 190
7 377
343 272
393 347
81 305
427 136
398 423
189 420
511 135
215 439
245 158
411 309
33 360
295 317
192 197
444 166
386 450
30 217
209 422
51 290
214 477
425 100
388 101
7 386
235 221
313 479
379 211
275 411
58 58
216 249
254 147
415 127
84 444
343 293
354 393
70 55
358 494
154 233
83 160
106 317
381 418
284 247
116 46
145 173
103 360
422 356
506 324
483 78
255 313
370 96
194 439
151 39
420 304
271 502
464 376
307 332
282 78
66 397
123 210
58 226
58 479
69 51
290 39
128 32
352 497
128 33
423 278
71 331
69 341
320 20
204 114
351 485
191 416
370 314
114 427
27 171
393 95
221 170
134 349
201 485
333 328
5 244
93 75
62 162
415 381
181 106
495 20
79 173
435 448
486 36
362 512
206 242
95 427
411 228
263 99
200 83
427 204
326 7
278 387
168 180
256 349
285 238
368 363
410 290
298 384
326 147
383 19
388 477
445 286
192 195
385 391
278 299
82 91
305 359
478 473
26 221
309 311
458 164
161 355
453 459
226 266
93 97
285 481
61 217
254 253
412 126
131 177
424 213
267 217
59 232
177 85
452 485
395 397
136 43
240 76
501 465
342 82
49 114
50 110
330 303
362 229
429 492
405 340
192 160
44 251
391 220
335 331
192 217
215 327
259 454
403 248
407 232
329 455
345 378
52 162
168 413
391 84
393 283
424 72
442 467
322 321
175 144
139 366
360 353
181 107
295 71
354 189
302 170
131 134
35 183
295 202
83 173
286 475
456 197
35 385
151 356
193 325
500 331
179 347
172 359
453 466
429 294
142 218
463 272
351 497
454 133
187 25
306 472
499 249
156 21
121 306
377 314
119 364
132 297
198 303
143 139
256 59
432 397
276 383
157 114
367 98
246 41
122 39
512 109
287 155
129 408
461 505
209 67
356 340
363 42
131 505
180 386
51 99
271 326
481 427
439 336
12 172
376 134
211 376
242 497
18 370
392 478
363 88
32 206
428 394
247 46
386 426
431 436
13 189
249 493
103 175
316 115
347 180
248 45
43 489
29 60
346 421
26 196
508 57
402 423
451 136
468 324
50 387
248 62
63 496
42 166
159 358
280 505
25 15
37 67
503 65
126 336
485 151
20 481
208 421
391 146
44 347
469 93
221 204
154 283
188 196
448 346
41 215
338 65
229 374
131 219
438 256
43 411
407 62
379 102
482 257
247 13
91 203
106 311
407 259
82 82
454 17
427 494
232 252
46 460
113 176
167 38
432 209
448 326
270 314
427 239
59 161
251 149
363 356
460 257
103 29
338 44
45 252
26 276
503 71
224 103
247 390
141 166
86 76
491 355
390 405
81 448
53 331
84 415
175 31
160 277
59 497
320 104
237 345
379 227
416 90
330 150
479 470
315 52
33 293
406 422
185 486
357 237
305 441
139 479
471 298
243 18
283 50
121 7
395 499
233 298
77 50
447 43
7 249
95 40
29 500
461 213
474 306
449 266
234 75
232 192
373 474
209 143
11 329
149 405
316 381
190 392
431 124
434 437
372 16
476 400
4 425
100 477
218 36
230 451
111 461
130 483
422 339
113 432
155 261
325 470
129 2
349 47
126 271
484 497
286 447
385 289
359 484
253 64
8 482
2 118
430 132
88 339
470 200
259 112
460 71
70 76
72 418
123 197
176 94
182 462
28 54
238 387
25 491
450 32
460 452
149 378
71 236
204 28
435 462
139 382
20 208
458 92
114 68
288 289
161 469
238 188
10 476
62 35
454 512
66 401
451 215
266 9
450 470
36 373
419 174
242 439
382 187
18 495
254 305
271 414
262 509
90 271
472 151
305 413
150 371
301 88
73 55
96 10
12 131
382 430
305 112
356 174
298 373
156 40
166 426
453 427
422 30
185 381
181 490
281 330
348 70
418 420
124 1
429 135
132 299
52 436
410 408
97 195
268 252
234 433
165 175
347 75
204 20
455 384
509 224
202 344
293 107
251 416
107 167
38 238
465 89
161 362
496 257
45 252
508 278
172 161
452 7
235 144
26 177
15 22
400 216
365 180
322 103
83 429
269 120
154 222
209 315
71 192
59 115
443 55
393 103
215 332
109 449
475 134
113 490
155 1
193 7
180 3
109 263
431 377
382 72
86 78
386 157
270 445
271 200
499 151
302 201
483 410
137 445
31 249
422 185
249 103
191 429
105 299
179 23
164 48
94 249
126 480
405 395
412 164
82 398
314 384
86 284
281 222
217 312
470 126
496 207
228 175
123 332
473 301
354 124
348 448
373 473
415 265
355 314
428 437
199 230
308 284
1 76
505 217
387 462
343 371
156 58
33 278
390 505
66 231
117 414
166 489
374 68
241 217
381 157
141 67
386 448
350 386
11 342
91 398
292 433
256 447
490 288
213 367
280 278
86 396
179 251
372 41
319 101
257 187
257 397
254 130
332 91
3 342
433 93
227 212
13 482
146 503
257 358
357 25
124 442
420 302
181 280
342 499
380 86
173 124
482 426
253 301
5 255
131 437
348 357
136 360
327 281
350 71
127 195
95 250
124 3
39 304
282 381
290 149
466 463
272 436
376 12
224 380
266 354
304 101
199 439
461 13
208 298
83 334
492 178
71 104
180 109
407 461
489 185
97 443
135 368
366 510
379 77
378 132
431 169
233 117
96 181
129 303
478 211
124 458
388 194
49 55
302 455
3 279
127 99
209 261
466 62
259 332
138 124
464 56
292 184
172 387
364 300
177 329
511 300
274 386
493 322
441 283
265 443
49 391
30 257
140 495
318 398
315 455
9 266
511 300
449 170
175 300
470 351
116 468
139 390
341 119
199 269
401 463
200 449
342 229
193 481
211 510
366 13
453 374
278 451
161 214
108 335
1 65
174 117
20 312
506 361
430 192
117 319
143 316
255 484
32 448
452 243
445 305
255 385
166 21
323 326
234 431
149 235
495 322
351 3
121 344
363 38
23 479
356 165
283 99
136 314
34 75
44 478
379 299
351 32
319 161
358 40
79 506
274 62
315 112
64 435
455 426
472 478
392 316
130 162
414 266
476 447
340 7
412 207
305 250
238 111
411 83
151 489
76 424
38 390
24 101
312 478
14 272
443 406
75 61
55 488
326 18
422 153
25 321
359 329
59 85
440 469
167 78
445 243
501 483
120 12
71 432
490 85
191 420
490 265
480 32
240 293
50 149
446 74
469 292
402 15
376 329
483 31
406 416
273 395
386 392
406 456
311 383
28 501
291 5
253 258
37 492
39 86
128 484
159 85
263 48
99 127
377 70
157 270
485 429
152 358
308 46
301 107
428 329
95 206
333 348
464 369
327 502
454 455
473 100
27 223
148 125
349 12
194 505
281 166
421 433
11 217
478 312
323 393
128 417
87 460
252 38
317 67
27 258
9 499
358 35
209 505
159 46
4 353
38 284
6 459
204 17
163 169
328 485
50 455
389 136
402 129
173 206
195 199
464 203
185 309
237 393
301 395
438 304
235 476
75 241
422 279
257 72
447 72
44 496
14 432
119 415
48 291
109 242
489 60
444 161
368 168
42 156
51 479
459 285
442 21
13 351
299 269
422 234
340 465
217 353
385 336
256 432
114 364
162 91
423 93
251 278
261 292
433 311
259 379