512
416
375 293
10 348
166 378
107 82
245 370
358 268
208 138
40 6
111 150
5 384
217 55
162 64
149 47
87 21
183 288
386 13
37 395
360 202
356 338
283 56
164 97
324 243
234 235
248 216
384 124
55 57
179 216
120 199
135 206
92 189
366 61
73 274
39 304
59 266
225 213
322 260
309 101
87 414
335 206
86 175
330 140
231 92
228 350
162 234
11 253
294 248
313 366
105 223
253 163
361 349
248 138
193 140
238 151
10 28
356 95
202 269
106 16
232 205
237 394
310 248
102 187
79 287
8 184
93 260
218 325
65 49
46 257
61 155
407 358
183 346
324 384
71 301
272 302
378 92
151 271
211 253
330 290
123 337
345 87
53 18
412 117
355 41
245 415
196 235
228 250
36 135
89 394
19 360
280 396
324 302
123 118
138 36
279 132
372 207
219 296
225 214
412 163
126 240
33 193
346 260
26 254
266 115
231 284
346 382
136 253
268 258
243 405
165 105
121 408
184 211
288 408
8 283
26 5
395 346
198 324
61 223
161 326
209 264
193 139
229 200
391 80
41 217
357 205
194 349
197 377
143 356
240 22
222 265
26 200
66 95
396 126
318 12
35 110
275 99
248 88
299 95
167 211
183 395
288 376
327 356
208 341
295 31
362 388
167 260
44 232
354 23
229 127
34 263
237 181
234 356
268 116
322 306
198 377
285 69
336 67
296 416
408 46
30 353
18 69
196 61
172 6
371 401
132 276
247 240
40 64
52 307
51 373
69 121
333 225
61 125
291 357
124 282
402 25
219 291
381 286
223 137
291 177
121 295
325 239
118 364
175 169
127 225
126 195
345 330
3 406
326 165
218 321
31 75
346 121
366 182
406 172
318 153
221 22
31 129
261 20
364 19
189 74
115 186
140 332
387 14
193 297
179 410
201 209
68 2
201 305
184 62
61 85
214 153
395 116
153 111
8 100
1 196
46 403
253 57
318 223
71 94
103 121
375 304
201 315
177 401
203 360
46 135
317 132
287 167
119 23
277 126
123 149
193 40
135 29
96 325
252 38
290 226
158 249
401 230
147 162
214 221
105 132
356 293
135 226
43 125
249 191
123 243
339 315
282 346
216 377
254 339
415 127
148 28
247 133
258 265
294 343
70 270
58 9
19 64
106 61
189 354
252 311
52 46
81 333
263 296
294 100
218 164
99 238
191 217
242 32
66 407
375 7
260 304
15 278
368 408
211 12
346 334
322 397
251 274
186 98
154 63
69 243
98 167
352 288
256 177
192 321
167 22
199 11
325 213
160 148
204 242
31 5
159 352
274 410
82 43
91 235
393 159
349 74
198 285
233 37
45 296
229 84
317 11
382 98
95 125
117 170
367 148
47 397
371 320
262 36
234 352
142 210
383 75
155 36
231 259
360 147
139 44
230 327
54 195
8 20
192 125
61 14
144 107
410 98
298 256
134 115
63 275
196 317
221 222
352 323
65 167
54 75
210 283
401 135
62 281
154 125
405 87
138 4
193 131
101 75
258 106
61 321
253 129
93 57
350 29
380 286
67 305
360 277
171 345
411 104
209 21
228 69
107 365
72 171
368 44
117 209
150 178
401 402
178 78
330 111
394 293
397 44
181 340
192 224
140 59
199 220
79 11
160 57
247 103
99 198
147 216
279 296
265 263
281 26
340 66
8 189
359 404
233 411
200 8
90 211
66 289
15 16
299 46
360 129
149 43
199 295
130 61
46 266
323 198
291 119
263 170
179 77
158 411
360 229
291 33
23 228
193 325
116 363
243 347
364 391
261 146
141 390
206 58
239 400
255 401
390 389
27 153
338 184
19 281
284 181
185 178
409 378
375 396
324 201
326 271
47 171
288 187
16 77
116 127
349 242
399 194
214 9
346 7
64 237
287 347
1 56
397 281
305 355
132 84
11 42
355 57
84 226
115 99
175 102
225 395
343 208
172 12
88 390
19 152
210 305
82 82
232 350
235 408
160 366
76 170
279 302
98 362
111 84
333 157
185 13
135 111
92 307
411 180
280 13
331 361
189 284
314 293
218 132
284 377
370 231
131 232
116 100
50 227
184 382
255 240
394 390
351 70
152 217
249 303
229 163
247 289
318 16
165 119
20 321
80 389
7 82
76 123
181 125
221 236
378 59
60 356
32 282
297 55
82 1
357 182
35 59
54 352
75 91
55 382
283 6
354 289
87 301
411 139
298 87
247 259
146 178
70 49
43 366
104 412
366 44
49 400
103 390
336 49
64 262
14 218
267 239
379 225
123 373
235 4
332 65
135 61
242 204
397 156
154 372
23 391
416 71
375 390
45 166
310 396
299 195
198 149
17 160
245 11
404 63
303 319
416 21
251 113
224 104
141 249
59 163
224 346
234 54
191 150
91 84
129 389
278 326
409 166
357 237
49 217
171 351
119 170
243 242
155 338
345 295
171 275
329 266
205 146
319 395
167 281
351 296
253 84
77 117
122 18
353 170
234 107
104 224
149 346
337 303
267 137
53 309
412 381
158 72
399 348
338 149
84 144
28 336
228 105
36 221
410 260
390 99
239 365
194 387
294 115
145 16
123 69
197 406
33 226
61 15
158 399
36 241
414 63
33 97
39 356
317 320
72 290
2 310
238 68
152 403
182 168
291 176
236 71
166 268
296 226
155 325
80 190
22 78
124 54
174 163
281 363
354 352
236 356
117 346
7 268
332 60
307 78
107 126
148 272
266 28
82 292
224 33
353 245
398 60
170 28
94 35
390 32
258 81
259 247
10 137
386 214
68 277
291 174
402 311
30 123
210 399
414 17
15 350
134 285
282 303
312 247
209 285
278 51
237 408
297 247
416 138
332 67
414 78
113 272
260 142
394 53
412 264
358 298
69 75
166 350
377 61
181 42
217 330
92 38
322 260
156 193
397 359
260 267
308 372
122 152
385 99
76 380
234 17
261 303
379 299
236 212
359 288
253 32
202 216
357 395
347 96
171 199
326 302
49 217
129 42
368 97
13 28
348 246
332 65
132 167
363 240
378 177
111 86
80 184
301 20
34 103
403 77
301 312
378 222
113 379
263 352
59 275
251 279
393 167
343 396
205 161
219 166
337 202
123 1
257 295
308 291
397 295
239 153
62 72
374 174
34 93
398 381
239 232
243 215
270 41
195 58
201 285
95 409
70 217
281 327
95 173
73 363
339 183
100 400
254 345
30 288
21 11
124 132
114 238
346 256
278 412
313 350
281 280
214 222
368 367
4 47
123 364
409 333
130 380
316 384
309 345
127 201
227 122
332 213
359 134
52 92
129 236
313 281
99 110
87 51
348 378
385 54
326 249
258 327
85 158
166 393
374 292
177 185
413 381
269 227
98 320
318 226
139 214
91 110
196 49
32 127
298 288
53 207
408 310
406 76
339 155
340 297
31 389
353 315
353 205
414 34
396 315
259 406
401 221
99 52
141 2
178 23
161 102
101 153
284 90
100 206
245 24
374 147
412 310
333 348
386 330
381 365
101 95
355 85
188 325
136 328
199 185
222 359
159 195
383 26
284 67
231 400
90 61
2 85
242 207
304 212
120 140
32 92
234 258
176 293
39 183
205 237
368 298
51 110
76 18
7 232
372 109
87 45
169 377
1 411
167 176
206 158
315 109
250 4
367 9
297 405
64 373
97 303
254 147
412 202
36 290
305 407
398 391
323 151
351 195
145 389
370 222
131 140
202 380
144 152
260 24
12 195
396 108
81 105
127 364
306 34
237 66
313 219
41 91
369 263
286 385
236 111
62 238
123 263
73 266
287 332
161 298
111 12
278 191
116 404
11 294
21 247
359 205
49 271
296 289
406 165
129 97
147 190
334 269
325 406
406 195
193 150
76 303
161 353
366 149
212 376
26 105
78 256
309 127
399 188
287 388
224 416
68 243
61 401
383 385
390 373
35 166
394 399
341 139
207 162
159 3
409 56
395 70
311 159
68 165
347 355
136 26
226 203
268 286
59 235
127 320
63 161
358 40
15 154
50 222
315 208
96 307
135 74
248 318
232 316
66 34
126 202
60 351
276 199
220 335
305 218
110 367
251 51
279 265
204 328
70 390
408 165
152 126
110 400
27 214
171 93
247 296
166 178
230 25
249 321
231 137
123 341
376 373
391 238
221 51
149 163
24 12
199 176
138 309
31 164
106 201
128 224
80 293
274 309
190 106
213 4
114 335
344 73
163 191
182 256
113 203
2 136
214 200
183 351
380 213
387 357
413 98
37 76
391 310
384 164
415 53
39 112
259 255
57 6
317 238
261 13
24 262
148 238
333 203
172 169
415 14
109 412
112 145
359 374
326 199
409 324
251 31
308 93
157 364
98 57
185 230
69 209
75 89
30 280
291 73
32 161
87 12
28 70
29 387
27 354
169 19
134 3
337 25
383 366
388 353
6 28
166 363
236 241
35 137
392 197
82 295
357 168
306 257
237 206
227 135
144 267
25 149
141 233
173 107
182 16
43 188
43 209
134 151
321 40
159 296
236 240
46 48
279 351
304 99
141 402
105 156
252 129
176 392
362 348
371 127
235 413
314 149
77 319
171 397
358 330
148 177
153 193
97 304
416 272
402 12
258 91
39 381
91 214
357 36
17 311
163 251