512
576
343 261
106 156
454 346
299 562
533 210
358 396
272 426
8 486
47 502
517 384
409 311
354 448
373 207
247 437
407 416
290 45
549 395
200 426
164 370
411 568
452 65
388 19
490 267
504 408
192 316
87 473
51 440
344 295
519 14
28 221
302 317
137 146
135 208
571 170
1 277
162 324
341 421
343 126
111 142
406 175
458 492
71 508
228 414
98 42
299 125
134 472
441 270
41 447
477 35
489 349
184 522
97 524
366 311
522 348
452 351
522 333
138 16
136 237
301 234
150 24
230 283
495 543
424 536
413 324
442 197
545 49
142 65
445 379
375 262
151 250
484 96
455 493
560 14
26 284
119 175
179 349
330 98
315 177
505 23
373 242
220 341
163 361
277 31
164 75
164 186
196 71
153 522
563 136
536 12
292 526
59 470
298 388
439 484
564 367
507 232
33 150
572 195
382 272
97 417
218 260
26 286
202 179
231 188
186 62
72 477
12 130
243 309
389 105
217 248
344 19
480 376
168 475
442 421
43 410
262 260
541 287
545 166
337 72
353 523
133 296
423 144
425 89
325 237
66 413
485 409
431 260
80 470
158 521
314 200
226 447
332 190
158 172
355 494
243 3
440 376
299 159
519 19
119 139
128 184
551 484
464 277
167 543
170 196
359 356
268 8
226 23
69 255
194 423
173 309
298 484
108 20
514 498
486 505
61 37
112 483
392 448
184 430
414 353
50 69
132 317
524 230
211 17
484 276
439 528
8 160
308 115
51 245
485 409
173 417
317 157
323 133
28 506
562 313
283 483
253 286
95 201
515 305
217 295
453 527
246 460
559 553
447 33
222 355
441 266
195 182
294 389
186 193
319 43
506 473
526 54
182 44
254 569
221 470
287 97
421 404
428 403
381 298
307 474
524 44
35 14
97 329
403 282
521 145
324 322
489 145
376 542
189 53
534 281
395 116
249 111
392 100
385 196
270 563
541 89
30 575
103 126
327 377
279 272
393 475
465 305
43 264
270 103
189 100
383 455
87 55
565 478
155 245
545 296
231 509
384 133
508 358
130 130
158 409
273 422
307 162
150 221
425 292
324 485
263 130
363 221
185 223
571 211
467 539
506 570
344 313
126 147
95 255
276 124
535 549
546 137
134 567
358 430
282 105
211 416
106 573
61 290
220 55
372 558
465 301
423 232
38 548
378 4
99 526
127 505
370 96
66 375
87 295
228 240
399 438
80 376
307 12
90 398
66 461
251 402
58 98
58 95
517 307
546 39
128 96
416 497
64 481
295 22
71 523
261 469
256 212
268 434
95 229
255 160
562 506
434 43
27 491
9 543
93 554
454 221
521 293
141 456
69 308
477 139
126 34
479 381
117 42
239 212
143 365
243 128
166 100
42 192
462 50
31 555
475 356
71 291
520 83
171 460
390 519
22 515
552 372
192 93
285 302
176 427
90 418
426 256
518 467
319 403
388 221
253 158
576 195
449 391
278 491
274 91
433 167
30 281
538 93
373 119
394 420
545 483
261 395
34 74
157 353
349 417
445 25
574 445
220 318
131 369
232 405
459 89
571 360
369 405
452 37
523 269
456 363
48 12
53 81
86 210
305 434
498 174
330 495
490 549
237 44
341 468
320 96
428 187
327 92
15 203
576 409
343 327
67 390
339 120
343 424
201 71
281 122
244 482
488 29
455 148
73 91
488 392
58 211
2 385
303 464
11 174
168 353
501 235
39 263
226 381
558 298
451 134
419 567
39 202
467 365
350 539
328 133
227 385
343 100
65 517
436 523
563 475
172 487
5 210
45 230
14 474
527 336
31 241
198 517
315 89
178 88
499 505
92 21
185 306
121 250
119 428
196 105
326 367
463 331
448 507
432 461
276 255
93 178
367 162
118 105
250 167
64 45
95 155
65 280
333 57
401 451
356 468
427 106
259 313
308 130
115 163
463 262
417 427
439 208
12 428
184 134
19 248
178 113
402 114
264 30
43 536
352 398
428 202
375 558
386 106
111 372
141 445
57 429
295 495
508 307
219 116
440 237
363 489
221 60
474 357
90 516
316 441
210 39
67 8
20 324
562 131
120 126
447 48
554 166
543 486
344 57
25 79
293 387
567 385
318 336
165 407
148 353
272 357
263 210
236 283
533 221
285 524
218 155
572 196
320 410
553 535
466 449
37 54
131 475
438 448
235 475
279 254
123 422
34 385
55 141
91 459
234 247
279 451
402 146
518 17
555 494
552 316
366 12
241 496
487 550
368 17
448 518
270 442
363 175
123 289
315 213
43 548
332 321
295 157
466 236
45 316
154 468
503 391
480 167
311 262
141 550
150 460
363 291
326 149
465 448
309 75
532 351
495 287
544 213
315 305
448 232
493 473
123 419
288 474
10 470
31 22
315 180
481 101
470 230
121 230
549 429
177 377
75 95
87 42
179 274
219 498
505 135
395 499
425 554
397 434
447 427
327 57
479 232
157 244
333 149
346 306
1 522
106 75
40 64
565 218
209 207
139 9
213 405
508 61
382 200
367 124
498 117
52 272
348 208
516 105
356 157
282 228
102 259
175 13
194 163
230 403
241 240
283 325
517 86
385 194
285 175
318 207
164 369
350 511
449 161
487 100
317 64
200 418
322 374
430 388
408 531
214 520
67 368
268 7
454 76
200 162
123 389
240 286
54 14
92 502
174 3
473 363
514 96
204 260
341 506
71 172
460 156
563 398
395 254
404 272
202 28
434 196
288 545
353 341
430 444
138 476
318 35
262 256
2 337
387 215
266 329
258 22
356 245
419 174
498 119
446 571
18 175
190 305
143 542
518 445
282 79
344 471
561 29
150 563
237 408
201 503
32 330
396 387
574 110
433 368
100 302
362 117
348 424
294 362
261 235
230 542
313 573
437 170
473 458
156 134
290 228
508 193
557 199
4 427
180 436
218 280
33 3
268 380
298 561
165 559
91 267
524 276
263 256
445 32
138 472
37 299
571 544
491 423
38 366
273 217
97 362
496 129
237 188
380 534
44 417
516 7
107 336
282 241
15 22
144 24
493 180
194 359
19 557
205 56
346 350
273 315
135 64
443 371
123 119
201 167
535 12
45 513
347 326
177 234
219 321
129 7
372 323
365 391
175 441
318 392
214 14
130 221
526 445
463 72
563 87
110 393
99 154
329 317
351 377
550 569
569 103
575 365
297 235
51 343
100 368
158 185
254 288
405 203
28 164
146 462
250 128
278 220
281 478
537 504
150 382
368 15
356 367
379 524
25 301
290 572
92 448
181 345
31 457
419 506
44 437
391 166
564 540
385 140
313 217
67 462
23 435
348 250
97 150
198 569
322 359
437 414
102 41
54 132
497 473
61 413
205 323
2 192
286 386
331 22
27 270
356 497
576 127
42 544
149 239
408 470
470 268
179 571
180 233
127 549
1 59
385 205
254 386
268 539
195 470
433 93
163 84
461 34
210 503
449 230
37 281
572 506
420 174
501 24
278 499
572 278
429 380
354 106
189 45
517 255
515 373
220 549
456 104
455 537
478 327
63 387
479 58
316 323
231 112
346 381
482 341
530 207
16 308
312 76
224 124
330 34
496 421
455 247
525 333
208 298
531 270
108 434
199 296
52 301
279 397
105 57
33 59
263 496
366 446
571 461
570 196
495 489
41 373
32 437
1 111
158 531
380 138
260 450
305 311
174 7
3 279
63 483
337 197
402 574
67 268
330 60
464 248
420 504
492 323
364 492
433 393
319 108
530 450
557 130
57 155
137 507
433 71
414 65
268 111
510 206
251 263
137 138
383 556
513 298
303 172
86 159
564 404
139 390
277 119
519 205
273 527
136 1
470 549
513 33
531 446
238 205
5 374
214 387
225 150
108 527
321 193
558 181
468 120
570 41
110 384
245 383
207 380
255 100
224 192
132 51
509 369
127 513
166 341
195 390
362 175
213 107
239 66
159 131
57 24
43 166
407 159
420 485
539 99
8 58
162 139
108 94
379 235
479 416
447 97
102 232
143 186
210 382
251 368
384 307
263 426
344 542
8 188
450 418
158 458
476 319
468 455
412 271
561 186
558 431
155 83
535 297
268 168
102 390
408 485
568 94
206 336
59 86
395 509
503 552
262 274
294 153
25 1
295 9
187 277
312 341
359 270
61 499
437 35
312 140
391 304
234 21
511 292
106 329
96 480
304 357
50 21
382 74
21 100
530 207
376 265
419 31
406 352
401 139
386 136
278 200
311 511
92 245
99 69
573 194
421 300
551 470
320 356
543 213
327 496
291 575
57 134
477 462
485 301
24 294
436 302
365 43
236 329
287 206
397 284
400 241
455 246
6 71
473 548
283 223
340 573
93 396
130 569
281 486
293 305
203 25
30 440
67 137
192 225
343 460
380 38
573 259
283 2
329 179
422 35
273 185
479 238
4 481
230 156
390 395
460 17
419 361
328 357
370 391
5 136
274 257
173 142
515 327
144 139
377 437
45 521
45 523
182 496
427 412
75 241
230 407
129 520
63 456
300 432
142 176
439 415
432 35
557 242
233 572
380 33
304 424
554 348
243 159
139 93
570 85
205 95
363 333
38 426
84 337
281 225
385 16
512 112
50 364
354 283
231 29
187 534
453 164
177 119
323 315