512
448
23 261
170 220
70 218
107 50
85 338
422 12
16 42
264 422
431 118
389 256
25 439
98 256
373 143
375 53
23 416
34 365
101 203
136 170
420 114
219 376
324 65
388 211
106 75
184 408
192 444
87 89
435 184
344 231
199 270
156 93
110 189
329 82
391 336
251 234
1 341
162 196
405 421
407 382
47 14
214 111
10 300
199 444
356 94
98 426
235 253
390 216
441 270
297 255
157 99
361 29
312 394
225 268
366 55
74 284
68 287
394 77
10 144
392 237
109 42
86 344
166 27
111 31
168 408
285 324
378 69
225 241
14 1
381 251
55 326
87 122
36 32
71 365
48 14
26 156
375 111
371 93
10 34
123 177
313 279
373 114
348 149
227 361
21 159
164 75
356 122
68 391
25 10
307 72
24 332
100 270
315 22
362 324
375 356
52 239
187 296
353 86
444 131
318 16
161 353
410 68
26 350
330 51
359 188
442 254
392 93
76 258
435 437
5 361
345 376
24 403
224 376
40 219
378 229
107 410
134 68
349 159
417 230
81 200
417 75
5 232
167 80
41 153
389 45
386 157
421 409
111 68
208 22
286 137
250 392
418 255
332 318
414 172
99 46
371 387
120 376
171 159
7 83
183 267
448 120
423 292
400 405
359 159
426 68
167 100
332 136
354 215
325 191
386 423
237 181
234 228
108 404
258 434
358 313
253 357
432 99
72 256
56 302
414 33
370 5
132 253
12 358
339 337
100 148
311 208
328 96
308 435
371 117
293 153
429 417
381 285
67 5
92 122
306 377
155 99
253 158
223 265
67 113
153 39
133 335
246 12
303 105
319 225
222 163
377 74
131 310
230 69
186 193
191 363
122 217
14 246
374 236
62 313
221 214
351 353
101 20
236 403
125 106
51 218
140 300
163 142
33 393
211 218
137 401
132 130
41 17
376 286
253 437
150 345
75 372
121 47
264 356
321 388
334 243
29 345
94 191
39 126
135 121
215 272
393 219
273 433
235 200
270 359
61 292
255 7
87 375
53 350
283 245
161 40
39 189
384 5
380 294
2 386
414 217
81 230
435 354
214 93
105 356
4 37
71 258
43 29
185 415
251 339
211 411
378 122
24 313
126 275
159 127
212 444
215 293
226 73
198 311
166 174
218 169
83 160
298 125
189 34
92 439
244 174
273 173
167 296
38 292
122 68
291 206
63 377
370 288
2 439
151 39
164 240
207 246
400 376
243 12
410 206
2 205
251 146
250 418
442 287
133 435
226 423
64 288
224 433
448 225
423 22
135 139
261 341
256 84
268 370
415 101
127 416
178 378
434 427
347 427
137 31
285 362
326 349
73 101
333 392
197 180
413 331
190 98
95 445
53 234
367 20
207 365
307 384
166 292
234 64
142 370
415 427
155 164
199 99
136 403
43 204
134 327
86 323
424 52
192 29
157 430
368 363
346 226
170 64
70 403
447 211
196 285
61 222
448 131
321 7
86 235
210 219
113 167
94 409
218 157
437 247
138 228
161 35
5 331
418 394
157 417
29 225
125 89
446 125
220 190
3 177
424 213
395 89
379 360
49 21
68 357
267 205
136 299
112 12
53 81
406 210
369 434
306 46
394 303
42 165
45 44
341 20
128 160
428 379
391 348
399 11
128 89
87 135
259 198
147 312
151 104
393 71
89 250
116 354
424 29
71 20
73 283
360 200
314 211
130 257
111 400
267 110
360 353
245 171
423 391
354 125
366 170
195 326
419 183
231 266
83 173
286 155
328 69
227 193
279 228
321 261
52 11
243 283
236 39
325 210
301 230
334 90
399 400
415 241
6 69
379 89
114 216
115 441
156 213
57 306
441 378
439 364
388 233
198 175
143 75
256 443
176 141
404 447
413 242
111 290
310 41
378 295
128 365
287 283
129 344
13 441
145 3
228 404
107 426
131 249
372 386
115 99
399 390
97 235
183 208
76 364
120 326
211 248
242 49
82 242
264 414
107 280
288 334
236 394
183 238
66 106
175 52
77 445
441 45
231 175
124 307
411 244
184 173
43 297
93 444
410 229
410 68
60 249
274 167
195 8
404 132
434 131
184 62
447 48
106 230
223 230
408 57
25 15
229 67
311 193
382 144
421 343
84 353
144 357
391 210
236 347
341 221
349 396
154 347
444 260
128 90
361 407
146 257
421 246
195 155
438 128
299 283
23 254
59 38
162 1
247 269
347 11
362 119
279 67
18 146
198 17
235 110
424 252
366 396
369 112
103 230
240 273
64 134
78 442
171 111
315 289
379 213
171 292
204 1
231 221
146 428
109 252
90 404
375 327
352 295
439 326
77 102
22 12
107 419
6 277
81 320
437 331
404 159
47 159
32 277
251 49
256 232
173 217
187 99
96 410
394 406
159 342
379 180
353 37
150 358
185 102
101 173
305 377
203 351
87 234
51 210
155 178
441 327
395 51
297 362
13 242
319 171
7 121
223 360
157 244
141 213
218 242
385 74
170 139
424 128
245 26
209 399
203 73
149 21
124 445
382 8
111 124
50 117
116 144
28 272
388 169
36 29
282 292
102 323
303 397
322 99
422 83
369 48
27 389
389 22
385 194
29 47
318 79
36 433
94 63
129 353
103 36
381 256
200 34
130 54
430 324
24 275
406 264
195 304
204 135
326 140
328 354
59 69
304 94
374 398
28 54
302 131
409 107
258 160
140 388
85 442
263 108
268 92
243 334
267 446
20 144
10 348
50 388
288 225
353 213
46 380
138 220
382 99
326 192
130 337
3 87
330 137
66 22
100 309
355 366
306 247
62 187
18 431
126 305
207 30
390 125
282 79
344 87
49 221
278 179
429 152
265 311
160 202
204 259
62 430
49 240
100 110
426 117
412 424
294 42
325 235
166 158
313 61
245 234
153 394
412 134
98 100
316 129
301 391
388 235
244 436
26 344
417 3
332 380
298 177
421 175
283 11
332 20
71 448
253 96
394 88
101 363
59 416
43 231
230 302
17 25
161 362
368 129
237 252
380 86
300 225
260 7
235 16
26 177
15 150
144 280
237 244
66 167
83 429
397 312
282 286
337 315
199 128
443 435
251 247
393 103
23 76
429 129
91 6
305 426
27 1
129 135
116 195
301 199
47 121
382 200
406 270
66 29
270 381
335 72
179 279
46 73
355 26
201 317
351 377
294 377
249 423
63 365
41 235
435 407
356 368
158 185
62 224
213 331
28 420
274 78
250 192
150 28
217 222
345 440
22 62
240 143
356 303
59 268
89 365
226 316
284 384
53 345
31 137
99 378
108 245
7 230
436 28
257 76
121 25
67 142
87 307
156 314
33 214
134 441
2 231
181 286
38 233
54 68
369 153
445 349
269 323
130 256
350 386
331 22
411 270
36 369
448 191
106 352
277 239
216 278
342 396
435 379
52 41
447 293
65 315
193 333
62 322
12 411
259 214
305 93
35 212
333 354
402 439
129 102
101 345
252 442
164 238
373 216
150 243
60 214
429 252
418 42
125 429
325 255
195 181
220 101
392 104
327 217
414 7
191 387
223 442
380 387
231 176
154 253
290 213
338 143
336 308
184 332
160 380
138 226
112 229
199 375
333 77
144 170
403 334
108 178
199 360
436 301
407 141
105 121
225 443
263 432
302 318
315 333
250 324
111 361
105 309
160 309
257 175
30 211
60 10
260 130
241 247
430 199
259 87
319 355
81 5
338 254
323 76
10 124
400 120
356 56
300 387
364 108
113 265
191 44
274 322
173 386
441 155
137 123
241 327
30 193
332 239
318 78
187 327
73 138
319 428
65 170
367 300
150 31
116 340
395 262
213 119
199 77
273 207
200 385
406 229
1 161
339 318
238 77
69 310
86 387
161 150
108 79
1 257
430 437
20 376
250 105
366 320
181 191
399 380
447 356
32 448
68 243
189 305
191 257
166 277
67 326
298 47
277 299
175 130
159 195
377 280
171 294
151 223
356 421
155 355
328 58
226 395
300 414
123 43
95 160
191 161
358 40
79 58
210 254
187 368
320 115
71 42
280 94
264 188
66 290
414 394
348 191
212 71
156 335
433 122
366 175
155 275
87 233
332 296
38 390
88 357
376 158
270 208
251 406
267 317
247 232
134 18
422 345
409 1
103 393
123 21
440 277
295 78
61 51
373 419
440 332
199 368
42 21
447 292
426 265
32 96
48 165
434 21
382 394
21 36
210 143
56 201
291 223
150 224
145 395
194 136
278 392
375 319
284 373
35 133
189 66
101 236
231 86
256 164
31 149
71 240
163 447
313 6
93 14
229 237
408 422
372 238
237 171
108 393
95 14
77 284
80 177
391 182
134 71
217 164
219 287
276 381
157 140
386 249
153 38
37 113
11 281
350 120
3 329
64 417
343 12
124 294
61 67
27 194
137 243
230 355
401 57
159 430
196 417
230 220
6 139
332 17
419 105
8 293
306 391
261 200
402 257
45 334
323 391
80 331
57 181
109 329
237 267
310 304
235 92
75 241
230 279
129 72
255 136
364 112
398 48
183 351
304 227
237 50
41 188
380 97
240 40
426 28
179 287
203 413
378 149
77 31
299 205
102 106
212 17
217 161
385 272
384 112
50 44
162 91
103 413
59 342
5 36
241 183
323 443