512
544
535 389
266 380
198 410
459 242
501 338
6 108
528 490
424 326
207 470
325 160
217 343
418 160
21 303
55 469
119 416
290 525
133 11
360 330
420 146
27 248
356 449
356 211
394 107
536 472
32 188
503 121
531 376
280 423
7 334
220 541
78 509
393 82
519 80
411 266
225 309
514 452
213 197
119 478
303 526
278 207
170 236
327 156
484 62
450 362
267 125
230 216
89 78
297 479
157 163
73 253
344 458
161 12
110 151
362 284
132 95
490 301
202 272
328 13
205 234
246 472
230 475
143 191
424 440
125 36
474 69
161 273
526 321
157 507
471 390
247 58
356 192
231 429
336 14
314 540
119 15
339 349
362 482
539 241
249 535
149 50
60 309
195 41
501 351
4 427
68 122
356 423
185 458
307 520
472 76
388 462
507 182
266 324
535 132
20 239
123 40
289 182
348 483
94 304
161 513
58 228
90 286
522 275
199 284
122 542
232 509
460 194
19 181
389 9
313 280
120 307
320 408
488 123
218 453
299 250
422 356
349 511
97 326
113 168
65 235
165 168
199 80
361 217
133 205
98 317
485 217
79 132
496 438
254 169
346 8
290 95
236 94
62 204
419 174
371 355
408 536
523 479
71 211
23 75
288 120
391 100
208 341
231 159
234 356
199 452
236 488
2 471
453 479
130 327
109 373
10 388
364 532
194 306
70 89
381 357
208 99
328 288
440 430
446 129
242 517
36 477
332 454
275 241
388 276
23 368
104 32
84 467
435 277
101 377
365 353
61 445
451 389
188 346
274 505
475 387
349 382
191 137
291 465
377 7
69 271
374 172
175 457
511 65
190 67
441 426
419 502
198 197
218 257
543 363
218 345
206 438
182 396
30 345
189 406
351 257
133 52
300 307
509 266
243 26
204 12
323 494
385 521
147 58
233 145
420 322
361 497
216 414
349 245
214 409
523 436
537 527
360 292
161 324
430 275
221 505
286 543
455 126
519 473
55 208
489 347
401 305
299 72
174 519
189 260
383 39
23 375
21 382
123 53
33 424
327 253
384 485
252 166
482 98
94 537
177 454
339 34
214 509
105 260
484 165
391 322
203 285
153 95
539 147
147 27
26 346
152 409
286 275
31 223
372 540
87 5
450 297
38 535
262 14
250 201
51 512
394 253
253 2
348 247
20 366
145 45
39 296
454 324
26 356
419 270
351 377
146 256
130 55
247 263
68 368
463 118
336 184
243 460
186 462
162 205
155 178
122 194
474 31
389 371
258 263
512 64
512 113
192 97
167 310
231 235
133 149
224 340
332 338
127 389
255 288
466 410
338 43
59 267
489 447
509 202
38 477
137 5
45 200
517 84
509 203
190 514
223 413
181 426
207 308
143 333
467 64
70 260
522 128
398 466
447 363
539 356
167 3
232 83
203 76
166 39
278 355
8 372
96 189
125 174
368 267
506 290
202 32
6 179
31 403
516 349
93 382
160 131
385 263
214 459
338 379
497 487
190 377
314 157
21 311
330 260
33 291
5 235
194 426
285 225
157 129
445 249
510 61
380 222
195 465
136 533
299 89
475 360
465 117
516 357
427 301
72 331
464 492
437 113
374 178
209 530
178 110
106 143
42 485
365 236
405 500
96 32
460 443
263 252
15 235
480 313
407 423
515 326
371 408
311 200
457 519
185 90
84 162
104 541
103 468
233 379
296 328
282 83
226 1
335 112
235 142
296 97
21 267
295 391
2 61
462 330
35 518
419 535
135 394
403 109
318 91
360 485
291 97
23 388
513 229
372 75
243 539
44 263
133 338
525 134
398 314
463 304
287 209
166 293
475 25
274 248
531 89
60 149
57 498
537 26
55 236
100 297
230 143
431 363
352 411
368 205
52 159
381 210
239 418
502 169
442 103
288 301
191 347
449 248
173 313
145 227
420 116
395 106
259 281
340 66
19 163
143 486
321 395
151 16
268 524
56 38
83 344
338 273
146 114
392 190
299 408
288 174
524 138
151 110
290 490
175 180
525 189
121 173
39 271
60 307
123 116
344 205
459 9
349 476
538 69
122 292
476 409
338 327
3 488
436 164
306 67
344 286
127 336
458 166
63 518
344 57
89 15
261 3
23 481
350 432
5 471
52 353
336 389
7 210
204 443
373 509
381 44
122 507
380 36
128 314
425 343
370 385
357 502
259 251
438 64
139 315
535 62
539 198
450 1
407 525
443 107
362 151
23 483
114 274
390 113
43 270
456 284
110 268
113 368
519 422
432 529
192 294
46 58
491 367
475 225
347 373
203 164
396 225
519 509
498 364
493 412
90 276
23 71
544 135
439 390
13 198
246 76
363 163
134 309
529 64
405 203
308 63
239 159
160 213
539 529
32 360
269 537
91 291
64 506
426 374
223 310
443 468
385 261
86 518
441 486
453 301
17 89
235 255
247 394
339 114
251 242
473 519
235 435
137 170
397 18
543 75
199 313
415 40
29 372
429 341
186 338
97 202
426 331
456 544
53 250
529 303
491 329
149 53
220 285
222 488
175 92
434 373
276 176
412 304
4 297
100 61
506 68
262 259
271 45
130 323
294 115
497 112
315 517
37 406
257 130
349 431
222 239
132 497
286 543
129 161
167 100
221 544
40 482
258 310
526 260
504 147
374 328
131 16
300 167
422 12
296 226
315 389
336 446
214 78
316 342
238 483
313 331
354 352
268 68
533 122
327 492
268 28
147 270
459 446
436 336
330 188
18 516
448 225
289 117
174 60
330 284
414 99
70 224
322 209
163 183
330 361
2 470
260 149
195 174
50 503
510 251
18 399
222 465
79 510
454 125
442 239
408 183
209 477
406 531
13 440
169 343
128 42
140 387
190 206
433 112
36 398
362 53
124 456
390 74
293 299
198 190
537 61
373 74
409 106
60 422
2 100
92 1
141 103
388 203
180 276
314 216
1 131
140 124
458 529
197 207
155 267
396 20
327 96
93 64
202 24
357 75
539 448
75 7
422 334
209 57
481 394
272 481
397 412
476 310
268 1
516 295
267 240
314 465
335 278
400 408
301 212
354 167
531 301
173 408
90 254
465 443
103 64
379 499
347 183
137 71
183 524
237 321
219 6
241 426
155 97
161 327
180 515
493 167
143 537
446 104
246 366
2 221
302 253
47 104
435 183
46 489
163 282
265 253
159 377
134 313
345 295
95 525
137 459
19 151
452 464
254 25
158 256
245 459
380 164
434 142
346 352
86 380
89 222
89 120
470 94
304 143
260 399
123 268
313 13
418 92
476 128
117 89
255 233
419 506
396 181
103 70
532 60
449 492
153 409
67 78
503 371
92 90
97 214
358 281
98 103
245 30
102 361
534 356
49 409
317 317
461 291
386 448
350 290
395 502
155 334
452 529
32 543
490 544
85 303
152 182
278 396
83 379
84 73
191 5
353 379
321 269
542 162
44 347
451 310
177 477
99 500
333 2
498 279
417 454
453 25
508 186
292 46
21 376
534 83
380 342
333 156
482 330
317 525
5 95
291 181
444 261
136 232
135 505
382 7
287 163
447 250
348 195
295 240
26 157
194 405
370 399
432 308
184 76
160 60
170 322
240 485
455 247
173 45
208 426
467 494
44 370
71 264
436 237
375 461
393 441
193 219
295 496
526 350
27 13
410 68
335 105
9 245
224 53
161 303
478 83
252 394
324 194
529 215
430 359
3 279
255 67
497 421
18 350
227 460
234 92
528 24
68 536
140 163
44 300
465 393
255 44
242 450
237 98
537 123
457 411
401 39
478 225
460 367
446 14
155 135
521 138
31 44
1 170
207 460
342 127
308 52
43 422
501 279
519 365
401 303
232 129
214 165
225 1
403 126
14 13
133 534
22 163
449 22
332 111
481 129
110 117
52 152
538 425
302 384
245 159
15 476
159 228
512 384
228 243
381 241
127 513
230 149
3 134
42 207
117 523
207 98
511 259
121 376
11 422
215 127
452 101
59 67
328 442
322 11
140 158
123 267
543 224
287 1
230 328
79 218
178 286
315 144
416 435
391 426
184 478
8 92
34 482
30 362
380 351
244 391
508 367
529 378
462 271
251 147
471 329
364 104
70 6
120 485
312 510
238 496
443 118
459 477
55 488
166 306
294 409
25 129
103 9
507 21
152 213
167 78
541 403
181 483
408 172
295 176
138 533
543 36
106 457
384 32
400 5
210 149
286 234
277 388
114 239
408 265
323 447
214 192
177 267
130 40
438 424
87 31
284 85
483 261
541 322
165 396
327 374
544 68
63 149
327 176
259 63
313 38
381 526
229 13
248 358
52 142
109 11
172 265
95 526
525 92
304 145
359 502
390 231
441 452
379 223
500 93
157 268
130 537
249 230
5 497
43 473
94 24
483 137
288 449
119 140
412 294
157 227
251 2
457 147
326 291
241 281
255 270
4 257
262 124
486 139
76 529
67 41
424 421
50 39
325 168
178 65
461 206
291 39
208 75
57 405
237 169
141 491
438 16
203 156
139 145
294 87
1 232
543 424
108 48
334 304
87 511
368 3
173 530
457 252
60 513
528 296
138 124
115 31
11 317
186 21
333 351
523 333
38 522
84 145
25 417
321 528
256 16
530 300
2 443
423 477
283 406
229 420
401 343
451 411