512
96
55 69
10 60
70 58
11 82
53 18
70 12
80 42
8 6
47 22
37 96
25 23
66 64
85 15
55 53
23 32
2 45
69 11
8 42
68 82
27 88
68 65
4 19
10 75
24 24
96 28
87 89
51 56
56 7
39 14
28 29
14 29
41 50
39 16
91 74
1 85
66 36
53 37
55 30
15 46
22 79
74 12
71 28
36 30
2 42
11 29
38 88
57 78
41 63
93 35
9 61
88 42
1 44
78 23
42 60
68 63
42 45
42 16
40 45
13 42
54 24
38 91
15 63
40 56
29 36
58 5
65 49
46 65
61 91
87 70
55 58
4 96
71 13
80 14
26 92
23 79
83 61
42 2
27 81
25 23
85 50
28 53
67 73
85 31
68 75
68 90
4 71
57 42
83 40
56 12
4 46
59 86
10 4
55 4
84 79
27 40
33 54
92 3
94 80
1 33
26 68
26 94
10 83
39 92
90 62
72 93
12 34
51 21
5 9
25 56
56 19
96 88
72 91
58 37
43 26
70 68
61 95
65 70
49 72
65 43
37 8
39 48
41 89
37 45
66 29
5 25
47 68
80 86
62 41
26 8
34 63
44 94
62 76
67 14
51 3
56 88
11 63
39 19
23 43
32 88
71 4
80 85
71 63
74 4
71 68
76 8
34 23
69 63
2 39
77 21
10 4
12 20
34 18
6 25
61 37
16 3
8 64
88 46
30 65
50 69
36 29
44 38
19 17
4 84
55 48
8 64
20 19
51 53
5 25
77 33
29 61
35 37
28 26
82 25
91 3
61 94
95 9
35 17
25 7
69 47
54 76
79 73
63 33
30 67
57 74
3 86
6 5
90 1
31 43
26 89
46 54
86 44
62 89
29 86
95 1
37 20
44 19
93 10
19 90
44 44
35 14
1 41
19 90
41 49
36 34
9 49
88 62
93 53
54 89
11 20
57 15
8 4
1 4
78 83
61 89
30 95
7 30
39 89
87 80
9 91
81 17
43 72
78 7
93 4
95 71
87 55
85 94
59 53
65 8
39 29
96 37
28 70
34 34
62 25
81 38
19 66
54 29
41 4
36 5
71 34
75 29
89 31
91 19
83 59
26 90
56 25
30 51
95 63
84 28
55 69
66 41
38 87
70 46
90 9
19 32
10 93
61 2
28 55
84 78
81 13
39 40
38 68
90 4
3 46
31 25
82 96
66 87
87 7
36 48
15 54
80 88
19 12
90 14
66 77
59 18
58 2
58 95
37 19
66 39
32 96
32 17
64 1
7 22
71 43
69 85
64 20
76 50
95 37
63 64
82 26
50 43
27 11
9 63
93 74
70 29
41 5
45 72
69 20
93 43
30 34
95 93
21 42
47 20
47 77
51 32
70 4
42 96
78 50
31 75
91 68
71 3
40 83
75 76
6 39
22 35
72 84
96 93
93 14
80 43
90 34
42 64
38 83
31 19
4 29
61 62
96 3
65 7
86 11
82 91
49 71
30 89
58 93
85 23
10 36
65 3
69 11
34 74
61 65
61 33
61 25
94 61
28 30
35 81
40 21
75 89
91 72
81 21
68 37
43 77
72 75
48 12
53 81
86 18
17 50
18 78
42 15
10 69
45 44
53 84
32 96
44 91
39 92
15 11
96 25
55 39
67 6
51 24
55 40
9 71
89 26
52 2
8 29
71 52
73 91
8 8
58 19
2 1
15 80
11 78
72 65
21 43
39 71
34 93
78 10
67 38
35 87
39 10
83 77
62 59
40 37
35 1
55 4
65 37
52 43
83 91
76 7
5 18
45 38
14 90
47 48
31 49
6 37
27 89
82 88
19 25
92 21
89 18
25 58
23 44
4 9
38 79
79 43
64 27
48 77
84 63
93 82
79 66
22 9
58 71
64 45
95 59
65 88
45 57
17 67
68 84
43 10
67 25
20 34
19 67
79 70
33 43
55 16
12 44
88 38
19 56
82 17
18 18
72 30
43 56
64 14
44 10
87 78
2 10
15 84
45 61
57 45
7 15
28 19
27 20
56 45
75 9
29 60
90 69
90 36
28 57
18 39
67 8
20 36
82 35
24 30
63 48
74 70
63 6
56 57
25 79
5 3
87 1
30 48
69 23
52 65
80 69
71 18
44 91
53 29
93 44
26 59
92 4
32 26
73 55
82 65
37 54
35 91
54 64
43 91
87 62
27 38
34 1
55 45
91 75
42 55
87 67
18 50
38 17
75 14
72 28
78 12
49 16
7 70
80 17
64 38
78 58
75 79
27 1
27 21
43 68
44 33
7 61
82 44
45 28
58 84
23 7
96 71
23 70
45 70
54 76
75 3
38 53
81 64
21 75
52 63
15 95
64 21
27 17
64 40
13 89
27 35
96 90
10 86
31 22
27 84
1 5
86 38
25 38
69 45
81 89
75 95
87 42
83 82
27 18
25 39
11 19
41 74
13 50
63 43
39 57
95 40
61 52
45 53
58 18
1 42
10 75
40 64
85 26
17 15
43 9
21 21
28 61
94 8
79 28
18 21
52 80
60 16
36 9
68 61
90 36
6 67
79 13
2 67
38 19
49 48
91 37
37 86
1 2
93 79
30 15
68 81
62 31
65 65
7 4
29 64
8 34
34 86
46 4
24 51
22 40
67 80
76 7
70 76
8 66
27 5
48 94
54 14
92 22
78 3
89 75
34 96
12 68
53 26
71 76
76 60
83 14
11 62
20 80
10 28
50 4
96 65
65 53
46 60
42 92
30 35
70 64
2 49
3 23
74 41
66 22
68 53
35 78
18 23
62 91
18 79
94 17
47 62
38 61
90 79
56 87
81 29
54 83
45 24
9 23
32 42
12 3
94 14
49 80
4 14
74 21
60 40
6 74
69 43
38 62
25 93
53 74
89 74
60 38
2 36
28 1
77 7
4 43
84 52
26 88
33 3
76 92
10 81
69 79
91 75
44 84
71 64
61 32
42 88
37 11
91 64
11 39
38 78
81 25
1 74
16 33
45 92
92 54
44 33
36 7
11 48
90 49
15 22
48 24
13 84
2 71
19 77
13 56
58 62
81 27
39 64
59 83
27 23
9 71
55 12
45 33
59 38
81 42
27 33
33 7
84 35
77 7
79 57
30 8
22 14
34 29
46 61
79 72
83 87
14 9
3 58
41 29
63 89
70 89
89 7
95 77
9 43
51 55
4 80
62 89
62 96
21 11
28 68
50 78
58 32
86 28
89 94
57 24
54 94
80 15
68 79
91 44
25 13
2 92
92 64
85 57
31 73
35 26
44 53
7 70
84 60
1 44
25 25
67 78
23 51
60 58
1 54
6 89
34 71
53 30
6 41
54 36
17 89
61 29
13 35
2 96
94 2
43 22
27 78
68 17
96 31
42 64
53 47
24 86
86 76
83 91
84 41
31 69
1 59
1 13
62 2
76 59
3 86
49 93
67 84
77 34
18 23
65 38
37 89
92 26
36 78
21 24
86 19
92 86
45 92
66 10
93 45
37 63
35 85
28 69
72 8
71 57
94 39
63 3
95 58
28 35
39 16
58 93
2 53
50 15
16 20
24 76
32 28
42 34
16 37
71 55
45 45
16 10
51 78
12 50
7 8
52 13
87 13
9 57
33 59
71 16
78 62
91 77
90 4
15 9
41 85
32 53
1 15
62 51
92 42
68 66
17 23
78 7
3 87
63 3
49 5
18 94
67 76
42 60
80 56
36 24
12 35
76 12
49 9
31 12
50 66
77 34
57 59
41 27
49 71
30 65
76 15
30 14
59 71
41 42
95 76
33 10
15 76
86 63
84 20
43 6
85 23
39 13
81 47
40 1
86 69
33 33
51 62
46 13
5 86
22 3
33 54
12 47
33 1
78 85
84 24
90 41
14 96
53 95
15 92
63 4
32 96
36 51
29 81
31 33
70 53
3 6
74 79
21 11
47 66
63 35
57 24
43 70
23 63
36 5
59 3
8 58
66 43
12 94
91 43
95 32
63 1
6 40
47 90
18 94
59 80
96 19
71 42
56 62
8 92
66 34
62 74
92 31
84 71
28 79
81 90
78 47
59 83
55 9
76 72
6 6
24 5
88 94
14 48
59 86
11 29
23 72
70 82
6 57
25 1
7 9
91 85
24 53
71 78
61 19
53 35
24 44
7 16
42 21
31 4
10 41
96 96
16 69
50 21
94 74
21 4
50 15
88 73
35 31
22 64
17 43
2 40
86 8
23 31
92 53
3 69
93 2
37 12
71 86
32 68
63 21
39 16
3 95
57 38
93 78
5 13
24 6
52 14
77 43
44 41
95 14
13 92
16 49
71 54
6 71
89 68
91 31
52 93
93 12
34 89
89 6
5 17
11 25
30 56
67 41
96 33
55 76
92 38
93 67
91 2
41 83
38 35
81 89
95 46
4 1
38 60
6 11
76 17
35 73
40 69
82 7
5 40
82 65
77 46
35 39
48 43
89 53
45 41
45 43
86 16
43 28
75 49
38 23
33 40
63 72
12 48
46 80
55 31
48 35
77 50
41 92
92 33
16 40
74 60
51 63
43 93
90 85
13 95
75 45
38 42
84 49
89 33
1 16
32 16
50 76
66 91
39 29
91 54
69 68
81 23
35 27