512
192
151 69
106 156
70 154
107 178
149 18
166 12
80 42
8 102
47 118
133 192
25 119
162 64
181 15
55 53
23 32
98 45
165 11
8 42
164 178
27 184
68 65
4 19
106 75
120 24
192 124
87 89
51 56
152 103
135 14
28 29
110 125
137 146
135 16
187 170
1 85
162 132
149 37
151 126
111 142
22 175
74 108
71 124
36 30
98 42
107 125
134 88
57 78
41 63
93 35
105 157
184 138
97 140
174 119
138 156
68 159
138 141
138 16
136 45
109 42
150 24
38 91
111 159
40 152
29 132
58 5
161 49
142 65
61 187
183 70
151 58
100 96
71 109
176 14
26 92
119 175
179 157
138 98
123 177
121 23
181 50
28 149
163 169
85 31
164 75
164 186
4 71
153 138
179 136
152 12
100 142
59 86
106 4
55 100
180 175
123 40
33 150
188 3
190 80
97 33
26 68
26 94
10 179
39 188
186 62
72 93
12 130
51 117
5 105
25 56
152 19
96 184
168 91
58 37
43 26
70 68
157 95
161 166
145 72
161 139
133 104
39 144
41 89
133 45
66 29
101 25
47 68
80 86
158 137
122 8
34 63
140 190
158 172
163 110
51 3
56 184
107 159
135 19
119 139
128 184
167 100
80 85
167 159
170 4
167 164
76 8
34 23
69 63
2 39
173 117
106 100
108 20
130 114
102 121
61 37
112 99
8 64
184 46
30 161
50 69
132 125
140 38
19 17
100 84
55 144
8 160
116 115
51 53
101 25
173 33
125 157
131 133
28 122
178 121
91 99
61 94
95 9
131 113
25 103
69 143
54 76
175 169
63 33
30 163
57 74
3 182
102 5
186 1
127 43
122 89
142 54
182 44
62 185
29 86
95 97
37 20
44 19
189 106
115 90
140 44
35 14
97 137
19 90
137 145
132 130
105 145
184 158
189 53
150 89
11 116
57 111
8 100
1 4
78 179
157 89
30 191
103 126
135 185
87 80
9 91
81 113
43 72
78 103
189 100
191 71
87 55
181 94
155 53
161 104
39 125
192 133
124 166
130 130
158 25
81 38
115 162
150 29
41 100
132 101
71 130
171 29
185 31
187 19
83 155
122 186
152 121
126 147
95 63
84 124
151 165
162 137
134 183
166 46
90 105
19 32
106 189
61 98
28 55
180 174
81 109
39 40
38 164
186 4
99 142
127 121
178 96
66 183
87 103
36 48
15 54
80 184
115 12
90 14
66 77
59 18
58 98
58 95
133 115
162 39
128 96
32 113
64 97
103 22
71 139
69 85
64 20
76 50
95 37
63 160
178 122
50 43
27 107
9 159
93 170
70 29
137 101
141 72
69 116
93 139
126 34
95 189
117 42
47 20
143 173
51 128
166 100
42 192
78 50
31 171
91 164
71 99
136 83
171 76
6 135
22 131
168 180
192 93
93 110
176 43
90 34
42 64
134 83
127 19
4 29
61 158
192 3
65 7
86 107
82 91
49 167
30 89
154 93
181 119
10 36
161 99
69 11
34 74
157 161
157 33
61 25
190 61
28 126
131 177
40 21
75 89
187 168
177 21
68 37
139 77
72 171
48 12
53 81
86 18
113 50
114 174
138 111
106 165
45 44
149 84
128 96
44 187
135 92
15 11
192 25
151 135
67 6
147 120
151 40
9 71
89 122
52 98
104 29
71 148
73 91
104 8
58 19
2 1
111 80
11 174
168 161
117 43
39 71
34 189
174 106
67 134
35 183
39 10
83 173
158 155
136 133
35 1
151 100
65 133
52 139
179 91
172 103
5 18
45 38
14 90
143 144
31 49
6 133
123 89
178 88
115 121
92 21
185 114
121 58
119 44
4 105
134 175
79 139
64 123
48 77
84 63
93 178
175 162
118 105
58 167
64 45
95 155
65 88
141 57
17 67
164 84
43 106
67 121
116 130
115 163
79 70
33 43
55 16
12 44
184 134
19 56
178 113
18 114
72 30
43 152
160 14
44 10
183 174
2 106
111 180
141 61
57 45
103 111
124 115
27 116
56 45
171 105
29 60
90 165
90 132
124 57
18 39
67 8
20 132
178 131
120 126
63 48
170 166
159 102
152 57
25 79
101 3
183 1
126 144
165 23
148 161
80 165
71 18
44 91
149 29
93 140
26 155
188 4
128 26
169 151
82 65
37 54
131 91
54 64
43 91
87 62
123 38
34 1
55 141
91 75
42 55
87 67
18 146
134 17
171 110
168 124
174 12
49 112
103 166
176 17
64 134
78 58
171 175
123 97
123 21
43 164
140 129
103 157
82 44
45 124
154 84
119 7
96 167
119 70
141 166
150 76
171 99
134 149
81 64
117 75
148 159
111 95
160 21
123 113
64 40
109 89
123 35
96 90
10 86
31 22
123 180
97 101
86 38
121 38
165 45
177 185
75 95
87 42
179 82
27 114
121 135
11 115
41 170
13 50
63 43
135 57
95 40
157 52
141 149
154 114
1 138
106 75
40 64
181 26
17 15
139 9
21 21
124 61
190 8
175 124
114 117
52 80
156 16
132 105
164 157
90 36
102 67
175 13
2 163
38 19
49 48
91 133
133 86
1 2
93 175
126 15
164 177
158 127
65 161
103 100
125 64
8 34
130 182
46 4
24 147
22 136
67 176
76 7
70 76
8 162
123 5
48 94
54 14
92 118
174 3
89 171
130 96
12 68
149 122
71 172
76 156
179 14
11 62
20 80
10 28
50 4
96 161
161 149
46 60
138 92
126 35
70 64
2 145
3 23
74 137
66 22
164 53
35 174
114 119
62 187
18 175
190 113
143 158
134 61
90 79
152 87
177 29
150 179
45 24
9 119
32 138
12 3
190 110
49 176
100 110
170 117
156 40
102 170
69 43
38 158
121 189
53 170
89 74
156 134
98 36
124 1
173 7
4 43
180 52
26 88
33 3
76 188
106 177
165 175
91 75
140 84
71 64
61 32
138 88
37 107
187 160
107 39
38 174
81 25
97 170
112 129
45 188
188 150
44 33
132 7
107 144
90 49
15 22
144 24
109 180
2 167
19 173
13 56
154 158
81 123
135 64
59 179
123 119
9 167
151 12
45 129
155 134
177 42
27 129
129 7
180 131
173 7
175 57
126 8
22 14
130 29
142 61
79 72
179 87
110 9
99 154
137 125
159 185
166 185
185 103
191 173
105 43
51 151
100 176
158 185
62 96
21 11
28 164
146 78
58 128
86 28
89 94
153 120
150 190
176 15
164 175
187 140
25 109
98 188
92 64
181 153
31 73
35 122
44 53
7 166
180 156
1 140
121 25
67 78
23 51
156 58
97 150
6 185
130 167
53 30
102 41
54 132
113 89
61 29
13 131
2 192
94 2
139 22
27 78
164 113
192 127
42 160
149 47
24 86
86 76
179 187
180 41
127 165
1 59
1 13
62 2
76 155
3 86
49 93
163 84
77 34
18 119
65 38
37 89
188 122
36 174
117 24
86 115
188 86
45 188
162 106
189 45
133 63
131 181
28 165
72 104
71 153
94 135
63 3
95 58
124 131
39 112
154 189
98 149
146 15
16 116
120 76
32 124
138 34
112 37
71 55
141 141
16 106
147 78
108 50
7 104
52 109
87 13
105 57
33 59
71 112
174 62
187 77
186 4
111 105
41 181
32 53
1 111
158 147
188 138
68 66
113 119
174 7
3 87
63 99
145 5
18 190
67 76
138 60
80 56
36 120
108 131
172 108
49 9
127 108
146 66
173 130
57 155
137 123
49 71
30 65
76 111
126 14
59 71
137 138
191 172
129 106
111 172
86 159
180 20
139 6
85 119
135 13
81 143
136 1
86 165
129 33
147 62
46 13
5 182
22 3
33 150
108 143
129 1
174 181
84 120
186 41
110 192
53 191
15 188
63 100
32 192
132 51
125 177
127 129
166 149
3 6
170 175
21 107
47 66
159 131
57 24
43 166
23 159
36 101
155 99
8 58
162 139
108 94
187 43
95 32
63 97
102 40
143 186
18 190
59 176
192 115
71 42
152 158
8 188
66 34
158 74
92 127
84 71
28 79
177 186
174 47
155 83
151 105
76 168
102 6
24 101
184 94
14 144
59 86
11 125
119 168
70 82
102 153
25 1
103 9
187 85
120 149
167 78
61 115
53 35
120 140
7 112
42 21
127 100
106 137
96 96
112 165
50 21
190 74
21 100
146 15
184 73
35 31
22 160
17 139
2 136
86 8
119 127
92 53
99 69
189 2
37 108
167 86
128 164
159 21
135 112
99 191
57 134
93 78
101 109
24 102
52 110
173 43
44 137
95 14
13 92
16 49
71 54
6 71
89 164
91 31
148 189
93 12
130 185
89 102
101 113
11 25
30 56
67 137
192 33
151 76
188 38
189 67
91 2
137 179
38 35
81 185
95 46
4 97
38 156
6 11
76 17
35 169
136 165
178 7
5 136
82 65
173 142
131 135
144 139
185 53
45 137
45 139
182 112
43 28
75 49
38 23
129 136
63 72
108 48
142 176
55 31
48 35
173 50
41 188
188 33
112 40
170 156
51 159
139 93
186 85
13 95
171 141
38 42
84 145
89 33
1 16
128 112
50 172
162 91
39 29
187 150
69 164
177 119
131 123