8
1024
497 269
369 987
244 646
183 25
311 613
80 617
503 415
835 997
506 65
731 602
127 581
434 879
99 182
866 409
686 12
830 158
281 175
120 524
820 302
548 106
915 627
723 393
18 533
366 523
598 72
101 724
652 534
579 750
715 420
134 376
432 964
534 712
114 653
211 933
955 759
14 845
361 736
213 378
245 578
901 842
649 1001
541 277
510 95
2 200
515 136
576 946
75 85
633 188
737 843
96 667
577 109
487 938
845 700
291 65
253 167
906 902
143 422
154 652
517 155
852 7
290 403
952 364
487 560
551 199
378 646
866 955
755 328
868 575
3 134
639 256
301 520
133 443
941 286
71 433
440 922
439 730
300 366
69 786
925 620
984 279
241 825
209 995
129 52
545 131
185 159
386 485
678 518
928 595
803 998
3 219
895 442
948 170
807 1016
955 708
611 914
986 852
715 170
822 843
221 343
973 405
501 335
890 155
852 793
749 631
766 751
849 636
168 772
805 975
763 735
658 350
624 619
177 314
788 998
132 1008
316 81
388 817
415 253
971 242
21 695
872 786
421 696
397 589
443 177
539 182
911 172
531 511
790 707
824 553
680 956
536 996
12 923
788 426
152 734
667 172
404 515
958 824
186 330
388 629
507 926
810 393
73 316
903 862
1022 703
390 677
634 925
648 645
824 411
46 975
120 712
122 523
202 55
323 388
385 710
1016 891
612 801
259 684
92 138
522 89
840 911
765 449
812 389
69 611
799 114
561 919
825 682
417 3
737 739
390 97
425 381
987 12
157 221
695 248
358 192
336 173
79 76
621 890
464 689
476 239
802 12
133 603
693 549
605 405
264 994
501 688
350 463
699 506
684 369
753 17
561 64
190 639
139 810
504 603
475 979
841 252
990 973
854 658
497 434
39 760
403 539
423 752
1002 97
233 661
466 985
677 2
24 866
640 163
652 119
765 102
73 581
353 38
529 183
695 1
616 733
761 1019
248 159
746 225
256 979
885 721
939 537
722 963
379 337
101 6
455 865
107 527
421 459
564 949
641 234
949 233
967 685
227 190
844 972
414 75
926 274
795 841
810 492
779 164
828 879
169 258
719 275
784 115
734 323
39 350
556 987
582 498
648 808
687 467
756 76
541 657
349 311
473 135
802 227
298 605
81 467
862 799
741 621
913 450
943 951
800 474
914 357
972 537
141 634
1003 896
710 519
528 34
829 1001
168 606
203 466
186 284
932 23
58 648
643 971
74 561
897 873
10 786
205 981
298 345
591 276
216 276
794 744
309 598
720 477
179 922
942 364
181 849
386 239
472 4
185 545
564 57
393 574
843 598
530 116
942 96
392 134
371 161
877 680
759 572
132 937
469 49
277 650
897 662
888 344
666 48
889 205
104 257
778 946
854 284
38 772
379 429
905 750
589 757
405 323
304 536
236 772
584 512
397 456
149 260
799 814
307 663
1019 411
920 772
332 749
31 369
496 410
797 376
135 362
108 539
684 411
50 919
159 633
406 555
64 555
815 862
344 97
501 338
507 396
86 839
120 116
183 616
525 980
991 659
317 75
173 1000
485 222
895 643
854 276
174 917
830 988
755 150
60 231
487 567
626 572
381 745
688 563
336 188
518 303
847 834
377 1019
810 861
217 680
480 46
955 653
963 761
616 693
910 675
923 372
217 524
944 597
244 607
136 580
794 653
882 616
463 234
611 248
70 827
927 549
872 857
177 810
593 792
478 478
443 376
850 659
899 769
232 119
351 367
698 120
1019 555
736 457
788 322
704 857
124 606
382 995
439 558
781 7
326 234
485 768
610 310
402 484
54 633
602 404
999 275
523 994
829 234
426 592
555 106
425 678
711 806
649 125
339 405
132 664
638 616
407 223
925 809
707 978
417 284
357 392
559 879
361 363
89 786
955 643
891 355
297 578
136 945
702 474
325 833
114 962
424 520
161 324
304 867
277 721
126 633
88 684
488 448
23 576
209 977
194 76
307 490
653 442
410 330
915 734
139 4
672 562
524 832
886 827
674 138
523 799
771 610
459 234
33 481
809 242
433 1002
317 739
468 969
156 877
274 46
587 412
50 234
974 573
41 835
375 714
972 898
488 718
483 946
951 516
402 735
757 834
713 49
548 156
1017 703
8 266
749 594
678 798
827 627
346 867
437 720
556 384
593 20
78 52
965 4
567 343
739 299
152 427
347 700
582 339
378 589
604 102
159 257
899 985
883 220
828 295
940 359
679 508
378 756
559 319
759 101
661 473
399 812
899 745
487 456
59 865
21 663
966 179
919 841
139 778
36 966
48 975
301 726
459 678
457 1017
996 192
94 632
664 492
420 539
213 906
994 271
746 1014
933 688
168 828
504 307
581 539
248 628
490 548
330 948
202 786
940 173
977 9
805 617
501 200
131 713
81 100
983 827
90 892
490 257
695 993
563 251
507 811
878 996
334 183
919 535
969 835
708 921
843 488
513 319
687 643
7 767
743 990
569 832
857 34
64 527
2 627
777 509
413 630
480 746
813 375
257 757
185 964
653 3
427 142
322 89
784 328
855 502
293 400
309 125
433 373
651 435
999 403
943 387
9 398
108 821
772 364
553 956
303 181
959 729
322 256
817 82
583 648
583 876
23 892
1000 455
240 627
889 214
5 807
600 13
181 707
833 952
47 361
884 349
542 818
54 863
49 870
944 631
493 503
482 515
370 458
970 609
60 834
822 64
617 397
77 797
79 909
724 125
246 583
474 787
376 527
625 424
372 545
31 865
23 512
355 392
969 300
1000 4
110 797
68 726
169 144
498 247
28 197
372 273
780 845
35 131
347 660
555 718
180 585
558 202
72 913
593 17
188 568
20 297
340 87
1022 508
230 495
754 258
692 101
530 447
945 565
577 267
200 107
985 379
691 518
580 763
406 148
779 594
715 798
890 30
885 888
537 90
358 266
347 25
367 877
471 287
417 24
554 616
130 514
994 821
7 549
559 413
696 313
1006 386
86 871
415 970
734 951
36 68
192 382
92 558
234 563
845 650
586 374
241 715
887 210
511 893
758 45
281 429
357 262
814 443
109 204
388 842
130 423
909 322
805 1001
879 14
539 699
664 100
48 904
814 934
90 301
803 847
345 59
252 702
321 41
120 429
245 507
246 374
930 131
695 710
107 550
723 645
224 362
744 272
242 533
181 331
833 983
153 154
18 404
855 338
445 974
766 689
456 1011
38 361
117 733
46 223
258 769
867 481
106 586
752 347
95 933
677 927
891 830
56 908
209 910
221 653
859 986
317 291
973 355
651 65
63 697
288 320
441 130
800 546
716 528
893 810
436 545
712 302
350 768
186 559
653 406
187 488
368 504
778 316
858 404
380 920
76 667
215 516
797 1014
38 488
517 930
273 952
450 984
230 800
727 415
334 356
820 520
843 163
1023 596
478 856
999 858
751 51
500 965
566 272
955 603
759 447
508 7
375 958
991 604
733 693
1018 42
24 813
561 866
976 560
437 429
391 412
262 118
462 762
58 3
9 1012
606 768
435 89
774 809
22 740
388 754
409 381
795 432
169 332
274 120
891 710
549 257
97 810
374 558
547 432
561 556
419 142
299 853
230 48
637 252
788 1024
1005 172
380 776
603 549
83 876
668 973
562 192
205 658
1002 579
192 524
1010 752
55 404
893 353
233 98
401 869
349 164
869 330
335 224
81 937
772 163
789 416
111 326
607 315
983 584
893 150
84 878
901 138
258 769
491 490
867 891
334 191
30 178
520 364
402 600
276 149
762 40
564 872
365 147
163 324
730 31
473 813
909 350
951 142
94 417
631 960
283 964
127 312
118 646
675 519
222 950
667 983
990 207
831 330
353 993
653 58
1023 102
871 907
451 797
24 544
189 654
480 471
594 606
782 711
227 432
205 448
357 871
407 322
53 213
652 405
181 280
463 179
381 309
62 831
81 85
351 269
739 830
739 308
411 496
1018 637
927 198
61 259
44 467
581 97
679 208
501 859
487 963
13 868
247 74
674 327
159 1024
595 897
829 309
180 215
804 173
852 706
370 912
965 413
354 521
509 8
728 1010
866 190
948 878
33 171
952 707
497 86
706 68
982 511
376 137
725 156
309 552
861 678
439 801
66 792
297 575
799 1024
560 640
190 483
494 222
653 421
928 126
506 610
193 463
96 568
599 820
723 907
348 560
560 786
336 625
554 633
175 328
632 734
968 821
193 437
19 845
857 946
970 338
531 138
800 626
706 374
422 404
256 769
963 815
530 275
415 59
907 590
387 514
299 330
311 491
766 329
312 598
250 257
935 781
395 710
382 76
59 803
479 314
547 418
104 53
692 518
111 574
83 497
63 382
826 373
872 567
701 159
140 951
416 50
707 810
759 64
885 817
867 339
106 389
756 209
441 423
727 552
996 809
24 35
166 850
407 14
392 84
172 532
10 587
581 716
372 316
779 232
108 621
571 214
1010 302
422 426
725 124
977 696
933 1001
730 74
826 113
87 193
196 259
724 205
845 281
920 193
596 674
424 703
271 994
916 256
272 314
681 996
437 634
667 345
610 373
419 411
485 505
603 680
763 303
884 584
583 779
776 154
428 175
856 698
145 748
953 416
37 610
387 473
219 29
818 828
401 212
214 885
716 816
540 455
94 399
14 676
153 789
829 581
963 661
254 83