8
128
113 13
113 91
116 6
55 25
55 101
80 105
119 31
67 101
122 65
91 90
127 69
50 111
99 54
98 25
46 12
62 30
25 47
120 12
52 46
36 106
19 115
83 9
18 21
110 11
86 72
101 84
12 22
67 110
75 36
6 120
48 68
22 72
114 13
83 37
59 119
14 77
105 96
85 122
117 66
5 74
9 105
29 21
126 95
2 72
3 8
64 50
75 85
121 60
97 75
96 27
65 109
103 42
77 60
35 65
125 39
10 6
15 38
26 12
5 27
84 7
34 19
56 108
103 48
39 71
122 6
98 59
115 72
100 63
3 6
127 128
45 8
5 59
45 30
71 49
56 26
55 90
44 110
69 18
29 108
88 23
113 57
81 99
1 52
33 3
57 31
2 101
38 6
32 83
35 102
3 91
127 58
52 42
39 120
59 68
99 18
90 84
75 42
54 75
93 87
77 21
117 79
122 27
84 25
109 119
126 111
81 124
40 4
37 79
123 95
18 94
112 107
49 58
20 102
4 112
60 81
4 49
31 125
75 114
21 55
104 18
37 56
13 77
59 49
27 54
15 44
19 127
22 67
56 41
40 60
24 100
12 27
20 42
24 94
27 44
20 3
62 56
58 74
4 117
123 30
42 9
73 60
7 94
126 63
6 37
122 29
8 5
56 27
46 79
120 72
122 11
74 55
67 4
1 70
120 123
100 33
3 44
92 10
10 89
72 15
125 65
44 5
69 99
31 114
49 23
57 42
33 3
97 99
6 97
41 125
91 12
29 93
55 120
102 64
80 45
79 76
109 122
80 49
92 111
34 12
5 91
53 37
93 21
8 98
117 48
94 79
59 122
44 113
113 17
49 64
62 127
11 42
120 91
91 83
73 124
94 77
86 18
113 50
39 120
19 27
39 112
106 97
105 21
82 89
37 2
24 98
128 35
12 119
125 102
73 69
97 38
17 55
55 1
104 93
121 123
120 31
106 97
128 83
117 81
43 25
82 67
123 81
101 6
71 97
107 15
37 75
52 53
1 106
53 105
71 45
99 62
76 76
30 75
30 18
27 73
42 108
11 36
60 111
41 2
79 19
16 115
94 67
39 94
44 91
70 114
8 40
47 83
116 76
29 17
93 55
89 7
34 99
42 93
81 83
94 31
101 109
17 66
47 55
32 90
18 101
76 25
13 122
107 128
70 7
16 34
61 105
40 94
75 82
58 28
36 23
58 8
3 75
74 49
1 105
10 18
77 85
42 89
79 20
88 20
26 104
53 86
80 93
51 26
46 108
53 81
2 111
88 4
57 33
52 57
9 62
75 86
18 116
46 96
8 6
115 33
109 40
119 60
4 41
85 49
21 10
1 22
120 88
26 48
121 77
104 1
10 50
86 28
38 4
123 45
9 110
77 117
21 67
48 24
108 4
72 128
13 72
21 4
31 46
51 23
123 27
24 4
76 109
31 113
112 26
29 120
7 106
108 27
44 27
50 23
31 121
22 43
64 43
47 94
88 97
117 82
123 12
86 71
120 116
55 104
13 84
95 19
61 75
45 104
101 94
127 3
86 20
46 21
62 92
115 22
60 103
103 55
114 60
125 105
48 51
80 60
6 47
79 66
121 123
42 93
89 40
96 46
59 13
67 121
104 53
14 35
27 116
89 12
48 85
116 95
8 68
26 13
114 104
79 106
99 120
70 59
31 37
104 89
49 42
81 24
94 94
59 120
82 19
3 1
104 119
95 111
58 120
123 43
96 73
20 66
64 89
124 94
126 99
55 46
13 7
70 106
101 128
98 54
18 100
54 121
90 20
103 19
11 98
61 106
42 80
43 106
41 38
71 38
9 125
83 21
4 24
126 104
23 95
29 41
67 82
33 28
101 8
47 111
105 107
89 18
59 3
123 99
41 66
8 49
62 90
69 65
114 66
40 8
33 68
48 99
21 81
126 121
88 44
104 64
23 64
81 81
66 76
51 106
13 58
26 74
19 94
11 4
32 50
12 64
118 59
34 10
11 31
3 98
75 106
33 97
41 114
49 106
61 99
84 73
28 109
18 46
75 28
50 106
78 61
41 67
119 74
76 2
104 78
99 50
55 4
18 95
117 66
73 49
36 28
121 63
8 10
109 82
38 30
59 115
90 99
53 80
44 128
81 20
78 52
69 4
55 87
99 43
24 43
91 60
70 83
122 77
92 102
31 1
3 89
115 92
60 39
44 103
39 124
122 116
47 63
119 101
21 89
15 44
3 105
103 72
59 97
21 23
70 51
23 73
11 10
36 70
48 79
45 86
75 38
73 121
100 64
94 120
24 108
36 27
85 10
98 15
106 118
37 48
40 60
120 51
69 27
120 116
106 36
74 52
74 18
44 45
81 9
37 105
117 72
3 73
81 100
87 59
90 124
106 1
55 97
51 123
123 43
110 100
78 55
23 23
73 67
68 25
75 104
1 63
47 3
7 127
103 94
57 64
89 34
64 15
2 115
9 125
29 118
96 106
45 119
1 117
57 68
13 3
43 14
66 89
16 72
87 118
37 16
53 125
49 117
11 51
103 19
47 3
9 14
108 53
4 108
41 60
47 53
63 89
66 128
49 82
71 8
71 108
23 124
104 71
112 115
121 86
5 39
88 13
53 67
65 56
47 105
116 93
30 50
54 95
49 102
48 119
109 119
98 3
114 74
74 97
60 66
54 64
105 13
77 29
79 13
84 125
118 71
90 19
120 15
113 40
116 33
31 97
23 128
99 8
73 44
104 4
110 29
68 86
41 16
114 119
28 69
116 17
12 77
35 3
91 20
43 78
52 73
46 74
72 17
81 17
60 56
20 41
84 87
126 124
102 111
114 2
52 101
18 63
49 53
65 11
72 107
89 123
51 6
68 123
22 20
11 82
75 30
122 30
117 120
25 90
102 10
91 25
111 109
87 31
33 24
42 104
2 2
98 53
7 37
47 29
56 57
110 2
86 103
31 74
94 55
36 68
64 126
92 46
106 51
77 10
74 118
113 75
119 82
127 125
118 45
25 45
101 6
46 59
109 76
4 74
2 39
13 66
37 105
111 14
27 59
24 100
48 8
46 38
90 45
35 79
89 59
124 62
65 41
120 45
117 123
118 118
34 3
55 70
107 38
83 5
96 106
104 16
114 21
53 75
65 87
25 26
18 20
87 82
61 78
126 49
72 115
38 105
117 93
46 95
2 1
99 97
106 74
112 91
95 37
37 31
123 62
56 12
81 14
93 13
91 90
61 35
77 99
11 65
63 57
32 64
57 2
32 34
76 16
125 42
52 33
72 46
94 128
58 47
13 22
59 104
112 120
10 60
90 20
124 24
76 27
87 4
29 118
38 104
5 34
17 56
66 88
102 32
87 31
78 100
52 8
75 35
127 84
94 88
103 90
111 51
116 69
54 16
59 91
119 63
124 7
119 62
95 92
93 53
122 42
24 45
49 98
80 48
53 45
7 28
6 118
78 122
58 3
9 116
94 128
51 89
6 41
22 100
4 114
25 125
27 48
41 76
18 120
123 70
37 1
97 42
118 46
35 48
49 44
35 14
43 85
102 48
125 124
20 128
109 44
124 8
91 37
83 108
28 77
50 64
77 18
106 67
64 12
114 112
55 20
125 97
105 98
17 101
93 36
101 74
79 96
81 41
4 35
21 32
111 70
95 59
87 72
125 22
84 110
5 10
2 1
107 106
99 123
78 63
30 50
8 108
18 88
20 21
122 40
52 104
109 19
35 68
90 31
89 45
13 94
55 14
94 33
119 64
27 68
127 56
118 6
35 7
94 54
27 87
94 79
63 74
97 97
13 58
127 102
103 11
67 29
24 32
61 14
96 87
82 94
14 71
99 48
77 64
101 103
23 66
53 85
12 21
53 24
79 51
125 53
62 63
81 85
95 13
99 62
99 52
27 112
122 125
31 70
61 3
44 83
69 97
39 80
117 91
103 67
13 100
119 74
34 71
31 128
83 1
61 53
52 87
36 45
84 66
114 16
69 29
98 9
125 8
88 114
98 62
52 110
33 43
56 67
113 86
66 68
86 127
120 9
85 28
53 40
93 38
55 33
66 24
41 63
31 128
48 128
62 99
110 94
13 37
32 126
122 98
65 79
96 56
87 52
83 11
92 48
48 18
80 113
42 121
47 72
120 94
72 53
65 53
19 77
89 50
74 82
19 10
32 114
66 118
38 20
128 1
67 47
18 19
31 59
11 78
3 2
43 74
55 107
126 73
56 86
122 1
39 13
11 70
126 76
59 35
95 58
35 34
104 53
52 6
111 62
83 113
63 126
58 117
104 55
61 31
12 55
32 50
67 42
119 64
117 49
99 83
106 5
116 81
57 39
87 40
100 41
24 35
38 82
23 14
8 84
44 20
10 75
69 76
116 60
11 104
108 109
59 86
114 46
38 42
85 124
81 56
37 105
90 74
58 113
87 65
68 3
84 77
77 25
24 65
84 34
40 63
15 98
20 128
16 58
41 100
53 122
27 89
98 117
35 27
101 121
91 40
123 47
116 72
71 11
8 26
44 47
88 58
17 108
57 32
37 98
3 89
91 29
50 60
17 84
86 117
76 48
28 71
94 15
14 36
25 21
61 69
67 21
126 83