8
192
113 141
113 91
180 70
119 153
119 101
16 169
119 159
131 37
122 1
91 26
191 133
114 47
163 118
98 25
110 12
62 94
25 175
184 12
52 174
36 42
147 115
19 73
82 149
174 75
150 136
101 20
76 22
67 110
139 36
134 120
112 4
22 136
50 77
19 165
59 55
14 13
41 32
85 122
53 130
69 74
73 169
93 21
62 31
130 72
67 136
192 178
11 85
185 60
33 11
96 91
129 109
167 170
13 60
163 129
61 39
10 134
79 102
154 140
133 155
84 71
162 147
56 172
103 112
103 135
122 70
34 59
179 8
100 63
131 134
191 192
173 72
5 123
173 30
135 177
56 26
55 26
172 174
69 82
93 172
24 87
113 121
17 99
1 116
33 131
57 95
2 101
166 6
32 19
99 38
67 155
63 186
180 106
39 56
59 132
99 146
90 20
139 106
182 139
93 87
141 149
181 143
122 27
20 153
45 119
62 175
145 124
168 132
101 15
59 31
18 30
176 107
113 122
20 166
132 112
124 81
132 113
31 61
11 114
85 119
104 146
101 56
141 77
187 113
155 118
143 172
19 191
150 131
184 41
168 124
24 100
12 155
84 106
88 94
27 44
20 131
62 184
186 74
132 53
187 94
42 9
137 60
7 94
62 191
6 37
122 29
8 5
56 91
174 15
56 8
58 139
10 183
131 68
65 134
120 123
36 33
131 44
92 138
10 153
8 15
61 1
108 69
5 163
31 178
49 87
57 106
33 131
161 35
6 97
169 189
27 76
29 29
183 184
38 192
16 45
79 76
45 186
16 113
28 47
162 76
5 27
53 101
29 21
136 34
117 176
94 15
59 186
44 113
177 81
113 192
190 191
139 42
56 155
27 83
73 188
158 77
86 82
49 114
103 184
19 91
39 176
170 161
169 85
82 153
165 2
24 34
64 163
140 183
189 166
73 69
33 102
17 119
55 65
104 157
121 187
120 159
170 97
128 147
181 17
171 25
82 3
123 17
165 70
7 161
43 143
101 139
116 117
129 170
181 41
7 109
99 126
140 140
94 75
94 146
155 137
42 44
139 164
60 175
41 130
15 147
80 179
94 67
103 30
44 155
134 50
136 40
47 83
180 140
29 145
157 183
89 7
34 99
42 157
145 83
158 159
101 45
145 2
111 119
32 26
146 37
76 89
77 186
43 128
6 71
80 162
125 41
40 30
11 82
58 156
36 23
122 8
67 139
10 49
129 105
138 82
141 85
42 89
79 148
88 84
26 40
117 22
80 29
51 90
174 108
53 17
130 47
88 68
57 97
180 185
73 126
139 86
18 180
174 160
136 70
115 33
109 40
119 60
68 169
149 49
149 74
129 86
184 24
26 48
185 13
104 65
10 114
150 92
102 4
59 109
73 174
13 53
85 3
112 152
172 132
72 128
77 72
85 132
159 110
179 151
187 155
88 4
76 109
159 49
112 26
29 56
7 106
172 91
108 155
114 151
159 57
150 43
128 43
175 158
24 33
117 82
59 76
150 135
184 116
55 168
141 84
95 19
61 75
173 168
37 94
191 3
22 148
110 21
62 156
179 86
188 167
167 119
50 124
61 105
112 179
144 60
134 47
143 2
121 123
42 29
89 40
96 110
187 77
131 57
40 117
14 99
91 52
25 12
48 149
116 159
136 68
26 141
178 168
143 170
163 184
6 59
95 165
168 153
49 170
17 152
158 94
59 120
146 147
131 1
104 119
159 111
58 56
59 43
32 73
84 2
128 89
124 30
126 163
183 174
141 71
6 170
165 64
98 118
82 100
182 57
26 148
167 147
11 98
61 106
170 144
171 106
105 102
7 38
73 189
83 85
132 88
62 104
23 159
93 105
131 82
161 156
37 8
175 111
105 43
25 146
59 3
123 163
105 130
72 49
190 154
133 129
114 2
104 136
33 4
112 163
149 145
190 57
152 172
168 128
87 64
145 145
130 140
179 106
77 58
154 138
83 94
139 4
160 50
12 64
118 187
34 74
139 95
131 162
75 170
161 33
41 178
49 170
125 35
148 73
92 109
18 174
75 156
50 106
78 61
169 3
55 10
76 66
104 78
35 50
55 68
146 159
53 2
9 177
36 156
57 191
136 138
173 18
102 30
123 51
154 99
53 16
172 192
145 148
78 180
69 4
55 23
163 171
88 171
155 124
134 83
186 77
28 38
159 1
67 153
51 92
124 167
172 103
167 124
122 52
111 63
55 37
149 89
15 44
67 41
39 72
123 33
21 23
70 179
87 9
139 138
100 70
112 79
45 150
75 38
73 57
100 192
94 56
88 172
100 27
85 138
98 79
42 182
101 112
40 188
120 51
5 91
120 180
42 36
138 116
74 82
172 45
81 137
165 41
181 72
67 73
81 36
151 187
26 124
106 65
183 97
115 187
187 107
46 36
14 55
151 151
137 3
4 89
139 168
129 127
111 67
71 63
103 30
57 192
25 34
128 15
130 51
73 189
29 118
96 106
173 119
65 181
121 132
77 131
171 78
66 153
144 136
87 54
37 144
53 61
49 53
139 51
167 19
47 3
137 142
172 181
68 44
41 60
47 181
191 89
66 128
49 18
135 136
135 172
151 60
104 71
112 51
121 86
133 167
152 77
181 131
129 120
47 169
180 93
30 178
182 95
177 102
176 119
109 119
162 67
50 138
138 161
188 66
118 128
105 141
77 157
79 77
84 125
118 71
90 147
120 143
113 104
116 97
95 33
87 64
163 8
9 172
40 68
46 157
68 22
105 16
178 55
92 69
52 17
12 13
35 131
27 148
107 142
116 9
174 74
136 17
81 145
188 120
20 105
148 151
126 60
166 175
178 66
116 37
146 127
49 53
129 75
72 43
89 187
115 134
132 59
150 20
75 146
139 158
58 94
117 56
25 90
38 74
27 153
111 45
151 31
97 88
170 40
2 66
98 117
7 37
47 157
56 121
110 66
86 39
31 74
94 55
164 132
128 62
156 110
170 115
13 138
10 182
177 11
55 82
191 125
118 45
89 45
37 70
110 187
109 140
68 10
66 103
141 66
165 105
175 142
91 187
152 100
48 136
174 102
90 173
35 15
89 187
60 190
65 169
184 45
181 59
54 54
162 67
119 6
43 166
19 133
32 170
104 80
178 85
53 75
129 151
153 26
146 20
87 82
61 78
126 49
8 51
166 41
181 157
46 31
130 129
35 161
170 138
112 155
31 165
37 31
123 62
56 140
81 14
29 13
91 26
125 163
141 99
11 129
63 57
32 64
57 66
96 34
12 16
189 106
52 97
136 174
158 64
122 111
77 22
187 40
112 120
10 60
90 20
188 24
140 27
151 4
157 54
102 40
69 98
145 120
66 152
166 96
87 159
14 36
52 8
75 163
191 148
30 152
39 90
175 51
180 133
118 144
59 27
183 127
188 7
119 126
159 156
29 117
122 106
152 45
177 98
16 176
53 109
135 156
70 182
78 58
186 3
73 52
94 64
51 153
70 169
86 100
4 114
25 189
27 176
41 12
146 120
59 70
37 65
33 170
54 110
35 48
177 108
99 78
43 21
38 176
189 124
84 64
109 172
60 8
27 165
83 172
92 141
50 192
13 146
170 131
128 12
178 112
183 148
61 33
169 98
17 37
93 164
165 74
15 32
81 41
68 163
85 160
175 134
159 59
151 136
189 86
148 46
69 10
66 129
107 106
99 123
14 63
158 178
136 172
82 88
84 149
122 168
116 168
173 83
35 132
90 31
89 109
77 158
119 142
94 33
119 192
27 132
127 184
118 70
35 7
30 118
27 151
94 143
127 74
97 33
77 186
63 166
103 11
3 93
24 96
125 142
160 23
82 94
14 7
35 48
77 64
37 103
87 130
117 85
76 21
117 24
79 51
61 53
62 63
145 85
159 141
99 190
163 180
155 176
58 189
95 134
125 131
108 83
133 33
167 80
117 155
103 3
77 164
55 138
34 7
95 64
147 1
125 117
180 87
164 109
148 130
50 80
133 157
162 137
61 8
24 178
34 190
52 110
161 107
120 67
177 22
2 4
86 127
184 137
85 28
53 40
157 166
183 97
2 152
105 63
31 128
112 128
126 163
46 158
77 37
96 126
122 162
129 15
96 184
23 52
19 75
92 48
48 82
16 49
106 121
175 8
56 94
136 53
65 53
83 13
89 50
10 82
19 10
96 178
2 118
38 84
64 129
131 175
82 147
95 187
75 78
67 2
43 10
119 171
126 9
184 86
58 65
167 141
75 134
126 140
59 35
31 186
35 162
168 117
116 70
175 62
19 49
63 62
122 181
40 55
189 95
12 119
160 178
131 106
119 128
53 49
163 83
42 5
116 81
121 103
151 168
164 169
24 35
38 146
23 142
72 84
44 84
74 75
133 12
180 60
139 104
172 173
59 86
178 174
166 170
85 188
145 120
165 169
154 74
186 49
23 65
132 131
20 77
13 153
88 65
84 98
168 63
79 34
20 128
80 186
105 36
53 122
155 25
98 181
163 155
37 57
91 40
187 111
116 72
135 75
136 26
44 175
152 186
81 172
121 32
37 98
67 89
27 93
178 188
145 20
150 181
76 112
28 135
94 15
14 36
89 21
61 133
3 85
126 147