8
224
177 13
145 27
180 198
119 57
55 165
48 41
151 127
3 133
186 33
59 122
127 37
178 111
195 118
34 153
206 76
94 30
185 15
56 140
212 46
68 138
83 211
179 9
114 181
14 171
214 168
69 212
204 22
99 46
139 4
198 216
176 68
22 136
178 173
147 37
219 215
174 77
73 128
85 186
181 194
5 42
137 73
29 213
190 223
34 200
3 104
192 178
43 85
185 220
129 107
128 123
193 77
71 42
77 156
99 129
221 103
170 134
47 198
122 12
197 27
84 71
2 147
24 44
103 80
135 7
186 134
130 155
211 200
68 159
3 38
63 224
141 104
5 59
77 222
167 145
120 26
215 122
172 110
37 50
189 172
56 23
177 57
49 163
129 116
193 131
153 127
2 165
6 6
224 179
99 38
195 219
63 58
116 106
39 152
27 4
195 178
122 148
107 170
182 11
157 23
13 85
149 15
122 27
116 121
205 215
30 47
81 92
104 196
69 143
219 191
18 62
144 139
81 26
84 134
132 16
28 145
196 177
159 93
75 146
85 151
8 114
197 88
77 77
59 17
91 150
207 108
83 223
118 163
120 73
168 28
184 196
172 155
20 202
120 94
123 76
20 131
62 88
218 10
36 149
27 126
170 105
105 28
103 222
62 223
166 5
26 125
72 69
152 91
142 143
56 40
218 171
42 151
35 132
161 166
56 59
68 97
163 44
124 42
138 185
136 79
61 33
76 133
101 3
95 18
17 151
153 10
97 67
33 3
198 65
169 125
123 108
221 157
23 216
70 160
48 205
111 108
13 186
112 209
60 207
98 76
5 27
181 197
189 213
200 162
53 16
158 47
123 26
204 17
17 49
177 64
126 63
43 138
120 155
219 179
9 92
30 13
214 82
81 178
71 56
211 219
167 16
138 161
41 213
178 57
37 130
216 34
64 35
44 55
61 38
9 69
1 134
177 215
87 33
40 157
185 123
24 127
138 161
64 179
149 17
107 57
18 99
187 177
133 6
7 193
43 111
133 139
116 85
1 202
117 41
7 77
35 30
76 44
62 139
222 82
27 201
10 44
75 196
220 79
201 98
143 115
208 147
30 195
7 30
172 219
166 178
168 200
79 19
20 140
29 113
93 55
89 103
98 35
170 189
209 147
158 127
133 141
49 162
111 151
192 154
18 5
108 185
205 58
75 96
70 103
208 162
29 169
136 222
75 82
58 60
100 215
186 104
131 107
42 113
129 105
138 146
109 117
202 185
175 148
152 20
26 8
53 150
176 61
147 26
14 204
85 113
194 143
88 196
121 129
180 25
105 94
43 86
210 20
46 32
168 198
147 65
205 200
87 28
36 9
53 49
85 10
33 54
24 120
122 144
121 77
40 1
42 178
86 124
198 4
155 13
201 78
173 53
149 131
80 184
140 4
104 224
109 8
149 4
223 46
147 119
219 59
216 36
12 173
31 81
176 186
189 24
39 10
172 187
140 123
18 151
223 217
22 107
224 171
111 94
88 129
213 178
59 76
86 71
24 116
23 72
77 212
191 211
93 139
45 8
37 62
31 35
150 52
14 21
94 220
115 182
124 199
135 55
50 220
125 169
208 19
112 60
102 79
143 194
217 187
74 125
121 104
32 46
155 141
67 25
136 181
78 131
155 84
185 76
176 181
20 159
200 132
218 173
82 136
143 170
195 216
70 91
191 197
136 217
113 74
17 120
126 190
27 152
50 83
3 1
40 119
159 111
122 24
59 203
160 73
20 130
160 89
92 126
158 99
119 46
173 7
38 170
197 64
98 22
18 196
118 153
90 52
39 83
75 194
157 106
42 176
107 202
137 198
199 70
73 93
211 117
196 24
62 168
183 159
61 201
3 178
129 92
5 40
47 175
9 203
57 146
27 163
219 163
137 194
104 81
158 90
197 129
210 34
168 168
65 4
16 67
53 17
30 153
56 76
104 160
151 32
177 177
66 44
211 74
13 90
154 42
51 126
43 36
32 210
76 192
86 187
34 138
203 159
67 130
11 42
161 33
73 210
81 138
29 67
84 137
156 13
178 206
11 220
114 138
78 189
105 163
151 138
76 2
72 14
131 178
55 164
82 223
149 162
9 177
4 92
89 31
200 138
13 210
134 126
123 83
186 3
21 112
12 192
209 180
206 116
5 132
55 87
131 75
120 139
27 124
6 211
26 205
124 134
63 129
35 57
211 92
156 103
76 167
71 60
218 52
175 95
183 101
53 185
175 172
99 73
167 200
59 193
53 55
102 115
55 9
171 42
100 102
144 175
141 86
107 6
9 153
100 64
30 152
24 76
100 219
21 42
194 175
106 118
5 208
104 60
216 147
197 187
24 212
10 36
74 116
42 178
44 13
17 169
37 137
117 136
131 137
49 196
87 27
90 188
10 193
119 97
115 91
59 11
174 68
142 119
183 55
73 99
68 185
43 104
97 159
111 99
167 31
71 30
57 32
89 162
96 207
34 211
169 189
93 118
128 106
13 183
161 181
57 100
141 195
75 110
130 57
208 72
183 54
197 16
85 61
49 53
139 179
135 83
143 3
201 46
204 85
4 140
137 156
111 149
127 57
34 128
113 18
71 72
167 44
183 124
200 103
176 115
57 86
69 199
184 45
117 163
1 216
175 137
148 61
158 50
118 191
49 102
80 119
45 23
34 3
18 106
106 193
220 162
150 64
9 205
205 221
143 77
212 93
86 135
26 19
56 15
81 104
212 161
95 33
55 128
131 168
9 108
8 100
46 157
36 150
137 112
146 151
188 133
116 49
140 13
163 195
123 20
171 110
52 41
142 202
40 145
145 49
28 152
148 169
180 55
94 92
166 111
114 130
116 5
50 31
17 85
97 139
200 43
121 27
179 134
100 219
54 20
139 82
171 158
26 126
213 216
89 154
102 74
155 217
79 77
119 191
161 216
202 8
130 98
130 85
7 5
175 61
24 89
142 66
22 39
63 106
30 151
36 132
224 62
220 174
10 115
13 42
106 214
49 11
87 178
191 189
182 141
25 77
101 38
142 219
77 204
100 106
2 7
13 98
69 9
47 78
219 59
216 100
144 40
206 6
90 173
195 47
185 91
124 158
129 41
152 77
117 27
182 118
34 67
215 198
171 134
147 165
64 138
136 208
50 117
85 139
161 151
57 122
18 180
151 18
93 78
94 209
200 147
198 105
85 61
78 31
194 97
67 33
106 202
112 155
95 197
69 127
123 222
24 12
177 46
29 141
123 218
221 195
13 195
75 97
31 153
224 96
121 66
224 2
44 112
157 10
180 97
136 78
94 32
90 143
77 214
155 72
80 152
42 92
218 116
188 120
140 187
87 36
125 86
134 40
197 66
49 152
34 56
102 224
183 63
142 132
148 72
203 3
95 116
94 184
103 154
79 115
212 165
22 112
123 155
151 95
92 71
119 222
127 92
221 181
154 10
88 173
177 162
176 48
53 141
7 28
166 182
14 154
218 35
137 116
62 64
83 25
134 201
22 132
164 18
89 189
27 176
137 204
210 184
123 134
101 1
161 138
182 174
67 176
81 204
67 142
139 21
166 144
221 188
52 32
77 12
220 200
59 5
51 44
188 173
178 160
173 210
74 3
32 140
178 112
215 116
125 129
137 66
49 5
125 196
133 74
79 128
49 137
4 99
53 192
143 6
127 187
87 200
189 118
116 14
101 202
2 1
203 10
163 27
110 159
94 18
8 172
18 152
180 21
122 8
212 136
109 115
99 196
186 63
185 173
77 62
151 78
62 129
183 224
27 68
31 120
86 38
163 103
62 118
219 183
126 207
95 10
193 65
77 154
127 38
103 75
195 125
24 32
29 206
128 151
50 158
46 135
67 208
109 128
197 103
183 98
181 149
204 149
213 152
175 211
61 149
62 31
49 85
63 173
163 62
99 212
91 144
218 157
223 102
157 195
76 211
165 33
135 16
53 219
167 3
77 4
151 138
34 199
95 192
147 33
125 21
20 215
36 109
20 130
210 176
197 61
162 9
189 168
24 18
34 62
116 110
65 43
120 195
113 214
34 132
118 159
24 9
21 156
117 40
61 198
87 33
130 24
137 95
63 160
208 192
222 99
78 158
141 69
224 126
154 130
33 47
64 152
151 180
83 43
220 16
16 82
144 145
202 57
111 136
216 94
104 85
193 53
115 205
121 210
202 146
115 106
192 50
34 118
6 212
32 1
3 143
178 147
159 155
203 46
163 66
11 42
23 75
190 137
56 182
122 129
103 109
11 166
158 140
59 35
127 186
131 130
104 85
52 38
111 126
179 49
191 190
186 213
40 151
125 191
204 119
96 82
99 202
23 128
117 177
163 19
138 69
20 113
153 167
151 136
68 105
184 35
70 146
23 206
168 20
172 148
10 139
101 108
116 124
11 104
172 45
219 182
114 14
70 138
181 92
49 120
197 9
154 138
26 49
119 193
68 163
212 173
77 89
56 65
84 162
168 31
207 162
84 192
48 154
105 100
117 26
219 89
34 21
99 155
69 89
219 8
27 207
180 200
167 107
40 26
140 79
152 218
113 12
185 32
37 162
131 153
187 221
114 92
113 84
22 181
172 112
188 71
190 15
46 132
121 181
157 37
35 181
30 19