8
256
241 13
113 219
244 134
183 25
55 101
80 105
247 159
67 229
250 65
219 90
127 69
178 111
99 182
98 153
174 12
62 158
25 175
120 12
52 46
36 106
147 115
211 137
18 21
110 11
86 72
101 212
140 22
67 238
203 164
134 120
176 196
22 200
114 141
211 165
187 247
14 77
105 224
213 122
245 66
133 74
137 233
29 21
254 95
2 200
3 136
64 178
75 85
121 188
225 75
96 155
65 109
231 170
77 188
35 65
253 167
138 134
143 166
154 140
5 155
84 7
34 147
184 108
231 48
39 199
122 134
98 187
243 72
100 63
3 134
127 256
45 8
133 187
173 30
71 177
184 154
183 218
44 110
69 18
157 108
216 23
241 57
209 227
129 52
33 131
185 159
130 229
166 6
160 83
35 230
3 219
127 186
180 170
39 248
187 196
99 146
218 84
203 170
54 75
221 87
205 149
245 79
122 155
84 25
237 119
254 239
81 124
168 4
37 207
251 223
146 94
112 107
177 58
20 230
132 240
60 81
132 49
159 253
203 242
21 183
104 18
165 184
141 77
187 177
27 182
143 172
19 255
22 195
56 41
168 188
24 228
12 155
20 170
152 222
155 172
148 3
190 56
186 74
132 117
251 158
42 137
73 60
135 94
254 191
134 165
122 157
136 133
56 155
46 207
120 200
122 11
202 55
67 132
129 198
248 123
100 33
3 172
92 138
10 89
72 143
253 193
44 133
69 99
31 114
49 151
57 170
161 3
225 227
134 97
169 125
219 12
157 221
183 248
102 192
80 173
79 76
109 122
208 177
220 239
34 12
133 91
181 37
93 149
8 226
245 176
94 207
187 250
172 113
241 17
49 64
190 127
139 42
248 91
219 211
73 252
222 205
86 146
241 178
39 248
147 27
167 240
234 97
233 149
210 217
165 2
24 98
128 163
140 119
253 102
73 69
97 38
17 183
183 1
104 221
249 251
248 159
234 225
256 211
117 209
171 25
210 195
123 81
101 6
199 97
107 15
165 203
52 181
129 234
181 233
199 173
227 190
76 204
158 75
158 18
27 73
42 236
11 164
60 111
169 2
207 19
16 115
222 67
39 94
44 219
70 242
136 40
175 211
244 76
29 145
93 55
217 135
34 227
42 93
81 211
94 31
229 109
145 194
175 183
32 218
146 101
204 25
141 122
235 128
198 7
16 34
61 233
168 94
203 210
186 28
164 23
58 136
131 203
74 49
129 105
10 18
205 213
42 89
79 20
216 20
26 232
53 86
208 221
179 154
174 108
181 81
130 239
216 4
185 33
52 57
137 62
75 86
18 116
174 96
136 134
115 161
109 168
247 60
132 169
213 49
21 138
129 150
120 88
154 48
121 205
104 1
10 178
86 28
38 4
123 173
137 238
77 245
149 67
48 24
236 4
72 256
141 200
149 4
31 46
51 151
251 155
152 4
76 237
31 113
240 154
29 120
135 106
108 27
172 155
50 151
159 121
150 43
64 43
47 94
88 97
245 82
251 140
86 71
120 116
183 104
13 212
223 147
61 75
173 232
229 222
127 131
86 20
174 149
62 220
243 150
60 231
231 55
114 60
125 233
176 51
80 188
6 47
79 66
121 251
42 93
217 168
224 46
187 141
195 249
104 181
142 163
155 116
217 12
176 85
244 95
136 68
26 141
114 104
207 234
99 248
70 59
159 37
104 89
177 42
81 24
222 222
187 120
82 147
131 1
232 119
95 111
186 120
251 43
224 201
20 66
192 89
124 94
126 227
183 46
13 7
70 234
229 256
98 54
146 228
54 121
90 148
231 19
11 226
61 234
170 80
43 106
169 166
199 38
137 125
83 149
132 152
126 104
151 223
157 41
195 210
161 28
101 136
47 111
105 107
89 18
187 131
123 99
41 66
136 177
190 218
69 65
114 194
168 8
161 68
48 99
21 209
126 121
88 172
232 192
23 64
209 209
194 76
51 234
141 186
154 74
147 222
139 4
160 50
12 64
118 59
162 138
11 31
3 98
203 234
33 225
41 242
177 234
61 227
212 201
156 109
18 46
75 156
50 234
206 61
41 67
119 202
204 130
232 206
227 178
183 4
146 223
245 66
201 49
36 156
249 191
8 10
237 82
166 30
59 115
90 99
181 208
44 128
81 20
78 52
197 4
55 87
227 43
152 171
91 188
70 83
122 77
92 102
159 1
131 217
115 220
60 39
172 103
167 252
122 244
47 63
247 101
149 217
143 44
131 233
231 200
59 97
21 151
198 179
151 73
139 10
36 198
48 207
45 214
203 166
201 249
228 192
94 120
152 236
164 27
213 138
226 15
234 246
165 176
168 60
248 51
69 27
248 116
234 36
74 180
202 18
172 173
209 9
37 105
245 200
131 201
81 100
215 59
90 124
234 1
183 225
51 251
251 43
110 228
78 183
151 23
201 67
196 153
75 232
1 63
175 131
7 255
231 222
57 64
89 34
64 15
2 115
9 253
157 118
224 234
45 119
1 245
185 196
141 3
171 142
66 89
16 72
87 246
37 144
53 125
177 117
139 179
231 147
175 131
9 142
108 53
4 108
41 188
47 181
191 217
66 256
49 82
71 136
71 108
23 124
232 199
240 115
121 214
5 39
88 13
181 195
65 184
47 105
116 93
30 50
54 95
49 102
176 119
237 247
226 3
114 202
202 97
60 66
54 64
105 141
77 29
79 141
212 125
246 71
218 19
120 15
113 168
116 33
31 97
23 256
99 136
201 44
232 4
110 29
68 214
169 144
242 247
28 197
116 17
12 77
35 131
91 148
43 206
180 73
46 202
72 145
81 17
188 56
20 41
84 87
254 252
230 239
242 2
180 101
18 191
177 53
65 11
200 107
217 123
179 6
68 251
150 148
11 82
203 30
122 30
117 120
25 90
102 10
91 25
111 109
215 31
161 24
42 104
130 2
226 53
7 37
47 157
184 57
238 130
86 103
159 202
222 183
36 68
192 126
92 46
234 51
77 138
74 118
241 203
119 210
255 125
246 45
25 173
101 6
46 187
109 204
132 74
130 167
141 66
37 233
111 14
27 187
152 100
48 136
46 166
90 45
35 79
89 59
252 190
65 41
120 173
245 251
246 118
162 131
183 198
107 38
211 133
224 106
232 16
242 21
181 75
65 215
153 154
18 148
87 82
189 206
254 177
200 243
38 105
117 221
46 223
2 1
99 225
106 74
240 91
95 165
165 159
123 62
56 140
209 142
221 141
91 218
61 35
205 99
139 65
63 185
32 64
185 130
32 34
204 16
125 42
180 33
200 46
94 256
186 47
141 150
187 232
112 248
10 60
90 148
124 152
76 155
215 4
29 246
38 232
5 162
17 184
194 216
230 32
215 159
78 100
52 8
75 163
255 84
222 88
231 90
239 51
244 197
54 16
187 91
247 191
252 7
119 190
223 92
221 181
250 42
24 45
49 98
208 48
181 173
135 156
6 118
206 250
58 3
9 244
94 256
179 89
6 41
22 228
132 242
153 125
27 176
169 76
18 120
123 198
37 1
97 42
118 46
35 176
49 44
163 142
43 85
230 48
125 252
20 256
237 172
124 8
91 37
83 108
156 205
50 192
205 146
234 67
192 12
242 240
55 148
125 97
233 98
145 101
93 164
101 74
79 224
81 169
4 163
21 160
111 70
95 59
215 72
125 150
84 110
133 138
2 1
235 234
99 123
78 191
30 178
8 108
146 88
20 149
250 40
52 104
109 147
163 68
218 31
217 45
141 94
183 142
94 161
119 192
27 196
127 56
118 134
163 7
222 182
155 215
222 207
63 74
97 225
141 58
255 102
103 139
195 29
24 32
189 142
224 215
82 94
14 199
227 176
205 192
101 103
151 66
53 213
140 149
181 24
207 179
125 53
62 63
81 85
95 13
227 62
227 52
155 240
250 125
159 198
61 3
44 211
69 97
167 208
245 91
231 195
13 100
247 74
162 71
159 256
83 129
61 53
180 215
36 173
84 194
114 144
197 157
98 9
253 8
216 242
98 190
180 110
33 171
184 195
241 86
194 68
214 255
120 137
213 156
53 40
93 166
183 33
66 24
41 63
31 256
48 128
190 227
238 222
141 165
160 126
250 98
193 207
96 56
87 52
211 139
92 48
48 18
80 113
42 121
175 72
120 222
200 53
193 181
19 77
89 178
202 82
19 138
32 114
194 118
166 148
256 1
195 47
18 19
159 59
139 78
131 2
43 74
55 235
254 73
56 86
250 1
167 13
139 198
126 76
59 35
223 58
35 162
104 53
180 6
111 62
83 241
63 126
58 117
104 55
189 159
140 183
160 50
195 42
247 64
117 49
99 83
106 133
244 209
185 167
215 40
228 41
24 35
166 82
151 14
136 84
172 20
10 75
69 204
116 60
11 232
108 109
59 214
242 46
166 170
213 124
209 184
165 233
218 74
58 113
87 193
196 3
212 205
77 25
152 193
84 162
168 191
15 226
148 256
16 58
169 228
181 122
155 89
98 117
163 155
229 249
91 168
251 47
116 72
71 11
8 154
172 175
88 186
145 236
185 160
37 98
131 217
219 29
50 60
145 212
214 117
204 48
28 199
94 143
14 164
153 21
61 69
195 149
254 83