8
288
17 45
17 283
84 70
23 153
215 5
16 265
119 159
35 133
26 97
91 218
287 229
18 143
259 22
98 25
110 204
254 286
121 271
280 204
52 174
228 138
51 115
115 169
274 149
174 171
246 136
101 116
76 118
259 206
139 228
230 120
16 196
118 136
50 269
211 261
155 151
110 205
137 224
85 122
245 130
165 74
265 265
189 213
254 31
130 264
259 232
96 274
11 85
281 60
225 203
192 91
225 13
167 74
109 252
67 225
253 231
10 230
79 198
154 44
229 155
180 71
258 147
56 268
103 208
199 39
122 262
130 59
275 8
4 255
131 230
191 96
173 72
197 123
269 222
39 81
248 218
151 218
76 78
69 178
285 268
216 279
113 217
209 99
97 212
225 227
153 287
194 197
70 102
32 211
195 230
163 155
159 186
84 106
135 152
155 132
3 242
282 116
43 202
86 139
285 183
237 149
181 143
218 123
116 249
45 23
62 79
49 220
264 132
197 111
155 223
114 30
176 107
17 218
20 262
228 16
28 177
36 209
31 253
203 18
85 119
200 146
197 248
237 173
91 17
155 118
239 268
19 287
246 35
88 137
168 28
24 196
204 59
276 106
184 190
123 140
20 35
158 88
282 266
132 245
283 286
234 105
137 252
103 94
158 191
102 37
218 125
104 5
56 91
270 111
152 104
250 43
10 279
131 164
257 134
120 123
132 225
227 140
188 42
106 57
104 207
253 193
204 69
197 259
31 178
241 183
153 202
225 35
65 227
198 193
73 189
27 76
125 125
87 184
38 192
112 141
271 76
45 186
16 113
28 47
162 268
101 27
53 197
221 117
136 130
21 80
190 207
155 186
44 113
81 81
17 192
94 287
139 138
56 155
123 83
73 284
62 173
182 274
241 114
103 88
115 283
39 176
74 65
73 277
178 153
69 194
216 34
64 67
44 279
93 166
73 165
33 6
209 215
151 161
200 253
121 187
120 159
74 193
224 147
181 113
171 121
178 99
27 113
165 70
103 257
235 47
5 139
212 213
225 74
85 137
199 205
195 30
236 140
94 171
286 146
155 41
138 44
139 164
156 175
233 130
15 51
176 179
190 259
103 126
44 59
134 242
136 40
143 83
180 236
125 49
253 279
89 103
34 99
138 61
145 83
62 159
5 237
49 194
207 23
32 122
242 37
76 89
77 90
43 128
198 167
176 162
29 137
136 222
107 274
154 252
228 215
122 104
163 43
10 241
225 201
234 178
237 181
138 185
271 52
184 180
218 232
213 118
80 221
51 186
78 204
149 17
130 143
280 164
57 1
276 281
73 222
43 182
114 180
78 256
232 262
19 33
205 232
23 156
164 73
53 241
149 74
129 278
88 120
26 144
281 13
8 65
106 210
246 92
102 196
59 205
169 78
109 245
181 3
112 56
76 36
168 224
269 168
85 228
159 110
83 151
283 251
88 100
172 205
63 145
112 122
221 152
199 202
268 91
204 251
18 151
159 57
246 139
224 43
79 254
24 33
117 178
155 76
150 39
280 212
55 264
45 276
287 115
61 267
77 264
229 94
287 99
22 244
110 117
158 60
83 182
92 71
71 119
146 220
157 9
16 83
144 60
230 143
47 2
121 123
138 221
89 136
192 110
91 173
227 249
232 21
14 195
91 244
25 108
48 53
116 63
136 260
122 237
274 168
239 266
163 88
198 251
95 261
72 57
145 170
17 248
62 190
155 24
146 51
131 193
104 119
255 111
250 248
59 235
128 169
84 2
128 281
124 222
126 67
279 270
237 167
102 170
69 256
194 214
178 196
278 153
26 244
263 147
203 194
253 202
74 48
75 202
201 198
7 38
265 285
179 85
36 280
254 104
119 159
189 9
227 178
161 252
133 8
271 207
201 235
121 146
155 195
219 67
105 226
264 241
94 154
37 129
18 2
104 136
33 4
16 259
53 49
94 57
56 76
264 128
183 256
145 49
34 236
275 10
173 250
250 138
275 286
139 4
160 242
12 64
118 187
34 170
235 287
227 162
75 74
161 129
41 178
49 74
125 35
244 169
284 205
18 270
75 156
146 106
270 157
169 99
55 202
268 162
200 78
35 146
151 68
146 63
245 194
9 81
228 252
249 95
40 138
77 114
6 222
219 147
250 99
245 16
172 96
49 244
174 84
261 196
151 119
259 267
184 267
59 124
230 179
90 269
28 38
255 193
259 57
51 92
28 167
268 199
263 28
26 148
111 159
55 133
149 185
111 44
163 41
39 264
219 129
117 119
166 83
183 9
139 234
100 166
112 79
237 246
267 134
265 249
4 192
94 152
88 76
196 123
277 234
98 79
234 86
197 112
40 92
120 51
197 91
216 180
42 36
138 20
170 274
268 45
177 233
69 137
181 264
259 169
81 228
247 187
26 28
10 65
279 1
115 187
91 203
238 132
110 247
151 151
233 3
196 281
235 264
129 127
111 259
167 63
199 126
249 96
25 130
32 15
130 147
73 93
221 22
96 202
269 119
65 85
121 132
77 227
267 78
66 249
48 232
183 246
229 144
53 253
145 245
139 147
263 211
239 195
233 46
268 85
164 44
41 156
47 277
95 185
66 32
145 114
135 40
231 76
55 156
200 71
112 51
217 86
133 167
152 77
85 131
33 120
47 73
276 93
222 82
278 287
273 6
272 119
205 215
66 259
242 138
42 65
188 258
22 32
9 45
269 253
175 173
84 221
118 71
186 51
24 47
209 8
212 193
287 129
279 64
259 104
201 172
40 260
142 61
164 22
105 16
274 151
188 69
244 17
12 13
227 35
219 148
203 142
212 201
270 74
136 113
177 49
284 216
20 9
148 55
30 252
70 175
274 258
116 229
146 127
241 245
33 171
264 235
185 187
19 38
132 155
150 20
75 146
235 254
154 94
21 56
217 90
230 74
219 57
15 237
55 127
193 88
170 40
194 66
98 213
103 229
239 253
248 25
110 66
278 135
31 170
190 247
260 132
32 62
60 206
170 115
205 234
202 86
273 107
151 82
191 125
22 141
89 141
37 70
206 187
205 236
68 106
66 199
237 258
261 9
175 142
283 91
248 196
48 232
174 198
186 77
35 207
89 283
60 286
65 265
184 141
85 251
246 150
162 67
119 6
235 166
19 229
128 266
8 176
82 181
245 267
129 151
57 218
146 116
87 82
253 270
222 49
104 51
70 137
277 61
142 223
226 33
35 65
170 42
112 251
223 69
229 223
219 158
152 236
273 110
29 109
91 122
29 67
45 99
203 33
159 57
128 256
249 162
192 130
204 16
93 10
244 193
232 174
62 256
122 207
77 22
187 40
16 216
106 60
186 20
92 216
236 219
55 196
253 246
198 40
261 2
49 216
66 152
262 288
279 255
206 228
148 104
267 163
191 244
222 248
135 186
175 243
276 229
22 240
59 219
279 31
92 199
119 30
63 252
29 213
218 106
152 237
81 2
112 272
245 205
231 252
262 278
78 250
90 99
73 148
190 64
51 153
262 169
182 196
4 210
121 93
27 272
41 108
146 24
251 262
229 65
225 74
54 14
35 144
273 108
3 174
43 213
38 176
93 220
84 256
13 76
60 200
219 261
179 76
284 141
50 96
205 146
170 131
32 204
274 16
183 148
61 225
73 98
113 37
189 68
165 74
15 224
273 233
68 163
181 64
175 230
159 251
247 40
93 278
244 238
165 10
258 225
107 202
195 219
110 255
158 274
40 172
82 184
276 149
218 168
212 264
269 83
227 228
282 31
89 109
269 254
119 238
190 225
23 96
27 132
223 184
118 262
227 199
30 214
219 247
94 143
223 74
97 33
173 90
63 262
199 203
99 189
24 288
125 46
256 23
178 190
206 7
35 144
77 64
229 7
183 34
21 277
268 117
21 24
79 243
157 149
158 255
49 181
255 45
99 94
67 276
155 272
154 189
287 230
125 227
108 179
133 129
167 272
117 59
7 195
173 164
55 42
130 103
95 256
147 193
221 213
180 87
68 205
148 226
146 272
37 253
162 41
253 200
24 82
130 190
148 14
65 203
216 67
177 22
194 196
86 127
280 137
85 220
53 232
157 70
87 193
194 248
105 159
31 128
112 32
30 259
46 254
173 133
192 222
26 258
129 111
96 280
119 52
211 171
284 240
240 82
16 145
202 121
175 104
248 286
136 149
257 53
275 13
185 50
106 82
19 106
192 274
98 22
38 180
64 33
131 175
274 147
191 187
267 78
163 98
235 10
119 75
222 105
88 278
154 65
71 45
171 134
30 140
155 227
31 90
131 162
264 117
20 166
175 158
115 49
255 62
218 85
136 151
189 95
12 215
160 82
131 202
215 32
53 241
259 83
42 101
116 177
217 7
55 264
164 169
24 131
230 242
215 238
264 276
44 276
74 75
229 204
276 156
235 200
268 77
155 182
178 270
70 266
277 284
241 24
165 265
154 266
90 241
215 65
228 131
212 173
205 153
88 65
180 194
264 159
271 130
212 32
272 282
9 132
149 122
155 25
98 181
163 59
133 249
283 232
91 207
116 168
231 75
232 122
140 79
152 282
81 76
25 224
229 194
67 89
27 93
274 284
145 20
54 277
268 208
220 231
286 207
110 228
281 213
61 133
3 85
126 243