8
352
81 333
177 27
340 326
311 57
215 229
48 265
119 159
35 5
58 161
59 218
255 165
114 271
259 214
2 345
270 76
254 62
121 79
88 108
52 110
228 330
51 339
243 169
146 277
238 267
86 8
133 52
172 246
323 142
107 36
134 88
176 36
150 296
178 301
115 293
59 343
270 109
41 160
277 186
149 226
165 298
233 297
349 117
254 31
258 72
67 104
160 242
203 21
249 28
33 11
32 91
65 301
263 106
173 188
3 33
125 167
330 6
175 326
122 76
5 91
212 135
258 83
24 108
167 336
199 199
346 294
290 59
243 200
228 127
99 294
159 224
109 200
293 347
173 126
135 241
280 346
23 186
76 110
5 242
93 204
88 151
209 89
273 99
1 148
289 99
89 159
34 261
6 326
256 243
163 102
195 91
95 282
276 234
103 280
187 196
195 338
58 52
139 330
214 139
189 215
301 277
21 335
250 91
20 153
333 183
318 239
337 60
168 260
5 271
251 255
178 158
240 235
273 26
212 198
228 48
124 177
36 145
159 285
299 242
149 343
136 114
229 120
237 45
27 305
27 342
207 204
211 159
150 131
248 73
40 124
184 164
300 219
20 170
216 318
59 76
308 195
254 248
314 202
4 53
155 30
106 73
297 316
231 94
158 127
230 197
250 61
72 261
344 91
142 271
120 200
346 139
106 311
35 132
161 102
184 27
132 1
99 140
316 330
298 121
168 175
29 129
300 101
37 291
255 178
273 23
89 266
161 259
289 259
38 161
9 285
187 204
285 349
55 312
38 352
144 205
239 172
333 186
336 81
188 239
322 108
325 59
85 197
29 21
104 66
181 176
62 79
27 58
76 145
17 113
145 160
30 31
43 10
280 27
155 115
329 124
222 301
246 18
209 274
39 312
51 283
199 176
74 289
233 213
82 249
325 226
120 66
320 163
140 311
253 294
73 229
129 6
241 23
87 97
8 125
121 123
120 319
298 193
256 179
53 337
139 89
274 259
219 305
69 6
263 321
299 47
261 139
116 149
225 202
245 233
39 13
67 158
44 76
62 299
254 178
347 105
330 268
11 196
220 143
201 194
175 211
240 147
350 67
295 222
268 251
166 306
328 232
175 19
308 236
29 273
125 23
25 103
290 99
10 221
305 211
126 127
133 13
273 130
79 279
352 58
242 229
12 217
109 250
299 128
198 327
48 322
61 137
136 62
299 146
346 252
68 119
26 264
131 11
42 273
1 105
42 242
333 117
170 153
15 180
344 212
154 104
245 278
240 93
339 186
302 332
85 17
98 175
344 292
249 33
276 249
201 318
203 246
82 20
46 160
200 38
83 65
141 328
55 92
68 41
277 17
85 74
97 182
312 88
186 208
185 109
168 33
138 82
278 284
102 36
91 13
73 174
141 277
213 259
16 280
300 4
8 32
141 168
277 164
319 110
19 151
283 251
248 68
332 237
63 145
272 154
221 56
327 74
44 187
332 123
178 343
191 249
86 331
64 11
143 94
184 225
245 178
187 204
310 167
88 20
23 72
173 244
191 211
29 235
109 8
5 286
63 195
246 148
238 21
222 92
115 54
316 71
231 215
274 188
29 73
272 115
208 92
70 47
15 98
281 123
170 349
121 232
256 14
27 205
35 249
296 149
14 323
219 308
185 204
208 277
276 127
40 132
218 173
242 232
271 234
67 88
230 187
31 197
200 121
49 298
17 56
158 94
27 88
50 275
291 257
200 279
31 303
122 312
123 11
192 105
308 258
256 185
156 286
94 67
55 142
13 135
262 234
229 288
322 278
274 324
246 185
250 276
135 83
235 322
157 138
74 112
107 330
9 262
327 102
329 29
307 53
228 216
286 104
215 255
93 137
291 338
321 188
261 168
335 207
137 139
345 274
315 99
315 323
9 290
136 49
30 90
101 257
18 34
72 232
1 164
80 291
213 113
190 185
280 172
40 128
23 96
113 337
258 140
19 330
77 154
26 170
307 126
139 324
224 210
268 288
86 59
226 298
171 127
131 162
299 234
1 33
329 178
81 234
317 99
276 105
252 301
274 206
139 60
242 74
334 157
9 67
215 234
12 98
8 206
259 18
87 324
114 127
149 194
73 113
292 348
217 255
8 202
109 146
262 350
219 307
218 227
21 80
172 96
241 244
302 148
325 100
119 87
227 331
344 299
91 284
294 19
250 301
220 70
159 193
67 89
147 348
28 231
140 199
327 28
154 276
175 191
23 5
341 313
335 332
259 137
327 264
155 225
277 87
294 83
343 73
171 138
68 198
16 207
109 54
299 326
41 185
164 128
190 152
88 236
132 59
85 106
322 303
42 310
37 336
104 28
56 339
229 187
184 308
106 4
10 52
330 114
236 205
241 137
69 41
85 200
99 169
17 132
119 123
90 220
106 193
311 225
179 187
59 75
206 164
142 279
215 183
41 163
36 345
299 104
33 31
15 195
263 95
327 30
217 128
313 34
32 271
258 211
169 29
349 22
256 202
301 183
33 53
345 132
45 3
299 142
34 25
336 296
183 310
37 48
85 349
145 181
331 115
103 147
143 99
169 46
12 181
228 44
297 284
239 53
287 249
194 32
273 178
39 104
199 76
215 348
136 71
176 115
185 278
325 327
88 141
85 99
33 24
207 329
308 93
94 242
342 287
337 326
176 23
141 23
162 3
82 10
74 257
124 258
246 96
297 45
301 93
143 45
116 349
86 71
154 179
24 207
177 8
244 1
95 33
87 256
99 232
265 236
200 100
142 93
260 150
137 272
242 343
316 5
52 49
140 269
291 163
187 116
235 78
180 329
110 330
296 273
209 209
156 56
308 9
212 279
158 348
198 111
50 162
180 101
274 319
17 277
193 203
104 75
345 283
115 166
324 59
86 180
331 242
235 350
250 94
277 120
153 122
230 266
347 57
15 333
87 95
257 280
10 72
66 2
66 181
167 37
303 253
216 281
142 162
278 103
319 266
222 119
36 100
32 94
220 110
138 307
269 106
234 278
177 299
279 242
191 157
278 141
57 205
133 262
14 123
13 332
36 234
162 135
333 258
229 201
15 14
219 283
184 100
272 8
110 198
314 301
3 239
153 123
92 350
33 105
120 109
149 155
342 310
290 35
215 230
299 294
307 165
288 138
328 208
210 85
117 171
97 183
121 250
306 212
311 50
29 78
158 177
296 211
198 297
309 125
174 255
66 193
131 1
42 106
272 251
191 37
69 351
219 254
248 236
113 270
285 205
347 154
93 3
77 291
299 33
63 121
352 192
25 130
256 66
236 176
317 138
276 97
136 142
350 96
26 175
13 22
91 72
240 184
74 316
186 20
348 312
204 347
215 228
189 118
6 136
293 322
273 216
130 120
70 192
279 159
14 4
244 104
75 131
351 212
94 248
295 154
207 211
212 69
150 48
251 155
183 191
188 167
119 30
287 252
221 277
58 298
280 13
113 66
144 112
277 301
7 284
166 278
206 26
58 3
137 308
222 320
211 121
134 329
150 132
292 18
57 61
315 336
73 76
114 280
251 102
229 321
33 106
246 238
131 304
305 268
259 174
299 181
294 144
157 92
276 160
173 44
220 200
91 5
339 204
284 237
306 224
205 50
330 163
352 108
114 304
87 84
189 33
265 130
177 133
285 164
5 170
271 224
17 9
292 3
277 224
303 230
95 219
343 72
29 342
180 206
5 330
2 193
75 330
35 251
174 31
126 178
200 44
114 280
116 53
346 40
276 8
333 19
227 324
154 255
25 45
109 30
23 110
222 97
151 256
59 324
351 184
150 198
291 263
190 54
27 183
94 303
191 74
33 129
109 186
31 134
231 203
227 317
24 96
61 174
64 183
146 62
14 295
323 304
269 160
69 295
55 162
309 309
300 341
85 120
239 179
317 181
30 191
145 53
287 269
291 62
99 84
187 112
90 157
127 6
29 195
12 147
69 321
103 80
21 251
199 259
141 164
87 170
2 231
287 352
147 225
125 245
308 311
68 109
180 258
114 208
165 125
2 297
157 168
24 178
130 286
148 270
97 235
152 163
177 86
226 36
22 351
344 41
21 124
149 200
29 326
119 193
162 120
201 319
351 224
208 192
158 3
110 318
237 325
192 126
122 130
161 143
128 216
247 212
339 43
60 80
16 178
336 177
10 185
207 72
56 62
264 277
65 85
307 13
57 210
202 242
339 74
32 178
290 278
38 340
32 97
67 111
338 51
351 347
235 206
131 2
331 42
343 107
190 297
120 310
154 33
199 205
107 294
30 108
219 131
95 314
291 162
72 277
212 70
335 158
339 113
159 318
218 149
72 55
93 255
76 311
288 274
227 106
215 320
213 145
99 307
106 37
180 241
313 103
311 8
260 297
120 67
262 338
215 46
104 20
300 180
42 299
165 268
52 28
235 328
236 45
347 54
82 174
294 106
277 316
113 248
261 233
314 234
282 241
279 33
260 291
276 13
237 89
280 1
180 226
328 63
271 322
180 64
208 122
169 196
149 346
91 57
226 117
3 219
5 345
315 328
283 239
340 232
39 331
232 218
268 271
344 250
305 172
313 224
5 194
67 153
187 221
274 124
49 340
342 53
332 16
28 327
318 79
206 4
57 149
221 325
67 277
222 83