8
384
113 141
113 91
372 262
311 153
311 101
208 361
119 159
323 229
122 193
91 218
383 325
306 239
355 310
98 25
302 12
62 286
25 175
376 12
52 174
36 234
147 115
211 265
274 149
366 267
342 328
101 212
268 22
67 110
331 36
134 120
304 196
22 328
242 269
211 165
59 247
14 205
233 224
85 122
245 322
261 74
265 361
285 21
254 223
130 72
259 136
192 178
203 85
377 60
225 203
96 283
321 109
359 170
205 60
163 321
253 39
10 134
271 294
154 140
133 155
84 263
162 147
56 364
103 304
295 327
122 262
226 59
371 200
100 63
131 134
383 384
173 264
5 315
173 30
327 177
56 26
55 218
172 366
69 274
285 364
216 279
113 313
209 99
1 308
33 131
57 287
2 101
166 6
32 211
291 230
259 347
255 186
180 298
39 248
59 324
99 146
90 212
331 298
182 331
93 87
333 149
373 335
122 27
212 153
237 119
254 367
337 124
168 132
293 207
251 223
18 222
368 107
305 314
20 358
132 112
316 81
132 305
31 253
203 114
277 311
104 146
293 56
141 77
187 305
155 310
143 172
19 383
150 323
184 41
168 316
24 100
12 155
276 298
280 94
27 44
20 131
62 184
186 74
132 245
379 286
42 9
329 60
7 94
254 191
6 37
122 29
8 5
56 283
174 207
248 200
250 139
202 183
323 260
257 326
120 123
228 33
131 44
92 138
10 345
200 15
253 193
300 261
197 355
31 370
49 279
57 298
33 131
353 227
6 97
169 381
219 268
29 221
183 376
230 192
208 45
79 76
237 378
208 305
220 239
162 268
5 219
53 293
221 21
136 226
117 176
94 207
59 378
44 113
369 273
305 192
190 383
139 42
248 347
219 83
73 380
350 77
86 274
241 306
295 376
19 283
39 368
362 353
361 277
82 345
165 2
24 226
256 163
140 375
381 358
73 69
225 294
17 311
55 257
104 349
121 379
120 159
362 97
128 339
373 209
171 25
82 195
123 209
357 262
199 353
235 143
293 331
308 309
129 362
181 233
199 301
99 318
332 332
286 75
286 146
155 329
42 236
139 164
60 367
41 130
207 147
272 371
94 67
295 222
44 347
326 242
136 40
47 83
372 332
29 145
349 183
89 7
34 99
42 349
337 83
350 159
101 237
145 194
303 311
32 218
146 229
76 281
269 378
235 128
198 263
272 162
317 233
40 222
203 82
58 156
36 23
314 8
259 331
202 49
129 105
138 274
333 85
42 89
79 148
88 276
26 232
309 214
80 221
51 282
174 108
53 209
130 239
88 260
57 289
180 185
265 318
331 86
18 372
174 352
136 262
115 33
109 40
119 60
260 169
341 49
149 266
129 278
376 216
26 48
377 205
104 257
10 306
342 284
294 4
251 301
265 366
205 245
277 195
304 152
364 132
72 128
269 72
277 132
159 302
179 151
379 155
280 4
76 109
159 241
112 26
29 248
7 106
364 283
300 155
306 151
159 249
150 43
320 43
175 350
216 225
117 82
251 268
342 327
376 116
55 360
141 84
95 19
61 75
173 360
229 94
383 3
214 148
302 21
62 348
371 278
188 359
359 311
242 316
253 105
304 179
336 60
134 47
335 194
121 123
42 221
89 40
96 302
187 269
323 249
232 309
14 291
283 244
217 12
48 341
116 351
136 68
26 141
370 360
335 362
355 376
198 59
287 165
360 345
49 170
209 152
350 94
59 120
338 147
131 1
104 119
351 111
58 248
251 43
224 73
276 194
320 89
124 222
126 355
183 174
141 263
198 362
357 256
98 310
274 100
182 249
218 148
359 147
11 98
61 106
170 336
171 106
297 294
199 38
265 381
83 277
132 280
254 104
23 351
285 297
323 82
161 156
229 8
175 111
105 235
217 146
59 3
123 355
297 322
264 49
190 346
325 321
114 194
296 136
33 196
304 355
149 337
382 249
344 172
360 320
279 64
337 337
322 332
179 106
269 58
154 330
275 94
139 4
160 50
12 64
118 187
34 266
139 287
131 354
75 362
161 225
41 370
49 362
317 227
340 73
284 109
18 174
75 156
50 106
78 61
169 195
247 202
76 258
104 78
227 50
55 260
146 351
245 194
201 177
36 156
249 191
136 138
365 210
294 30
315 243
346 99
53 208
172 384
337 148
78 180
69 4
55 215
355 171
280 171
347 316
326 83
378 77
220 230
159 1
259 345
243 92
316 167
172 103
167 124
122 244
303 63
247 229
149 89
15 44
259 233
231 72
315 225
21 23
70 179
279 201
139 138
292 70
304 79
45 342
75 38
73 249
100 192
94 248
280 364
292 27
85 138
98 271
234 374
293 304
40 188
120 51
197 283
120 372
234 36
330 308
74 274
172 45
81 137
165 233
373 72
259 73
81 228
343 187
218 124
106 257
183 97
307 379
379 299
238 228
206 55
151 151
329 195
196 281
331 360
129 319
303 259
263 255
103 222
57 192
217 34
320 15
130 243
265 381
29 118
96 106
173 119
257 373
313 324
269 131
171 270
66 345
144 328
87 246
37 144
53 253
49 245
139 51
359 19
47 3
137 142
364 181
260 236
41 60
47 181
191 89
66 128
49 210
327 136
327 364
151 252
104 71
112 243
121 86
133 167
344 269
181 323
321 312
47 361
372 93
30 178
182 95
177 102
176 119
109 119
354 259
242 330
330 353
188 66
310 320
105 141
77 157
79 269
84 125
118 71
90 147
120 143
113 296
116 289
287 225
279 256
355 8
201 172
232 260
238 157
68 214
297 16
370 247
284 69
244 17
12 205
35 131
219 148
299 334
308 201
174 74
328 17
81 145
188 312
20 297
340 343
126 252
358 367
370 258
308 229
146 319
49 53
321 267
72 235
89 379
307 134
324 251
150 20
267 338
331 158
250 286
117 248
25 90
230 266
219 153
111 237
343 31
289 280
170 232
2 258
98 309
7 37
47 157
56 313
110 258
86 231
31 74
94 55
164 324
320 254
348 302
362 307
205 138
202 374
369 203
247 82
383 125
118 45
281 45
229 262
302 187
109 332
260 202
258 295
141 66
165 105
367 142
283 187
152 100
48 136
174 294
90 173
35 207
89 187
252 190
65 169
376 45
373 251
246 246
162 259
311 198
235 166
211 133
224 362
104 272
370 277
53 75
321 343
153 26
146 20
87 82
61 78
126 49
200 243
166 233
373 349
46 223
130 129
227 353
362 330
112 347
223 165
37 31
123 62
56 140
81 14
221 13
91 218
317 163
333 99
11 321
63 57
32 64
57 258
288 34
204 16
381 298
52 289
328 174
350 256
314 303
269 22
187 232
112 120
10 60
90 20
380 24
332 27
343 4
157 246
294 232
261 290
145 312
66 344
358 288
87 159
206 228
52 8
75 163
383 340
222 344
231 90
367 51
372 325
310 144
59 219
375 319
380 7
119 318
351 348
221 309
122 298
152 45
177 98
208 176
53 301
135 156
262 374
78 250
186 3
265 244
94 256
51 345
262 169
278 100
4 114
25 381
27 176
41 204
146 120
251 70
37 257
225 170
246 302
35 48
177 300
291 270
43 213
230 176
381 124
276 256
109 172
252 8
219 165
83 364
284 333
50 192
205 146
362 323
320 12
370 112
183 148
253 225
361 98
17 229
93 164
357 74
207 224
81 41
260 163
277 160
367 326
351 59
343 328
381 278
340 238
261 10
258 129
107 106
99 123
206 63
158 178
136 364
274 88
276 149
122 168
308 360
365 275
35 324
90 31
89 301
269 350
311 142
94 33
119 192
27 324
127 184
118 262
35 7
222 310
27 343
94 335
319 74
97 225
269 186
255 358
103 11
195 285
24 288
317 142
352 215
82 94
14 199
227 48
77 64
229 103
279 322
309 85
268 21
309 24
79 51
253 53
62 63
337 85
351 141
99 190
355 180
155 368
250 381
287 326
317 131
300 83
325 225
167 80
117 347
103 195
269 356
247 330
34 199
287 256
339 1
317 309
180 87
164 301
340 322
242 272
325 157
354 137
253 8
216 370
226 190
52 110
161 299
312 67
369 214
194 196
86 127
376 137
85 28
53 40
349 166
183 289
194 152
297 63
31 128
304 128
318 355
238 350
269 37
288 126
122 354
321 207
96 184
215 52
211 267
92 48
48 274
208 241
298 121
175 200
248 94
328 53
65 53
275 205
89 50
202 82
19 10
288 370
194 118
38 276
256 129
323 175
274 147
287 187
267 78
259 2
43 202
311 363
126 201
184 86
250 257
167 141
267 326
126 332
59 35
223 186
35 162
360 309
308 262
367 62
211 241
63 254
314 373
232 55
189 287
12 311
160 178
323 298
119 320
245 49
355 83
234 5
116 81
313 295
343 168
356 169
24 35
38 338
23 142
264 84
44 276
266 75
325 204
372 60
139 104
364 365
59 86
370 174
166 170
85 380
337 312
165 361
346 74
186 241
215 65
324 131
212 77
205 153
280 65
84 290
168 63
271 226
20 128
272 186
297 228
53 122
155 217
98 373
163 155
229 249
91 40
379 303
116 72
327 267
136 26
44 175
344 186
273 364
313 32
37 98
259 89
219 285
178 188
145 212
342 373
76 304
28 327
94 15
14 36
281 21
61 325
195 277
126 339