8
416
17 365
145 27
340 6
119 185
311 37
400 329
119 383
227 133
250 33
283 218
159 5
338 79
291 214
2 409
142 268
414 30
89 143
56 12
148 46
68 330
371 339
243 73
306 53
78 11
86 232
229 116
236 150
195 398
363 68
390 376
208 388
406 296
402 333
179 5
379 247
334 333
41 160
405 346
85 354
229 42
169 41
157 277
62 223
258 296
291 104
256 82
363 117
249 348
321 11
224 283
129 141
71 170
173 60
387 129
285 199
170 38
111 326
314 172
133 27
340 295
2 51
376 364
39 80
167 359
90 262
226 219
403 296
260 31
227 102
159 96
301 200
5 283
109 190
327 113
88 250
407 90
300 238
325 338
317 76
280 279
209 377
369 195
129 212
97 355
313 127
322 69
326 326
352 307
387 134
291 59
383 154
148 138
263 56
347 164
3 82
314 212
331 266
278 43
349 247
269 245
373 175
186 155
372 121
45 343
126 207
273 92
360 4
101 207
347 319
242 222
400 139
305 314
404 38
228 336
156 81
36 113
255 221
139 82
213 55
296 338
261 152
301 205
155 273
283 374
175 108
51 31
118 355
216 393
264 28
184 4
108 219
404 234
312 126
315 396
180 195
190 312
346 362
388 373
219 254
202 265
233 252
295 350
62 95
198 325
122 381
200 101
56 187
206 239
184 104
218 235
170 279
131 388
225 390
344 315
228 1
163 332
252 42
138 313
8 335
93 1
172 293
101 227
351 306
337 119
281 138
353 323
289 355
294 385
329 93
283 12
93 317
215 216
230 352
400 237
143 76
237 314
240 209
412 175
386 332
165 251
341 389
29 213
328 322
181 112
286 335
123 250
236 209
49 49
145 32
158 287
395 394
56 219
59 51
265 28
382 13
150 178
273 178
391 184
371 27
167 112
234 161
361 341
370 409
389 98
312 2
256 291
268 183
381 326
233 229
225 70
113 375
119 385
8 93
25 251
408 191
362 225
352 307
149 305
171 409
274 67
283 401
357 134
167 321
43 271
5 139
212 117
385 330
85 393
295 109
99 286
172 332
382 107
222 402
283 265
266 140
331 132
124 143
265 162
335 179
16 211
318 99
327 286
12 283
134 306
264 232
47 19
148 12
413 241
285 279
89 135
2 291
138 413
305 403
30 223
37 45
17 354
143 215
224 26
370 229
332 217
45 250
107 64
134 103
304 2
253 265
8 126
11 146
410 316
4 23
122 328
67 11
266 81
97 361
394 50
173 181
138 89
15 116
24 148
218 200
21 342
48 317
51 58
334 44
373 337
66 367
120 4
249 385
372 345
201 350
267 246
114 404
334 416
104 358
19 193
141 40
407 60
356 41
117 273
373 362
65 22
184 184
314 16
25 269
232 225
74 370
54 60
358 260
59 333
201 78
397 213
405 259
272 344
300 260
72 256
77 8
149 132
63 46
147 87
187 251
184 260
204 109
191 17
368 250
221 24
327 74
108 315
332 251
114 87
383 57
214 43
64 363
175 414
280 193
85 338
315 140
54 103
248 244
407 72
77 212
383 275
157 75
45 72
325 158
31 291
86 244
206 21
62 252
19 342
28 391
263 215
114 316
317 233
16 179
176 92
262 143
239 2
217 283
362 413
313 392
160 398
219 237
3 281
72 21
78 387
411 212
185 396
400 373
212 415
136 388
90 269
402 328
271 74
67 216
70 379
63 101
360 153
337 234
17 280
126 382
251 408
178 307
387 161
264 55
159 271
314 120
123 299
32 265
244 98
352 313
348 414
286 163
151 206
397 39
358 394
5 192
386 182
370 228
214 89
282 372
359 51
75 354
221 394
202 48
363 138
233 294
7 102
41 157
179 309
68 120
286 72
183 255
125 137
355 338
225 220
293 40
143 239
393 363
217 50
283 163
59 99
41 66
72 369
94 250
261 161
242 130
104 8
257 228
16 195
21 113
286 185
152 12
8 416
247 96
337 113
130 268
83 42
333 154
410 298
275 254
331 100
256 18
396 384
118 283
162 138
395 319
323 2
331 202
289 33
297 82
17 10
349 99
340 137
252 333
18 110
43 348
82 170
238 61
137 355
343 298
76 194
200 270
195 402
55 356
306 223
21 322
105 369
4 28
89 127
232 394
237 274
326 318
27 19
250 163
373 176
332 320
241 404
174 20
261 100
375 151
323 267
344 11
219 348
38 179
346 269
156 38
415 353
355 313
371 60
348 199
108 263
103 348
122 276
367 255
375 197
277 153
47 204
163 137
7 72
315 353
213 343
390 211
151 201
107 106
260 38
304 367
173 278
171 166
9 409
4 256
190 280
408 108
68 27
117 74
98 303
298 182
229 272
264 380
56 243
357 187
280 116
10 324
394 180
74 274
172 365
113 233
101 393
213 168
3 329
113 388
215 283
154 316
138 1
151 65
243 91
251 395
78 260
174 343
23 119
201 67
68 185
299 168
161 95
207 35
295 191
7 94
57 32
281 66
320 15
130 147
393 253
413 54
384 42
397 279
161 53
345 100
237 99
139 270
194 217
304 72
279 310
37 336
341 317
273 117
203 275
135 179
111 131
233 78
44 85
356 204
9 156
175 117
255 185
386 320
401 274
263 264
39 300
55 252
72 199
368 275
57 86
325 167
88 141
117 131
97 344
207 105
84 381
94 338
150 63
113 6
208 375
141 247
130 195
370 74
394 321
348 34
278 256
73 237
269 61
367 237
404 157
214 71
410 307
280 15
241 392
308 33
223 33
151 352
99 392
9 364
168 228
398 29
356 342
265 80
402 87
316 389
116 113
332 397
291 195
283 116
43 174
20 265
206 42
72 177
17 81
124 184
308 393
84 119
318 348
198 175
306 98
20 5
82 351
401 245
1 267
232 43
313 251
179 390
164 251
150 180
203 274
363 382
250 30
85 24
249 282
198 10
251 217
15 205
23 287
33 24
10 136
354 322
258 117
295 5
239 29
184 25
302 2
406 7
319 362
30 151
228 228
160 350
316 46
10 339
205 330
362 214
49 299
119 306
287 285
310 109
313 365
5 70
366 283
77 268
228 106
290 327
333 322
261 233
367 270
27 155
56 388
240 104
142 358
282 13
227 175
409 411
124 286
65 73
152 13
213 379
118 86
290 323
407 6
11 230
147 37
256 202
296 80
178 21
309 43
321 407
89 314
402 212
55 338
157 206
350 369
40 339
326 201
117 189
206 127
2 225
35 257
298 330
208 59
351 101
101 127
91 62
24 364
273 366
285 301
155 90
125 67
301 35
267 1
223 57
416 96
153 34
224 34
364 16
93 170
404 65
296 78
126 192
26 271
141 182
27 168
144 152
234 28
58 84
28 152
12 27
119 164
349 342
70 168
357 162
337 344
98 88
294 96
151 191
366 164
244 392
331 387
415 20
414 344
391 314
79 275
212 197
310 144
411 379
311 351
412 103
151 382
191 316
61 213
90 298
376 205
145 162
176 144
181 45
71 28
230 22
174 26
90 67
41 84
318 352
307 185
38 41
150 100
228 210
313 189
91 272
393 236
306 24
251 358
69 193
385 170
214 142
195 304
81 236
387 398
43 149
166 368
189 316
52 288
397 236
60 360
379 325
51 268
348 301
210 288
77 50
42 163
64 236
50 144
343 308
413 385
41 162
337 101
349 260
261 202
367 320
145 329
100 195
53 32
367 262
319 315
183 360
61 246
180 398
261 394
162 257
235 74
291 155
46 95
286 306
296 236
82 312
20 181
378 72
212 200
205 115
99 388
346 159
89 397
141 350
375 302
190 193
247 64
219 292
31 88
182 326
195 263
94 214
315 55
286 111
255 74
97 225
333 26
383 6
7 395
227 253
152 416
29 398
352 119
274 382
206 39
163 400
173 256
69 71
183 354
53 309
300 149
117 88
47 371
381 341
350 191
177 85
191 77
355 414
195 212
251 400
122 413
255 294
125 323
236 179
133 289
71 304
309 59
391 355
301 356
279 234
130 39
191 192
115 129
61 309
340 311
164 333
180 290
210 304
69 29
66 73
189 8
376 82
354 222
308 238
161 171
344 163
81 118
226 68
118 287
248 329
53 284
245 232
157 326
407 225
226 56
169 415
351 128
368 160
350 259
398 382
13 197
416 382
186 98
33 303
384 152
87 308
19 331
124 48
240 114
144 49
42 313
335 264
24 286
8 245
129 277
83 13
57 370
266 114
51 170
416 306
322 86
198 212
288 321
259 399
306 403
319 347
299 238
67 194
395 74
311 395
222 393
408 150
346 129
263 269
299 134
158 76
219 227
287 378
3 130
360 309
116 262
111 286
371 177
63 350
122 373
328 343
349 191
364 151
320 210
291 74
343 320
149 17
131 19
394 133
20 209
25 7
55 8
292 9
184 355
358 306
311 142
104 116
332 52
138 107
133 12
180 60
331 200
364 333
91 214
50 110
6 362
117 348
369 280
357 137
218 170
314 401
311 1
100 99
340 109
205 57
120 257
404 322
40 351
239 130
20 160
112 26
105 100
245 346
379 185
66 53
227 251
37 409
123 8
91 47
116 168
391 107
8 378
300 335
184 410
337 204
153 320
101 130
3 345
59 253
402 412
177 84
246 213
76 240
220 39
158 207
206 132
313 85
93 197
3 149
190 211