8
448
177 13
369 27
180 198
119 281
55 165
272 41
375 351
3 357
186 257
283 346
127 261
178 111
419 118
34 153
430 76
318 30
409 239
56 140
436 46
292 362
83 435
403 9
338 405
238 395
214 392
293 212
204 22
323 46
139 228
198 440
176 68
22 136
178 397
147 37
443 439
398 77
297 352
85 186
181 194
5 266
137 297
29 213
190 223
258 200
3 328
192 178
267 85
185 444
353 331
352 347
193 301
295 42
77 380
99 129
445 103
394 134
271 422
346 12
197 27
84 71
226 147
248 44
103 304
359 7
186 134
354 379
435 200
292 383
3 262
63 448
365 328
5 59
301 222
391 369
120 26
439 346
172 110
261 274
413 172
280 23
177 57
273 163
129 116
417 131
377 351
2 165
230 6
224 403
99 38
195 219
63 58
116 106
39 376
251 4
419 402
346 148
331 170
182 11
157 23
13 85
373 15
122 27
340 345
429 439
254 47
81 316
104 196
293 143
443 415
18 286
368 363
305 250
84 358
132 240
252 145
196 177
159 317
75 370
85 375
232 338
421 312
77 77
59 241
91 374
207 108
83 447
342 387
120 297
168 252
408 420
396 155
20 426
344 94
347 300
20 131
62 312
442 10
260 373
251 350
170 329
329 252
327 222
62 447
390 229
250 349
72 69
376 91
366 143
56 264
442 395
266 375
259 132
385 390
56 59
292 97
387 44
348 266
138 409
136 79
61 257
300 133
325 227
95 242
241 151
377 234
97 67
33 227
198 289
169 125
347 332
221 157
247 440
294 384
272 429
335 332
237 186
336 433
284 431
98 76
5 27
181 421
413 213
200 162
53 240
158 271
123 250
428 241
241 273
177 64
126 63
267 362
120 155
219 403
9 316
30 13
214 82
305 178
295 56
211 219
167 240
362 161
41 213
402 281
37 130
216 34
64 35
268 55
61 38
9 69
225 358
401 439
311 257
40 157
185 123
248 351
362 161
64 403
373 17
107 281
18 323
187 401
357 6
7 417
43 335
357 139
116 309
1 426
117 41
7 301
35 254
76 268
286 139
222 82
27 201
234 44
75 420
444 303
425 322
143 339
208 371
30 195
231 30
172 219
390 178
392 424
303 19
244 140
29 337
93 55
89 327
98 35
170 413
209 147
158 351
357 365
273 386
111 375
416 154
18 229
332 409
205 58
299 320
70 327
208 162
253 169
360 222
75 82
58 284
100 215
186 328
131 331
266 113
129 105
138 146
333 341
426 409
399 148
152 20
26 232
53 150
400 285
371 26
238 428
309 337
194 367
88 196
121 353
180 249
329 318
267 86
210 244
46 32
392 198
371 289
429 424
311 252
260 233
277 49
85 10
257 278
248 344
346 368
121 77
40 1
266 178
86 348
422 4
379 237
201 302
397 53
149 131
304 408
364 4
328 448
333 8
149 4
223 46
371 343
443 283
216 260
12 173
31 305
176 410
413 248
263 234
172 411
364 347
242 151
223 441
22 107
448 171
111 94
88 353
437 402
59 76
86 71
248 116
247 296
77 212
415 211
317 139
45 232
37 286
255 259
150 276
238 21
318 220
115 406
124 423
359 55
50 444
125 169
432 243
336 60
326 303
143 194
441 187
298 349
345 104
32 46
379 141
67 249
360 181
78 355
155 308
409 76
176 405
244 159
200 132
218 397
306 360
143 170
419 440
70 315
415 421
360 217
113 298
17 344
350 414
251 376
274 83
3 1
40 119
159 111
122 248
59 427
160 73
20 130
384 89
316 350
382 99
119 46
397 7
262 170
421 64
98 246
18 420
118 377
90 276
39 83
75 418
381 106
42 400
107 426
361 422
199 294
73 317
211 341
196 24
62 168
407 159
285 425
3 402
353 92
229 264
47 175
233 427
281 146
251 387
443 163
361 194
328 305
382 90
197 129
434 258
168 392
289 4
240 291
277 17
254 377
280 300
104 384
151 256
401 401
66 268
435 298
13 314
154 266
275 350
267 260
32 434
76 192
310 187
34 138
203 159
67 354
11 42
161 33
297 434
305 362
253 291
84 137
156 237
402 430
11 220
114 362
78 189
105 387
375 138
76 2
296 14
355 178
55 388
82 223
373 386
9 177
228 92
313 255
200 138
237 210
358 350
123 307
410 227
245 336
236 192
209 404
206 116
5 132
55 87
355 299
344 363
27 124
6 211
250 205
348 358
287 129
259 281
435 92
380 103
300 167
295 60
442 52
175 319
183 101
277 409
399 172
323 297
167 200
59 417
277 279
326 115
279 9
395 266
100 326
368 399
365 86
331 230
9 377
100 64
30 376
24 300
100 219
21 266
418 399
106 118
229 432
104 60
440 371
197 411
248 436
234 36
74 116
266 402
44 237
17 393
37 361
117 136
131 137
273 420
87 251
90 188
234 193
119 97
115 315
59 235
174 292
142 119
407 279
73 323
68 409
267 104
321 383
111 323
391 255
295 30
57 256
89 162
320 207
258 435
393 189
93 118
352 106
237 183
385 181
57 324
141 195
299 334
130 281
208 72
407 54
421 16
309 61
49 53
139 179
359 83
367 3
201 270
428 309
4 364
361 380
111 373
127 281
258 128
113 18
71 72
391 44
407 124
424 327
176 115
57 86
69 423
408 269
117 387
1 440
175 361
372 285
158 50
118 415
49 102
304 119
45 247
34 3
242 330
330 417
444 386
374 64
233 205
205 221
143 77
212 317
310 135
26 19
56 15
305 104
436 161
95 33
279 128
355 392
9 108
232 324
46 157
260 150
361 336
370 375
412 133
116 273
140 13
163 195
347 20
171 334
52 265
366 202
264 145
145 273
252 376
148 169
404 279
318 316
166 111
114 130
116 229
274 255
241 309
321 139
200 43
345 251
179 134
324 443
278 20
139 82
395 158
250 350
437 440
89 154
102 74
155 217
303 301
343 415
161 216
426 232
130 322
354 309
7 229
175 285
248 313
366 66
22 39
287 330
30 375
36 132
448 62
220 174
234 115
13 266
330 438
49 11
311 402
191 189
182 365
25 301
101 262
366 443
301 204
324 330
2 231
13 322
293 233
47 78
219 59
216 100
368 264
430 230
90 173
419 271
409 315
124 382
129 41
376 301
117 251
182 118
34 67
439 198
171 358
147 389
288 362
360 208
50 341
309 139
385 151
281 346
18 404
151 18
317 78
318 433
200 371
422 105
309 285
302 31
194 321
291 33
106 202
112 155
95 421
293 351
123 446
248 12
401 270
29 141
347 218
445 419
13 419
75 321
255 377
224 320
121 66
224 226
268 336
381 234
180 97
136 302
94 256
314 367
77 214
379 296
304 376
266 316
218 340
188 344
140 411
87 260
349 310
358 40
197 290
273 376
258 280
102 224
407 287
142 356
372 72
203 227
319 340
94 408
103 154
303 115
436 389
246 336
123 155
375 319
316 71
119 446
351 92
221 181
378 234
88 173
177 162
400 48
53 365
7 28
390 182
14 378
442 259
137 116
286 64
307 25
134 425
22 356
388 242
89 189
27 176
361 204
210 184
123 134
101 1
161 362
182 174
291 176
305 428
291 142
363 21
166 368
445 188
276 256
301 236
444 200
283 229
275 44
412 397
178 384
397 210
298 3
256 140
178 112
439 340
125 353
361 290
273 229
349 420
357 74
79 352
273 361
4 99
277 416
367 6
351 187
87 200
189 342
340 238
325 202
2 1
427 234
163 251
334 383
94 242
8 172
18 152
404 21
122 232
436 360
109 339
99 196
410 287
409 173
77 286
375 78
286 353
183 448
27 68
255 120
310 262
163 327
286 118
219 407
350 207
319 10
417 289
77 378
127 38
103 75
195 349
24 32
253 206
352 151
274 158
270 135
291 432
333 128
421 103
407 322
181 149
204 149
437 152
399 435
61 373
62 255
273 85
287 397
163 62
99 436
91 368
442 381
223 326
381 195
300 211
389 33
359 16
53 219
167 3
77 228
375 138
34 199
95 192
147 257
125 245
244 215
36 109
20 130
434 400
197 285
162 9
189 392
24 242
34 62
116 110
289 43
120 195
113 214
258 132
342 383
248 9
21 156
117 40
285 422
311 33
130 24
361 319
287 384
432 192
446 99
302 158
141 293
224 126
378 354
257 271
288 376
151 180
83 267
220 240
240 82
144 369
426 57
111 136
440 94
328 309
193 53
339 205
345 434
202 146
339 330
416 50
258 118
230 212
256 1
3 367
402 147
159 379
203 270
387 66
235 266
247 299
190 137
56 406
122 129
103 333
11 390
382 140
59 35
351 186
355 354
104 309
52 262
111 126
403 49
191 190
186 437
40 375
125 415
204 119
96 306
323 426
247 128
117 177
163 19
362 69
244 337
377 167
151 360
292 105
408 35
294 146
23 206
392 20
172 148
10 139
325 332
116 124
11 104
172 45
443 406
114 238
294 362
405 316
273 120
421 233
154 138
250 49
343 193
68 387
212 397
77 89
280 65
84 162
168 255
207 162
84 192
272 378
105 100
117 250
219 89
34 245
99 155
293 313
219 232
251 431
180 200
391 331
264 26
364 303
152 442
337 236
185 32
37 162
131 153
411 221
114 316
337 84
22 181
396 112
412 71
414 15
270 356
345 405
381 261
259 405
254 19