8
512
497 269
369 475
244 134
183 25
311 101
80 105
503 415
323 485
506 65
219 90
127 69
434 367
99 182
354 409
174 12
318 158
281 175
120 12
308 302
36 106
403 115
211 393
18 21
366 11
86 72
101 212
140 22
67 238
203 420
134 376
432 452
22 200
114 141
211 421
443 247
14 333
361 224
213 378
245 66
389 330
137 489
29 277
510 95
2 200
3 136
64 434
75 85
121 188
225 331
96 155
65 109
487 426
333 188
291 65
253 167
394 390
143 422
154 140
5 155
340 7
290 403
440 364
487 48
39 199
378 134
354 443
243 328
356 63
3 134
127 256
301 8
133 443
429 286
71 433
440 410
439 218
300 366
69 274
413 108
472 279
241 313
209 483
129 52
33 131
185 159
386 485
166 6
416 83
291 486
3 219
383 442
436 170
295 504
443 196
99 402
474 340
203 170
310 331
221 343
461 405
501 335
378 155
340 281
237 119
254 239
337 124
168 260
293 463
251 223
146 350
112 107
177 314
276 486
132 496
316 81
388 305
415 253
459 242
21 183
360 274
421 184
397 77
443 177
27 182
399 172
19 511
278 195
312 41
168 444
24 484
12 411
276 426
152 222
155 172
404 3
446 312
186 330
388 117
507 414
298 393
73 316
391 350
510 191
390 165
122 413
136 133
312 411
46 463
120 200
122 11
202 55
323 388
385 198
504 379
100 289
259 172
92 138
10 89
328 399
253 449
300 389
69 99
287 114
49 407
313 170
417 3
225 227
390 97
425 381
475 12
157 221
183 248
358 192
336 173
79 76
109 378
464 177
476 239
290 12
133 91
181 37
93 405
264 482
501 176
350 463
187 506
172 369
241 17
49 64
190 127
139 298
504 91
475 467
329 252
478 461
342 146
497 434
39 248
403 27
423 240
490 97
233 149
466 473
165 2
24 354
128 163
140 119
253 102
73 69
353 38
17 183
183 1
104 221
249 507
248 159
234 225
256 467
373 209
427 25
210 451
379 337
101 6
455 353
107 15
421 459
52 437
129 234
437 233
455 173
227 190
332 460
414 75
414 274
283 329
298 492
267 164
316 367
169 258
207 275
272 115
222 323
39 350
44 475
70 498
136 296
175 467
244 76
29 145
349 311
473 135
290 227
298 93
81 467
350 287
229 109
401 450
431 439
288 474
402 357
460 25
141 122
491 384
198 7
16 34
317 489
168 94
203 466
186 284
420 23
58 136
131 459
74 49
385 361
10 274
205 469
298 345
79 276
216 276
282 232
309 86
208 477
179 410
430 364
181 337
386 239
472 4
185 33
52 57
393 62
331 86
18 116
430 96
392 134
371 161
365 168
247 60
132 425
469 49
277 138
385 150
376 344
154 48
377 205
104 257
266 434
342 284
38 260
379 429
393 238
77 245
405 323
304 24
236 260
72 512
397 456
149 260
287 302
307 151
507 411
408 260
332 237
31 369
496 410
285 376
135 362
108 27
172 411
50 407
159 121
406 43
64 43
303 350
344 97
501 338
507 396
86 327
120 116
183 104
13 468
479 147
317 75
173 488
485 222
383 131
342 276
174 405
318 476
243 150
60 231
487 55
114 60
381 233
176 51
336 188
6 303
335 322
377 507
298 349
217 168
480 46
443 141
451 249
104 181
398 163
411 372
217 12
432 85
244 95
136 68
282 141
370 104
463 234
99 248
70 315
415 37
360 345
177 298
81 280
478 478
443 376
338 147
387 257
232 119
351 367
186 120
507 43
224 457
276 322
192 345
124 94
382 483
439 46
269 7
326 234
485 256
98 310
402 484
54 121
90 404
487 275
11 482
317 234
426 80
43 106
425 166
199 294
137 125
339 405
132 152
126 104
407 223
413 297
195 466
417 284
357 392
47 367
361 363
89 274
443 131
379 355
297 66
136 433
190 474
325 321
114 450
424 8
161 324
304 355
277 209
126 121
88 172
488 448
23 64
209 465
194 76
307 490
141 442
410 330
403 222
139 4
160 50
12 320
374 315
162 138
11 287
259 98
459 234
33 481
297 242
433 490
317 227
468 457
156 365
274 46
75 412
50 234
462 61
41 323
375 202
460 386
488 206
483 434
439 4
402 223
245 322
201 49
36 156
505 191
8 266
237 82
166 286
315 115
346 355
437 208
44 384
81 20
78 52
453 4
55 343
227 299
152 427
347 188
70 339
378 77
92 102
159 257
387 473
371 220
316 295
428 359
167 508
378 244
47 319
247 101
149 473
399 300
387 233
487 456
59 353
21 151
454 179
407 329
139 266
36 454
48 463
301 214
459 166
457 505
484 192
94 120
152 492
420 27
213 394
482 271
234 502
421 176
168 316
504 307
69 27
248 116
490 36
330 436
202 274
428 173
465 9
293 105
501 200
131 201
81 100
471 315
90 380
490 257
183 481
51 251
507 299
366 484
334 183
407 23
457 323
196 409
331 488
1 319
175 131
7 255
231 478
57 320
345 34
64 15
2 115
265 509
413 118
480 234
301 375
257 245
185 452
141 3
427 142
322 89
272 328
343 502
293 400
309 125
433 373
139 435
487 403
431 387
9 398
108 309
260 364
41 444
303 181
447 217
322 256
305 82
71 136
71 364
23 380
488 455
240 115
377 214
5 295
88 13
181 195
321 440
47 361
372 349
30 306
54 351
49 358
432 119
493 503
482 3
370 458
458 97
60 322
310 64
105 397
77 285
79 397
212 125
246 71
474 275
376 15
113 424
372 33
31 353
23 512
355 392
457 300
488 4
110 285
68 214
169 144
498 247
28 197
372 273
268 333
35 131
347 148
43 206
180 73
46 202
72 401
81 17
188 56
20 297
340 87
510 508
230 495
242 258
180 101
18 447
433 53
65 267
200 107
473 379
179 6
68 251
406 148
267 82
203 286
378 30
373 376
25 90
358 266
347 25
367 365
471 287
417 24
42 104
130 2
482 309
7 37
47 413
184 313
494 386
86 359
415 458
222 439
36 68
192 382
92 46
234 51
333 138
74 374
241 203
375 210
511 381
246 45
281 429
357 262
302 443
109 204
388 330
130 423
397 322
293 489
367 14
27 187
152 100
48 392
302 422
90 301
291 335
345 59
252 190
321 41
120 429
245 507
246 374
418 131
183 198
107 38
211 133
224 362
232 272
242 21
181 331
321 471
153 154
18 404
343 338
445 462
254 177
456 499
38 361
117 221
46 223
258 257
355 481
106 74
240 347
95 421
165 415
379 318
56 396
209 398
221 141
347 474
317 291
461 355
139 65
63 185
288 320
441 130
288 34
204 16
381 298
436 33
200 302
350 256
186 47
141 406
187 488
368 504
266 316
346 404
380 408
76 155
215 4
285 502
38 488
5 418
273 440
450 472
230 288
215 415
334 356
308 8
331 163
511 84
478 344
487 346
239 51
500 453
54 272
443 91
247 447
508 7
375 446
479 92
221 181
506 42
24 301
49 354
464 48
437 429
391 412
262 118
462 250
58 3
9 500
94 256
435 89
262 297
22 228
388 242
409 381
283 432
169 332
274 120
379 198
37 257
97 298
374 46
35 432
49 44
419 142
299 341
230 48
125 252
276 512
493 172
380 264
91 37
83 364
156 461
50 192
205 146
490 67
192 12
498 240
55 404
381 353
233 98
401 357
349 164
357 330
335 224
81 425
260 163
277 416
111 326
95 315
471 72
381 150
84 366
389 138
258 257
491 490
355 379
334 191
30 178
8 364
402 88
276 149
250 40
52 360
365 147
163 324
218 31
473 301
397 350
439 142
94 417
119 448
283 452
127 312
118 134
163 7
222 438
155 471
478 207
319 330
353 481
141 58
511 102
359 395
451 285
24 32
189 142
480 471
82 94
270 199
227 432
205 448
357 359
407 322
53 213
140 405
181 280
463 179
381 309
62 319
81 85
351 269
227 318
227 308
411 496
506 125
415 198
61 259
44 467
69 97
167 208
501 347
487 451
13 356
247 74
162 327
159 512
83 385
317 309
180 215
292 173
340 194
370 400
453 413
354 9
509 8
216 498
354 190
436 366
33 171
440 195
497 86
194 68
470 511
376 137
213 156
309 40
349 166
439 289
66 280
297 63
287 512
48 128
190 483
494 222
141 421
416 126
506 98
193 463
96 56
87 308
211 395
348 48
48 274
336 113
42 121
175 328
120 222
456 309
193 437
19 333
345 434
458 338
19 138
288 114
194 374
422 404
256 257
451 303
18 275
415 59
395 78
387 2
299 330
311 491
254 329
312 86
250 257
423 269
395 198
382 76
59 291
479 314
35 418
104 53
180 6
111 62
83 497
63 382
314 373
360 55
189 159
140 439
416 50
195 298
247 64
373 305
355 339
106 389
244 209
441 423
215 40
484 297
24 35
166 338
407 14
392 84
172 20
10 75
69 204
372 316
267 232
108 109
59 214
498 302
422 426
213 124
465 184
421 489
218 74
314 113
87 193
196 259
212 205
333 281
408 193
84 162
424 191
271 482
404 256
272 314
169 484
437 122
155 345
98 373
419 411
485 505
91 168
251 303
372 72
71 267
264 154
428 175
344 186
145 236
441 416
37 98
387 473
219 29
306 316
401 212
214 373
204 304
28 455
94 399
14 164
153 277
317 69
451 149
254 83