8
768
497 525
113 475
756 646
695 537
311 101
592 361
503 159
323 229
506 577
475 602
383 325
690 623
355 694
98 409
686 12
62 670
25 175
376 12
52 558
36 618
147 115
211 649
274 533
366 267
342 328
101 212
652 22
67 494
715 420
134 120
688 196
22 712
626 653
211 165
443 247
14 589
617 224
469 122
245 322
645 74
649 745
285 21
254 607
514 456
259 136
576 178
587 85
377 444
225 587
96 667
321 109
743 170
589 444
547 321
253 423
394 134
655 678
154 140
517 155
84 263
546 147
440 364
487 304
295 711
122 646
610 443
755 584
100 63
515 134
383 768
557 264
389 699
173 30
327 177
440 410
439 218
556 366
69 274
669 364
216 279
497 313
209 483
385 308
33 131
441 671
386 485
166 6
416 595
291 230
259 731
639 186
180 682
39 248
443 708
99 146
474 596
715 682
566 331
477 87
717 149
757 335
122 411
596 537
237 119
254 751
337 124
168 516
293 207
251 223
402 606
368 107
689 314
20 742
132 496
316 81
132 305
415 253
203 498
277 695
104 530
677 440
141 77
187 689
539 694
143 172
19 767
534 707
568 41
168 700
24 484
12 155
276 682
664 478
411 428
404 515
446 568
186 74
132 629
763 670
42 393
329 60
391 94
254 191
390 421
122 413
392 389
56 667
558 207
632 200
634 523
202 567
323 644
641 710
504 123
612 33
515 428
92 138
10 345
584 399
253 193
300 645
581 355
31 370
49 663
57 682
417 515
737 227
390 97
169 381
219 268
413 221
183 760
614 192
592 429
79 76
621 378
208 689
220 239
546 268
389 603
437 293
605 405
520 226
501 176
94 207
443 762
428 113
753 273
305 576
190 383
139 42
248 347
219 467
73 764
734 461
86 658
241 690
295 760
403 283
423 752
746 353
745 661
466 729
165 2
24 610
640 163
140 375
765 358
73 69
609 294
17 695
439 257
104 733
505 763
504 159
746 481
512 723
373 209
171 25
466 195
123 593
357 262
199 353
619 527
677 715
308 693
129 746
181 233
199 685
483 702
332 716
670 75
670 530
539 329
42 236
523 164
60 367
425 514
207 531
272 371
478 67
295 606
44 731
326 242
136 40
431 467
756 332
29 145
349 567
473 391
34 483
42 349
337 467
350 543
485 621
145 194
687 695
32 218
146 613
460 281
653 378
235 128
198 263
272 546
317 233
424 606
203 466
442 540
420 23
314 392
643 715
586 49
129 105
522 274
717 469
42 89
79 532
472 276
26 232
309 598
464 221
435 666
174 108
437 593
130 239
472 260
441 289
564 569
649 318
331 86
18 372
174 352
136 646
115 417
109 424
503 60
644 169
725 49
533 650
129 662
376 600
410 48
377 205
104 257
10 690
342 284
294 4
635 685
649 750
589 245
661 579
304 536
748 516
72 512
653 456
661 516
543 302
563 151
763 155
664 4
76 493
543 625
496 410
29 632
391 106
364 283
684 155
306 151
159 633
150 43
320 43
559 350
600 609
501 82
251 652
342 327
376 116
439 360
525 468
479 403
61 75
173 744
229 478
383 387
598 532
686 405
62 732
755 662
572 743
743 311
626 316
637 489
688 563
336 444
518 47
335 578
121 507
42 605
473 424
480 302
187 653
707 249
616 693
398 675
667 628
217 12
432 341
500 351
136 68
26 141
370 360
719 746
355 760
582 59
671 549
360 345
433 554
593 536
734 478
443 120
338 147
131 1
488 119
351 111
442 632
251 43
224 457
276 578
704 89
124 606
126 739
183 558
525 263
582 746
741 256
98 310
658 484
566 633
602 148
743 531
11 482
61 490
170 336
555 106
681 678
199 38
649 381
83 661
132 664
638 104
407 735
669 297
707 466
161 540
613 392
559 111
105 619
601 530
443 387
123 355
297 322
648 433
190 730
325 321
114 194
680 520
417 580
304 355
533 721
382 633
344 172
744 704
279 64
721 721
706 332
563 490
653 442
154 330
659 478
139 4
160 50
12 64
118 571
418 650
523 287
515 354
459 746
545 225
41 754
433 746
317 227
724 457
668 109
18 558
75 156
50 490
462 61
553 579
631 202
460 642
488 462
227 434
439 260
146 735
245 578
201 561
36 156
249 191
520 522
749 594
678 30
315 627
346 99
437 208
556 384
337 532
78 564
453 4
55 599
739 555
664 171
347 700
326 83
378 77
604 614
159 1
643 729
627 476
316 551
172 103
167 508
122 244
303 63
247 613
149 473
399 44
643 233
231 456
315 609
21 407
454 179
663 585
139 522
292 454
304 463
45 726
459 422
457 249
484 192
94 632
664 748
676 27
469 138
482 271
234 758
677 688
424 572
504 51
581 283
504 372
234 36
330 692
458 274
172 429
465 521
549 617
757 456
643 457
81 612
727 571
602 124
490 257
183 481
307 763
763 299
622 228
590 439
151 535
713 579
196 665
331 744
513 319
687 643
263 255
487 222
57 576
601 34
320 15
514 627
265 765
413 118
480 490
557 119
257 757
697 708
653 515
171 654
66 345
528 328
87 246
37 144
53 637
433 629
139 435
743 403
431 387
521 142
364 565
260 620
41 444
47 181
191 473
66 512
49 594
327 136
327 364
535 636
488 455
496 627
121 470
517 551
344 269
181 707
321 696
47 361
372 93
30 562
566 95
561 102
176 119
493 503
738 259
626 714
714 353
572 66
310 320
105 141
77 541
79 653
468 125
502 71
474 531
120 527
113 680
116 289
287 609
279 256
355 392
201 556
232 260
622 541
68 214
681 400
754 247
284 453
628 17
12 589
35 131
603 148
299 718
692 585
558 458
328 401
81 529
188 312
20 297
340 343
510 252
742 751
754 258
692 613
530 703
433 53
321 267
456 619
473 379
691 518
324 251
150 404
267 338
715 542
634 286
117 632
25 90
614 266
603 537
111 621
727 31
673 280
554 616
386 258
482 309
7 37
47 157
440 313
494 642
86 615
415 458
478 439
548 324
704 638
348 302
746 307
589 138
586 374
753 203
631 466
767 125
502 45
281 429
613 262
302 187
109 716
644 586
642 679
141 66
549 489
367 526
283 187
152 100
48 136
558 678
90 557
35 591
89 571
252 190
65 553
376 429
757 251
246 630
162 643
695 198
619 550
211 133
224 362
488 272
754 277
437 75
321 727
153 410
530 404
87 82
445 462
510 433
200 243
550 617
373 733
46 223
514 513
611 737
362 330
496 347
607 165
421 415
123 62
56 140
465 398
221 397
91 218
317 547
717 99
395 321
63 441
32 64
441 642
288 34
204 16
381 298
436 289
712 558
350 256
698 303
653 406
187 232
112 504
10 60
90 404
380 408
332 411
727 4
541 246
294 232
261 674
529 696
450 728
742 288
471 159
590 612
52 8
75 163
767 340
222 344
231 90
751 51
756 709
310 528
443 603
759 703
764 7
119 702
735 348
221 693
506 298
536 45
561 98
208 560
437 685
135 156
262 374
462 250
570 3
265 244
94 256
435 345
262 553
278 484
388 498
409 381
27 176
425 588
530 120
635 454
37 257
609 554
630 302
35 432
561 300
675 654
43 597
230 560
381 508
276 256
493 172
636 8
603 549
83 364
668 717
50 192
205 146
746 323
704 12
754 496
567 148
637 609
745 98
401 613
93 164
357 74
591 224
81 425
260 163
277 160
367 326
351 59
727 328
381 662
340 622
645 394
258 513
491 490
99 123
590 447
542 178
520 364
658 88
276 149
506 552
308 360
365 659
419 324
474 31
473 301
653 350
695 142
94 417
119 192
27 708
127 568
118 646
419 7
222 694
411 727
478 719
319 74
97 225
653 570
255 358
103 395
195 285
24 288
701 142
736 215
82 94
14 199
227 432
461 448
613 103
663 322
309 469
652 405
693 24
463 435
637 53
62 63
337 85
351 525
483 574
739 564
155 752
250 381
671 710
317 515
300 467
325 609
167 464
501 347
487 195
269 356
247 330
418 583
671 256
339 385
317 309
180 471
548 685
340 706
626 656
709 157
354 521
253 8
216 754
610 190
436 110
545 683
696 451
753 598
194 580
470 511
376 137
469 412
53 40
349 166
183 289
578 536
297 63
31 512
304 128
702 739
238 734
653 421
672 126
506 354
705 207
96 568
599 52
211 651
92 48
48 274
592 625
298 121
175 584
632 478
712 53
449 437
275 589
89 434
202 82
19 394
288 370
194 118
422 660
256 513
707 559
274 531
671 571
651 78
643 2
43 586
311 747
510 585
568 86
250 257
167 525
651 710
126 332
59 35
223 570
35 162
360 309
692 262
367 62
595 241
63 638
314 373
616 55
189 671
396 695
160 562
707 298
503 320
629 49
355 83
618 389
500 465
697 679
727 552
740 553
24 35
422 338
407 526
648 84
428 276
266 75
325 204
372 60
523 488
364 365
59 470
754 558
166 170
469 380
721 696
165 745
730 74
570 625
599 449
708 515
212 461
589 537
664 449
84 674
168 447
271 226
404 512
272 570
681 228
437 122
155 601
98 373
163 155
229 249
91 424
763 303
116 72
327 267
520 410
428 175
344 186
657 748
697 416
37 98
643 473
219 285
562 572
145 212
726 373
460 304
28 711
94 399
14 420
665 21
61 325
195 661
510 339