8
896
625 13
369 475
628 646
567 281
55 613
720 489
375 799
451 357
634 705
731 346
127 709
178 111
867 566
482 153
430 524
318 30
409 687
504 140
436 46
292 362
531 883
851 9
786 405
238 395
214 840
741 212
652 22
323 494
587 676
646 888
176 68
22 584
626 397
595 37
443 887
398 77
745 352
85 634
629 194
5 714
137 745
29 661
638 223
258 200
3 776
192 178
715 85
633 444
353 331
352 795
193 749
743 42
77 828
547 577
893 551
394 134
271 422
794 12
645 27
84 519
674 147
696 492
103 304
807 455
634 134
354 827
883 200
740 831
3 262
511 896
813 776
5 59
301 670
839 817
568 26
439 346
172 110
709 274
413 620
728 23
625 57
721 611
129 564
417 131
825 799
2 613
678 6
672 851
547 486
643 219
511 58
564 554
39 376
699 452
867 402
346 596
331 170
182 459
605 471
461 533
373 463
122 27
340 793
877 887
254 495
81 764
552 644
293 591
891 863
18 734
368 363
305 698
532 358
132 240
700 593
644 177
159 765
75 370
533 823
232 786
421 312
525 77
59 689
539 822
655 556
531 895
790 835
568 297
168 700
408 868
396 155
20 426
792 94
795 300
20 131
62 312
442 458
260 373
251 798
170 777
329 700
775 222
510 447
390 677
250 797
520 517
824 539
814 591
504 712
890 395
714 823
707 132
385 838
504 507
740 545
387 44
348 266
138 857
584 527
509 705
300 133
325 227
543 242
689 151
825 682
545 515
481 227
646 737
169 125
347 780
669 605
695 888
742 832
720 429
335 332
237 634
336 433
732 879
546 524
5 475
181 421
861 661
648 610
501 688
606 719
571 250
428 241
241 273
177 64
574 511
267 810
120 603
219 851
457 764
478 461
214 530
753 178
295 504
659 667
167 240
362 609
489 661
850 729
37 130
664 482
512 35
268 503
509 486
457 69
225 806
401 439
311 257
488 605
633 123
248 799
362 609
512 851
373 465
555 281
466 323
635 849
357 6
455 865
491 783
805 587
564 309
1 874
565 489
455 301
483 702
76 716
286 587
670 530
27 201
682 492
523 420
444 751
425 770
591 787
656 371
478 195
679 478
172 219
838 626
392 424
303 467
244 588
29 785
93 55
89 775
546 483
170 861
209 595
606 799
357 365
273 834
559 823
416 602
18 229
332 409
653 506
747 768
70 775
656 162
701 617
808 222
75 82
58 284
548 663
186 776
131 331
714 561
129 105
138 146
333 341
426 857
847 148
600 20
26 232
53 598
848 733
819 26
686 876
309 337
642 367
88 644
569 801
180 697
777 318
715 86
658 244
46 480
392 646
371 289
877 424
759 700
260 681
725 49
533 10
257 278
248 344
794 816
121 77
488 1
266 178
86 796
422 4
379 685
649 750
845 501
149 579
304 408
364 4
328 896
781 456
149 4
671 46
819 791
891 283
664 260
460 621
31 753
624 410
413 248
263 234
620 411
812 795
690 151
671 889
22 555
448 171
559 94
88 353
885 850
507 524
86 71
248 116
695 744
525 212
863 659
317 587
45 232
485 734
255 259
598 276
686 21
318 220
115 406
572 871
359 55
498 444
125 617
432 691
336 60
774 303
591 194
889 635
298 349
345 552
480 46
827 141
67 249
360 181
526 803
155 756
857 524
176 853
244 607
648 580
666 397
754 360
591 618
867 888
70 315
415 421
360 217
561 298
465 792
350 862
699 376
722 531
3 1
488 119
607 111
570 248
507 427
608 73
20 578
832 89
764 350
382 99
567 46
397 7
710 618
869 512
98 694
18 868
566 377
90 276
487 531
523 866
829 106
42 848
555 874
809 422
199 294
521 765
211 789
644 24
510 616
407 607
285 425
451 850
801 540
229 264
47 623
233 875
729 146
699 387
891 611
809 194
776 305
830 90
197 577
882 706
168 392
289 452
688 739
277 465
254 377
728 300
104 832
151 704
849 849
66 716
435 746
13 314
154 714
275 350
267 260
32 434
524 192
758 187
34 138
651 159
515 354
459 490
161 481
297 882
305 362
701 739
84 585
156 237
402 430
459 668
562 362
78 189
553 835
375 586
76 2
744 462
355 178
55 388
530 223
373 834
457 177
676 540
761 703
648 138
237 210
806 798
571 755
858 227
693 336
684 640
209 404
206 564
453 132
55 87
355 299
792 811
475 572
454 211
250 205
348 358
287 129
259 729
883 92
828 551
300 615
295 508
890 500
175 319
631 101
277 857
399 172
771 745
615 200
59 865
277 279
326 563
279 457
395 266
548 326
816 847
813 86
331 678
457 377
100 64
478 376
24 748
548 667
469 266
866 399
106 118
677 432
552 60
888 819
197 411
248 884
234 36
74 564
714 402
44 685
465 393
37 361
117 584
131 585
721 868
87 699
90 636
234 641
567 97
563 763
507 683
622 740
590 567
407 279
73 323
68 409
715 104
769 831
559 771
391 255
743 478
57 704
89 162
320 655
258 883
393 637
541 118
352 106
685 631
385 629
57 324
141 643
299 782
578 729
656 72
855 502
421 16
309 509
49 501
139 179
359 531
815 3
649 270
876 309
4 364
809 828
559 821
575 729
706 128
561 466
71 520
839 492
407 124
872 327
624 115
505 86
517 423
856 269
565 835
449 440
175 361
372 733
158 50
566 863
49 102
304 119
493 247
482 3
242 330
330 865
444 834
822 64
233 653
205 669
591 525
212 765
758 583
474 19
504 15
753 552
884 161
543 481
279 128
355 392
457 556
232 772
494 157
708 598
809 784
370 375
412 581
116 273
140 461
163 643
347 20
171 334
52 713
814 202
712 145
593 273
700 824
148 169
852 727
766 764
614 111
114 130
564 229
274 703
689 309
321 139
200 491
345 251
179 134
324 891
278 20
139 82
843 158
250 798
885 888
537 602
102 522
603 665
751 749
343 415
161 664
426 232
130 770
354 309
7 677
175 285
696 313
366 514
470 487
287 330
478 823
36 580
448 510
220 174
234 563
461 266
330 886
497 459
759 850
639 637
630 813
25 301
101 262
814 443
749 204
772 330
2 679
13 322
293 233
495 526
667 59
664 100
816 264
430 678
90 173
419 719
857 315
124 830
577 41
376 301
117 251
630 118
34 515
439 198
619 806
595 389
736 362
360 656
498 789
309 587
833 599
281 794
18 404
599 466
317 78
766 433
200 371
422 105
757 733
302 479
642 769
739 481
106 202
112 603
95 421
293 799
123 446
696 12
849 270
477 141
347 218
445 419
461 867
523 321
703 825
672 320
569 514
672 674
716 784
381 682
180 545
584 302
94 256
314 815
525 662
827 744
752 376
266 316
218 788
636 792
588 411
87 260
797 758
806 488
645 290
273 824
706 728
102 672
855 287
590 356
820 520
203 675
767 340
94 856
103 602
751 563
884 837
694 784
571 603
375 319
764 519
119 446
351 92
221 181
378 682
536 173
177 610
848 48
53 813
7 28
390 630
462 378
442 259
137 116
734 512
307 473
134 425
22 356
388 242
537 637
27 176
809 204
658 632
123 582
549 1
609 810
630 174
291 176
305 428
291 142
811 469
614 816
893 636
276 256
749 684
892 648
731 677
723 492
412 845
178 832
845 658
746 451
704 140
626 112
439 788
125 353
361 738
273 229
349 420
357 74
79 352
721 809
4 547
277 416
367 454
351 187
87 200
637 790
340 238
773 650
2 1
875 234
611 251
334 831
542 690
8 620
18 600
404 21
122 680
436 360
109 787
547 196
858 287
857 173
525 734
823 526
734 801
631 448
27 68
255 568
758 262
163 775
734 566
667 855
350 207
319 458
865 737
525 826
127 486
103 523
195 797
24 32
701 654
352 599
722 606
270 583
739 432
333 576
869 103
407 322
181 597
652 149
437 152
847 435
509 821
62 703
721 85
735 397
611 62
99 436
539 368
890 381
671 326
829 643
300 211
837 481
807 464
501 219
615 451
525 228
375 586
34 199
543 640
595 257
573 693
692 215
36 557
468 578
882 400
197 285
610 9
637 392
472 242
482 62
564 110
289 43
568 195
113 214
706 580
342 383
248 9
469 156
565 40
733 422
311 33
578 24
809 319
287 384
432 640
446 99
750 606
141 293
672 126
378 354
705 719
736 824
599 180
83 267
220 688
688 530
592 369
426 505
559 584
888 94
328 309
193 53
787 205
345 434
202 594
787 778
416 498
706 118
678 660
256 1
451 815
402 147
159 827
651 718
387 514
683 714
695 747
638 585
56 854
122 129
551 781
11 838
382 588
59 35
351 186
803 802
104 309
52 262
111 574
851 497
191 638
186 885
488 823
573 415
652 567
544 306
323 426
247 576
117 177
611 467
362 517
244 337
825 167
599 808
740 553
408 35
294 594
23 654
392 468
172 148
10 587
325 332
116 572
11 104
620 493
443 854
114 686
294 810
853 764
721 568
421 233
602 586
698 497
343 193
68 387
212 845
77 537
280 65
84 162
168 703
655 610
532 640
272 826
553 100
565 250
667 89
482 245
547 155
741 761
219 680
251 431
628 200
839 779
264 26
812 303
600 442
785 236
185 32
37 610
131 601
859 669
562 316
785 84
470 629
844 560
412 71
862 15
270 804
793 405
829 709
707 405
254 467