8
960
689 333
689 283
756 838
887 345
311 869
784 937
503 543
707 37
698 193
91 794
767 517
306 47
739 118
674 793
302 780
254 862
25 943
184 780
820 942
36 42
723 691
19 265
274 725
174 843
918 136
677 596
652 22
643 302
139 228
134 312
880 388
214 904
242 269
595 933
251 631
14 13
233 32
277 506
629 322
261 458
457 937
93 21
830 607
322 840
835 328
192 754
587 277
569 828
417 203
672 667
705 685
551 938
589 828
355 129
61 615
586 518
463 678
538 332
325 731
84 71
930 147
824 556
295 304
295 711
506 838
418 251
563 8
100 63
707 326
191 768
941 648
197 315
365 606
519 561
248 602
631 218
748 366
645 82
669 940
792 87
689 121
209 291
1 308
225 707
633 287
386 485
934 582
800 211
99 230
643 347
831 186
564 490
423 248
443 132
99 146
90 788
139 298
950 139
477 87
717 149
373 143
506 219
596 345
429 695
446 943
913 316
168 516
677 591
635 31
594 606
176 683
305 314
20 166
324 496
124 81
516 497
223 61
587 690
277 887
296 722
869 248
909 77
763 497
539 310
527 172
787 575
726 131
760 617
168 124
24 292
204 539
660 298
472 286
27 620
212 323
254 952
570 74
900 245
571 478
426 9
521 252
583 286
254 383
774 421
506 797
584 581
248 283
750 591
440 776
250 523
10 375
515 452
449 326
696 891
804 33
899 236
284 522
394 537
776 207
829 193
876 453
773 163
607 562
625 87
249 874
609 131
161 35
582 481
361 189
411 76
221 221
183 376
614 576
784 429
655 652
621 570
16 305
604 623
738 268
581 27
53 101
29 213
136 610
693 368
670 15
443 762
236 497
177 849
113 960
190 767
523 810
248 539
27 851
73 764
158 653
662 82
625 690
295 760
211 859
39 752
746 353
553 853
850 729
741 2
600 802
640 163
524 759
573 550
649 645
225 678
209 887
631 833
488 925
505 571
696 543
362 481
896 915
373 785
555 25
658 195
699 209
357 262
7 929
811 527
485 907
116 693
705 746
565 233
583 109
675 318
524 908
670 459
862 914
155 329
810 812
523 548
60 751
809 898
591 531
464 947
478 451
679 222
236 155
326 818
136 40
47 659
948 716
29 721
541 183
89 391
34 483
810 925
145 659
734 735
101 237
721 578
687 311
800 794
338 37
652 473
77 570
43 896
198 71
656 738
125 617
40 30
11 850
826 156
420 599
890 392
835 523
10 433
705 681
138 82
717 661
426 665
271 340
472 468
410 40
117 406
656 29
435 666
750 300
821 209
898 623
472 644
57 481
948 761
73 126
715 662
786 180
366 928
520 838
307 801
877 424
119 444
452 553
149 241
725 842
321 662
376 792
218 432
185 205
104 257
202 690
918 860
870 196
827 301
73 174
13 821
469 3
304 920
556 324
72 320
77 264
853 324
927 110
755 151
187 731
280 388
460 109
159 241
304 26
413 248
199 298
940 667
300 155
498 727
351 441
918 427
704 811
751 542
792 417
693 850
59 844
150 519
952 308
631 168
333 84
287 403
253 267
941 552
421 478
191 771
790 148
110 405
830 732
947 662
188 551
551 119
434 700
637 297
880 179
336 252
134 623
527 386
889 507
810 221
857 40
864 686
187 845
131 57
616 117
590 675
667 52
793 12
624 341
308 543
520 644
794 525
178 360
911 938
739 760
198 635
671 933
360 729
817 362
785 344
350 286
59 888
338 723
899 1
104 119
543 495
634 248
59 811
608 841
660 386
512 857
892 222
702 163
951 558
525 647
774 746
933 832
674 310
466 484
182 441
602 724
935 147
11 866
829 490
746 528
747 298
297 678
391 38
841 381
467 277
900 280
62 872
23 735
93 489
131 274
929 732
37 776
751 879
681 619
409 338
59 195
507 355
873 898
264 625
190 730
901 129
882 2
872 904
609 4
304 739
149 145
382 57
920 172
936 512
663 256
721 721
322 140
947 106
77 250
730 138
851 670
139 772
544 50
588 64
886 763
802 74
907 95
131 738
267 938
161 801
233 754
433 554
893 419
532 841
668 301
18 558
843 156
242 298
78 829
361 3
631 202
76 450
296 78
227 434
55 260
146 159
53 578
585 945
36 156
825 575
328 714
173 210
870 414
507 819
154 867
821 784
940 768
145 148
846 372
453 772
631 599
931 555
88 555
539 124
710 275
570 77
28 614
159 769
67 537
627 92
316 359
748 295
167 892
314 52
303 639
823 805
149 665
399 236
259 809
231 840
123 801
789 23
454 947
663 393
523 330
484 838
688 271
45 726
75 230
649 249
868 384
94 56
88 364
292 219
85 522
98 79
234 758
101 688
616 764
120 51
5 475
888 564
618 804
330 692
74 850
940 813
273 905
741 233
181 72
451 265
465 420
343 571
218 316
298 833
951 289
883 955
763 683
430 420
398 631
151 343
521 3
196 665
907 936
897 127
879 259
263 255
679 606
825 768
793 34
512 783
322 435
649 957
29 118
288 298
749 311
641 181
313 708
845 131
555 654
258 345
912 520
471 630
37 336
437 829
241 821
523 435
167 211
431 195
329 718
364 949
68 44
41 252
623 757
383 89
450 512
433 402
903 904
903 940
151 252
680 263
112 243
697 278
325 167
344 653
757 707
513 696
623 553
948 285
222 370
374 671
753 678
944 695
493 887
546 643
50 138
906 161
380 642
310 704
681 525
269 349
271 653
84 893
118 71
90 339
312 335
881 104
884 865
671 417
663 256
931 584
393 748
616 644
430 925
260 22
489 400
370 631
92 453
436 209
396 397
419 707
603 340
683 526
116 393
942 650
520 785
273 913
572 888
596 873
724 727
894 252
166 175
754 258
500 229
338 895
625 629
513 267
840 235
665 955
499 518
516 59
342 788
843 914
715 350
826 478
117 632
601 282
806 266
411 345
495 621
151 31
289 664
170 40
770 834
866 309
391 421
239 733
248 121
686 834
470 423
223 458
94 823
740 900
128 62
156 494
554 307
397 714
10 566
753 779
439 658
959 701
118 237
473 237
229 70
110 571
493 332
68 586
66 679
525 66
741 681
559 334
859 955
920 868
432 712
558 870
282 557
611 399
665 955
636 766
65 745
376 429
949 443
54 54
162 451
119 774
43 550
19 901
416 938
680 848
562 277
629 843
705 151
153 410
146 788
87 82
445 462
510 433
776 435
358 809
757 349
622 799
898 513
611 353
362 330
112 923
607 741
805 223
891 830
632 908
657 590
29 13
91 410
317 739
717 675
587 513
63 249
224 832
633 834
96 34
204 208
957 682
820 673
904 750
542 448
698 111
77 598
955 40
880 312
778 636
858 404
188 792
524 411
535 196
157 630
102 232
837 98
913 696
642 728
358 96
87 927
206 36
436 200
75 355
383 724
30 152
39 90
943 435
372 517
502 528
59 603
759 895
572 583
503 126
351 732
221 309
698 298
344 45
369 290
400 752
53 301
903 924
262 758
270 634
186 771
73 244
286 832
51 729
454 553
854 676
196 114
25 765
411 368
809 780
530 120
443 454
421 257
417 554
54 686
227 240
369 300
483 654
43 405
422 368
957 316
84 64
301 940
828 584
219 549
275 748
668 717
242 960
13 530
554 899
128 780
178 496
951 532
61 33
937 482
401 805
669 356
741 842
207 608
465 425
68 739
85 736
367 326
735 251
727 328
189 854
148 238
261 10
642 321
875 490
675 315
206 255
542 946
136 748
466 472
84 533
122 168
308 360
365 83
611 132
282 799
857 301
77 158
311 718
478 225
119 192
411 324
319 952
310 454
611 775
798 694
219 919
862 527
319 266
481 801
269 762
639 166
103 587
195 285
216 672
509 334
736 791
658 94
782 7
419 432
653 256
37 871
87 898
309 277
76 789
117 216
463 627
253 437
254 447
721 469
159 141
675 766
931 372
731 752
250 189
95 902
317 131
684 275
901 33
551 848
693 539
103 195
77 356
631 330
802 391
671 832
531 385
509 501
756 279
164 877
340 130
818 656
133 541
930 905
445 392
792 178
802 766
244 878
161 875
120 835
177 790
578 580
86 127
952 713
277 28
629 616
157 358
183 289
770 152
105 255
415 896
304 128
702 547
46 734
461 37
480 510
698 930
129 783
96 952
407 244
19 75
860 48
432 82
208 241
106 313
367 392
248 670
520 821
257 437
467 589
473 818
10 82
787 10
864 754
2 310
38 852
256 897
899 559
850 147
671 955
459 78
259 578
619 778
311 747
126 777
376 470
634 257
551 333
267 326
126 140
635 35
31 762
803 930
360 693
116 70
559 446
19 817
63 638
506 373
424 631
189 671
12 695
928 562
899 106
887 896
245 433
931 275
234 773
116 465
505 103
535 936
548 553
792 611
230 338
23 526
840 84
236 852
650 75
325 588
180 252
523 296
556 365
443 662
178 558
166 554
661 572
529 120
165 361
730 266
570 625
791 449
708 899
212 269
13 537
856 65
660 290
360 255
655 802
788 704
272 954
297 804
437 698
923 601
98 565
739 539
229 441
859 808
379 111
116 264
519 843
328 218
44 559
344 570
273 172
313 416
37 482
259 473
219 93
946 188
529 596
726 757
76 496
604 327
478 591
590 36
473 789
253 517
387 469
126 531