8
992
945 109
689 891
884 134
919 793
279 837
944 489
343 415
291 869
602 545
667 794
671 517
18 687
227 150
226 345
942 716
734 830
761 431
728 652
564 590
388 778
371 275
275 713
690 565
526 235
118 136
37 724
652 54
419 814
203 580
166 88
240 900
918 8
274 589
595 773
187 983
558 557
201 832
277 890
341 738
69 394
873 105
125 469
94 479
290 232
67 392
320 306
235 181
249 508
705 843
224 891
769 781
391 970
557 668
803 833
349 871
234 230
911 358
698 12
837 923
180 839
258 435
152 492
551 336
935 263
186 102
162 955
883 552
868 383
163 614
223 512
493 392
677 347
749 318
295 529
184 474
375 442
908 462
869 466
797 812
728 919
849 825
817 739
321 692
65 483
313 223
930 741
614 614
96 307
867 326
771 59
799 90
500 650
487 376
59 292
131 722
154 980
491 970
662 811
605 663
237 917
885 175
602 443
724 697
749 599
958 463
593 764
552 100
357 47
411 351
274 478
80 427
401 570
404 6
324 16
604 561
868 497
735 477
875 402
117 567
936 82
37 536
781 589
635 81
571 982
431 844
403 447
214 803
952 553
744 284
504 356
844 379
788 522
792 670
923 844
244 867
862 216
410 586
740 981
667 318
906 41
105 316
487 318
62 447
806 805
730 317
104 517
632 891
974 367
504 904
218 683
714 23
899 68
609 582
56 219
900 897
259 940
220 746
202 281
136 15
29 801
268 133
325 899
959 306
209 471
153 426
161 803
385 3
870 929
585 861
155 428
765 349
311 920
38 512
144 173
463 172
973 730
240 241
572 207
482 780
613 635
149 709
381 533
712 258
469 240
62 559
667 762
908 913
689 945
433 832
62 895
939 42
568 187
219 147
329 700
926 941
278 18
593 658
551 312
851 955
487 848
458 97
617 309
18 313
261 450
88 258
288 35
236 791
157 454
937 485
97 806
369 375
759 961
968 317
217 763
216 703
618 673
800 243
981 817
491 185
210 579
379 433
613 614
231 769
75 111
197 107
852 565
417 618
533 393
871 749
99 94
396 652
702 203
894 626
955 329
746 172
907 132
604 463
745 770
175 755
880 307
862 675
871 286
300 347
614 178
40 712
207 435
372 908
573 209
477 535
537 231
706 387
298 253
785 51
958 959
741 845
273 610
527 87
896 762
370 453
940 409
173 90
779 480
934 359
688 418
829 169
584 478
491 882
666 284
868 631
250 552
483 459
170 945
481 9
650 850
461 533
202 569
623 916
984 564
282 616
917 54
784 445
531 282
270 204
565 145
834 751
632 260
153 801
148 633
745 798
427 150
338 628
718 896
552 710
403 769
333 328
759 60
772 297
341 49
437 842
129 278
536 760
474 688
505 621
264 257
362 626
406 636
262 68
539 749
777 942
461 53
213 163
112 984
460 388
968 896
173 40
117 644
735 590
339 247
155 539
440 516
172 781
95 369
848 634
61 568
583 458
556 795
620 603
722 23
927 633
854 107
672 971
751 350
504 33
597 594
507 972
54 679
760 148
983 552
781 52
63 307
445 619
45 72
229 766
31 163
342 884
206 949
798 892
307 310
924 839
903 375
818 956
61 521
48 979
16 828
966 79
79 418
697 123
426 861
825 456
960 174
347 109
131 153
8 437
398 867
283 244
249 44
144 245
564 191
232 580
26 141
594 104
559 234
163 984
102 987
383 5
168 665
113 234
817 56
606 158
923 824
402 115
867 545
360 375
735 527
890 696
667 491
800 169
660 962
96 761
892 478
702 3
151 814
237 903
806 778
69 736
610 470
786 420
950 89
794 692
615 627
395 226
61 138
394 720
43 490
425 934
903 134
937 61
883 117
900 696
894 968
375 511
381 169
867 338
257 668
37 808
239 367
41 299
505 370
955 547
795 387
489 706
456 369
702 346
485 609
978 386
520 360
833 900
464 707
181 657
318 153
472 556
520 448
791 960
753 753
450 492
83 874
205 538
250 842
819 734
395 804
64 914
108 832
758 507
546 938
171 799
99 578
363 554
961 97
521 658
785 970
157 867
788 297
412 45
146 238
715 540
978 714
398 93
553 163
599 106
108 706
904 142
291 210
695 196
242 159
853 34
73 17
900 860
313 255
840 394
493 562
934 478
283 275
506 835
437 112
876 480
753 724
622 52
869 260
247 119
419 43
88 491
59 988
358 307
186 205
700 614
703 577
99 921
851 540
700 231
588 583
711 348
250 340
399 63
599 581
117 953
623 204
451 617
135 744
923 321
885 567
934 595
87 969
523 938
516 230
176 111
749 822
395 934
105 729
4 640
318 120
600 876
324 987
437 458
738 303
714 566
869 656
104 956
632 563
837 91
792 948
138 484
778 532
426 818
268 365
465 521
421 9
341 744
3 777
145 676
87 795
250 892
458 353
791 33
915 635
123 651
526 260
78 247
791 439
73 3
804 473
523 232
481 863
911 419
583 991
103 670
793 288
505 194
576 303
226 499
873 285
93 406
480 106
653 215
545 661
217 292
141 675
459 558
546 313
976 136
247 86
741 48
373 253
177 885
491 339
327 371
623 419
777 110
460 373
324 12
969 476
239 53
159 633
610 640
945 594
711 200
615 460
183 924
648 295
816 147
633 150
453 263
504 237
309 963
545 568
911 521
52 157
510 210
790 127
785 678
656 503
813 279
898 3
146 490
298 961
636 930
54 96
137 493
269 381
463 749
948 381
214 7
474 723
152 207
785 936
820 449
383 641
663 288
579 744
777 812
648 356
750 701
388 822
201 592
210 599
348 165
916 561
108 333
227 259
475 20
139 302
404 521
942 10
744 465
753 529
284 408
884 969
52 215
798 252
806 943
786 162
52 709
658 159
49 821
353 523
776 491
761 187
947 646
132 699
118 884
171 402
299 990
378 350
213 120
537 26
70 266
123 121
975 717
215 959
545 568
426 264
2 194
386 949
839 517
591 957
408 761
366 642
758 679
927 906
798 471
932 868
736 990
924 654
650 147
557 138
714 982
401 715
183 786
607 957
310 205
921 653
901 230
302 603
909 236
516 714
642 391
589 322
389 521
975 46
603 539
120 324
464 520
974 646
250 589
611 559
729 475
220 574
705 521
184 557
693 699
278 342
98 803
663 422
267 582
403 869
64 522
136 528
978 117
117 235
641 663
729 378
146 948
887 786
413 78
350 113
712 563
390 745
309 989
174 575
578 513
387 641
970 522
112 955
639 229
197 223
891 862
600 972
817 430
765 173
507 58
221 163
557 611
907 865
607 89
384 128
537 770
704 514
300 816
477 874
980 609
104 878
478 640
858 239
77 566
347 520
560 568
682 124
122 596
988 664
620 379
727 164
93 438
614 328
261 98
209 248
642 248
70 64
823 863
302 836
372 648
363 931
159 980
62 216
519 986
879 83
308 613
182 400
987 795
727 255
828 871
439 414
127 444
477 885
314 714
728 621
305 34
560 464
21 557
679 476
486 502
494 794
58 675
137 52
414 864
243 185
742 681
598 804
68 82
697 317
795 432
937 108
402 440
507 358
5 129
833 426
630 334
227 688
945 364
739 366
171 917
550 848
605 156
660 608
173 300
924 904
667 805
947 76
252 461
434 192
589 210
618 163
480 844
850 432
151 532
733 321
457 290
177 5
381 772
549 490
15 480
401 681
228 355
693 480
751 134
671 283
279 296
445 758
148 238
133 234
706 865
491 106
99 667
46 415
382 594
904 396
18 248
20 245
538 712
724 232
781 403
515 68
634 959
761 717
205 894
951 910
766 449
951 864
59 4
223 440
598 134
771 615
318 790
795 855
510 527
95 298
865 545
301 506
511 70
231 651
899 125
504 672
573 462
480 567
466 702
14 71
771 784
621 96
517 423
887 34
885 917
268 757
469 504
207 915
509 373
574 415
497 85
95 13
483 510
579 948
155 592
954 925
319 582
957 835
940 787
805 833
711 16
533 123
519 739
973 36
119 554
450 615
575 480
627 65
925 213
20 87
740 909
948 2
498 912
773 445
706 521
221 360
536 754
418 990
436 398
33 555
888 419
113 470
834 676
470 767
824 425
789 508
341 744
509 774
599 289
162 312
745 383
607 288
80 960
286 515
366 254
77 197
608 126
602 386
801 79
160 568
439 884
83 779
636 528
560 242
752 721
490 505
47 40
792 126
8 21
641 309
211 653
505 754
714 50
147 458
128 242
34 566
134 52
288 769
579 783
946 339
447 443
843 494
419 578
555 426
535 139
670 745
792 118
506 449
167 589
907 230
830 876
795 899
927 26
611 514
808 565
852 262
943 638
691 369
223 254
730 757
392 407
509 127
460 951
576 626
483 426
855 256
309 593
163 243
618 773
692 369
345 487
631 232
132 329
600 355
582 338
119 910
680 564
44 148
458 555
709 940
980 572
203 232
108 301
411 662
82 110
38 362
597 604
593 664
933 201
26 458
474 81
375 161
644 355
244 45
909 953
984 833
468 130
72 575
431 482
180 448
528 218
809 68
757 346
731 697
546 693
99 955
773 409
59 360
763 303
404 616
199 331
456 666
396 463
184 762
881 364
217 352
517 962
419 281
315 93
914 796
721 948
758 501
364 752
860 71
990 207
686 196
537 85
861 933
547 981
702 371