128
64
59 11
23 58
46 39
47 23
31 14
51 57
41 23
47 36
43 40
9 58
53 63
20 6
43 20
32 54
50 15
59 44
26 17
37 7
55 19
30 22
32 16
14 9
38 60
44 16
35 52
10 24
50 29
29 29
48 61
18 33
11 12
13 36
28 49
43 19
4 8
40 35
23 53
43 60
49 23
11 19
10 20
42 60
49 7
24 32
3 41
1 13
53 13
49 16
61 27
34 64
34 9
35 56
62 13
51 46
35 61
64 45
17 42
40 1
48 63
32 50
39 32
62 27
44 46
43 41
8 12
40 41
21 10
32 18
23 18
63 57
15 62
37 31
39 12
31 22
10 62
7 49
30 5
11 9
50 53
49 58
1 25
34 21
34 2
38 56
19 36
49 33
33 21
63 8
33 29
29 42
27 36
26 56
40 37
64 25
25 49
18 25
9 52
45 42
53 18
34 7
53 18
40 22
38 38
29 6
3 57
48 29
28 9
20 3
45 19
28 6
3 45
30 11
32 11
53 20
28 22
27 17
39 2
38 12
39 2
18 41
58 1
5 22
9 24
24 54
43 51
59 45
32 24
56 63
34 44
19 62
1 45
14 39
46 51
50 20
52 3
61 45
3 1
2 12
25 26
1 3
12 59
47 43
18 38
42 52
17 60
49 17
40 62
55 21
48 41
40 35
43 36
15 46
37 17
57 61
42 57
63 53
51 45
32 4
19 9
55 35
4 39
52 43
36 42
63 19
18 38
53 61
10 4
42 46
20 34
42 61
26 40
49 12
20 16
15 38
24 6
9 27
44 60
5 16
37 3
34 55
41 23
51 50
26 28
31 45
61 8
41 22
47 25
33 2
41 47
40 64
52 48
27 32
43 31
47 15
34 16
5 10
38 55
59 63
18 25
43 14
32 19
35 14
44 3
15 20
50 54
19 37
37 45
4 15
12 50
30 45
2 34
54 39
25 48
38 42
8 16
56 39
35 26
52 14
29 2
33 14
56 51
50 28
32 54
43 43
39 8
23 40
41 12
15 1
59 52
43 2
3 34
40 37
59 27
50 23
28 18
36 19
5 22
47 36
11 25
14 49
32 36
25 8
47 39
9 41
26 51
42 28
20 17
1 14
43 50
37 6
4 8
25 8
29 7
43 39
31 56
24 62
27 48
5 9
22 13
49 47
63 26
10 18
42 10
32 20
60 4
25 63
11 49
6 40
55 48
14 21
39 37
18 1
20 23
9 41
35 57
23 34
18 33
51 59
42 18
14 37
21 38
35 32
23 40
7 13
23 20
34 61
57 51
61 12
9 5
53 44
61 11
13 14
43 63
8 21
17 21
57 37
59 28
4 17
3 10
29 26
30 62
22 22
49 19
33 57
23 21
36 20
32 48
33 10
47 41
30 63
61 23
35 55
50 39
7 52
48 36
13 13
33 35
34 17
53 3
10 11
23 45
30 54
29 63
64 11
39 29
9 35
51 43
26 36
17 32
24 1
3 36
13 36
6 47
52 58
49 61
5 7
42 34
61 6
32 60
16 6
24 24
41 11
2 2
46 19
33 5
19 36
41 31
7 46
13 58
40 61
55 44
4 32
13 64
37 45
59 52
50 18
11 26
28 12
27 10
30 60
14 48
31 54
15 37
36 27
30 11
24 20
54 27
51 2
26 23
46 20
10 32
37 20
57 1
32 20
10 61
15 23
45 45
13 59
17 48
21 46
58 44
2 47
6 52
48 31
11 30
50 20
61 23
40 53
23 7
8 32
3 22
54 47
2 2
41 18
49 62
64 42
41 1
24 47
52 8
13 62
37 63
18 33
21 57
21 43
63 29
10 1
50 63
48 52
1 24
5 49
21 4
27 62
4 50
44 56
57 56
53 29
54 6
61 10
62 18
52 60
46 61
61 31
60 44
18 60
3 23
44 24
26 6
21 30
56 64
21 48
55 9
13 45
15 9
54 12
26 42
8 7
38 4
38 33
47 55
28 49
13 8
8 39
13 28
4 4
27 24
52 18
32 64
62 46
8 51
58 34
28 1
40 2
4 13
34 50
4 62
34 16
5 42
54 17
5 57
21 32
16 8
49 48
7 46
29 14
32 22
47 60
22 23
61 25
35 30
10 38
27 44
54 31
21 43
48 25
36 4
56 51
11 40
34 17
21 63
30 53
20 13
48 42
35 44
2 5
9 12
43 36
55 32
2 11
10 49
35 45
52 27
32 62
2 1
14 23
63 44
11 19
56 58
60 26
37 61
30 45
8 8
16 62
39 18
8 49
2 43
29 54
5 60
51 6
61 1
28 59
44 38
13 35
31 8
60 3
5 25
48 12
33 63
10 7
16 17
55 18
59 20
7 63
15 57
5 11
57 32
6 36
6 18
6 36
26 1
39 30
26 22
41 58
20 50
64 36
3 55
53 61
10 59
60 24
51 64
35 44
31 40
15 36
57 21
8 18
21 46
47 46
3 24
39 22
9 39
57 11
29 45
8 38
39 3
61 26
2 31
5 32
6 19
4 63
39 11
16 60
56 63
41 58
22 16
15 30
54 8
41 18
52 48
55 27
50 51
52 51
18 56
18 23
10 21
21 49
31 37
44 22
35 20
15 56
35 30
21 24
37 61
41 24
44 31
50 29
18 37
15 35
28 33
57 38
53 14
22 20
50 1
41 20
20 56
11 55
21 31
14 57
28 55
16 7
21 2
36 38
38 50
8 2
18 1
39 7
14 60
26 63
60 2
18 15
57 28
5 13
58 19
5 21
9 21
28 29
22 63
3 59
48 10
60 2
10 34
8 23
29 33
21 24
34 38
39 27
1 43
39 59
61 44
15 5
64 42
34 21
40 36
15 24
45 11
25 55
44 32
13 9
64 34
32 33
7 6
59 8
49 34
2 45
13 16
50 12
58 19
32 33
54 46
56 34
56 16
24 36
47 37
44 46
6 11
15 12
17 9
19 1
42 20
45 54
36 30
1 29
48 32
61 37
14 53
7 5
4 30
40 51
2 19
32 7
30 46
19 46
55 37
46 32
57 26
22 28
56 22
56 39
54 52
12 3
40 18
7 44
47 47
30 49
1 61
55 30
43 9
11 33
46 56
64 38
18 21
1 9
43 56
47 32
43 58
34 19
11 40
62 58
22 27
42 23
23 32
52 1
41 63
33 22
54 33
59 7
53 59
15 31
50 62
62 28
55 31
46 2
7 43
59 28
5 36
50 28
3 38
28 43
36 61
64 25
29 58
32 17
52 46
48 37
43 45
1 34
12 46
35 18
25 29
45 29
64 31
56 2
4 20
45 39
16 44
63 44
38 30
60 25
12 43
62 54
24 62
23 35
43 57
52 3
21 32
32 20
62 23
22 1
42 2
39 57
45 38
36 18
3 32
43 14
10 40
4 33
37 26
3 15
19 54
18 39
22 49
59 19
7 16
20 49
17 58
41 61
31 13
15 34
44 57
47 53
32 50
22 4
12 24
18 30
14 35
4 35
19 62
53 26
13 8
10 29
2 50
26 32
62 40
1 41
32 48
30 63
33 51
2 44
10 19
9 23
54 13
57 8
10 46
33 23
53 42
51 54
28 12
22 25
51 22
2 18
5 31
16 38
17 17
17 26
36 26
49 25
38 41
32 47
22 1
5 11
42 56
64 5
3 21
30 54
43 31
7 47
61 23
20 13
39 37
38 10
62 22
34 35
63 2
17 20
2 22
30 43
13 30
48 15
50 13
4 28
43 11
11 39
33 30
51 7
2 24
17 63
46 50
33 44
51 50
63 52
7 29
31 19
58 14
33 43
26 37
7 4
47 17
42 15
46 28
21 48
51 37
46 32
23 15
11 9
64 10
61 6
38 27
24 31
40 56
9 1
28 15
4 10
31 45
24 13
8 45
60 58
17 41
26 39
55 36
48 54
45 44
59 18
6 18
48 45
10 57
45 37
7 48
47 38
28 6
50 35
50 45
28 3
21 53
41 12
25 24
1 5
3 60
23 8
13 6
52 22
62 32
59 5
15 41
42 42
46 27
12 32
7 40
34 27
28 10
38 52
34 39
57 36
34 15
44 46
20 31
4 18
63 62
22 13
38 63
55 19
25 2
50 31
41 19
57 5
29 31
56 62
5 48
33 38
62 12
19 18
43 22
35 41
19 56
53 56
54 43
11 14
45 60
44 21
15 36
25 43
2 17
40 6
64 8
43 62
20 62
15 62
19 49
38 38
40 26
29 29
5 39
42 49
35 21
5 49
56 30
27 58
46 2
63 45
9 42
42 28
39 56
25 57
40 62
30 15
24 59
43 28
33 20
12 3
40 16
51 32
45 13
25 26
14 23
7 23
64 48
50 38
40 11
31 15
8 60
30 31
54 8
58 23
28 5
25 3
21 12
34 1
24 58
27 38
17 33
60 16
16 45
54 55
55 20
6 63
15 35
29 5
42 23
27 5
27 51
8 47
62 41
48 22
35 10
59 51
42 54
2 57
34 55
48 25
10 53
23 25
23 51
29 64
9 55
5 36
41 12
18 39
52 1
60 22
10 54
8 51
43 10
44 12
64 27
36 10
15 58
34 37
45 62
36 53
52 40
24 28
51 42
2 39
42 61
60 52
50 4
38 28