128
928
635 171
823 442
14 199
15 791
159 686
467 153
105 119
431 740
875 264
137 122
565 927
500 646
683 212
608 694
146 591
27 780
58 849
517 71
343 531
862 502
512 624
654 841
742 380
876 912
643 84
106 504
306 829
221 61
112 125
50 481
11 300
557 292
444 145
363 787
900 520
360 707
439 85
619 476
689 567
459 403
650 564
906 252
689 423
536 96
771 585
577 781
885 205
369 400
573 27
258 544
546 841
323 56
222 13
531 910
803 285
384 749
145 586
72 833
80 607
224 146
487 800
222 443
300 590
139 873
616 396
712 233
533 106
512 754
343 338
735 217
623 414
37 63
71 332
895 374
10 414
519 721
510 741
235 809
402 373
49 314
65 761
546 821
162 354
646 504
915 676
721 833
161 53
895 456
385 157
829 618
571 644
410 152
456 869
256 153
537 529
466 825
585 308
717 746
885 434
322 871
181 338
776 566
390 38
93 70
195 921
912 61
636 393
212 387
557 691
764 166
291 525
62 875
128 779
917 84
508 310
27 913
871 98
550 332
135 642
626 553
858 609
613 790
73 120
472 854
811 307
91 397
128 376
568 255
450 556
339 30
161 589
14 103
910 563
658 116
500 355
893 429
35 577
290 332
697 762
481 803
364 571
271 491
242 838
746 692
689 156
17 849
40 30
247 21
816 201
360 387
555 324
111 814
197 401
441 893
458 921
63 821
787 333
384 100
467 201
87 227
580 103
372 843
356 618
863 467
114 518
853 669
138 260
778 334
660 290
522 189
506 584
305 364
212 688
463 678
184 550
905 763
876 572
677 304
485 835
770 599
649 919
563 786
250 412
191 205
925 712
617 502
591 921
865 802
681 623
552 864
468 752
923 416
619 895
719 175
98 784
773 746
774 631
603 319
114 793
523 110
800 211
611 462
428 771
559 180
466 406
339 5
453 333
420 143
300 434
542 397
290 386
214 359
89 112
902 426
904 496
760 71
3 666
756 430
509 386
833 270
88 243
274 540
800 918
683 171
423 296
791 8
905 300
591 289
411 564
11 610
355 770
680 581
507 731
82 87
188 210
356 275
453 854
111 324
843 793
718 561
384 804
793 584
399 679
873 809
538 179
714 892
20 689
545 526
491 850
837 902
132 488
473 584
637 583
203 775
671 920
632 350
91 496
5 489
470 173
593 79
351 378
42 370
362 810
192 148
732 324
121 159
811 817
742 520
471 240
366 213
455 69
562 545
788 791
105 553
35 697
631 610
370 897
51 27
74 466
174 805
789 518
35 672
407 72
487 877
535 148
386 61
441 243
605 524
105 5
149 364
925 75
45 590
43 319
616 117
785 789
217 645
379 476
612 785
771 394
29 378
542 638
438 278
881 339
801 281
567 21
644 564
96 688
225 362
79 137
702 863
925 919
803 599
466 487
679 308
176 708
909 717
417 419
66 593
53 163
874 619
183 589
478 502
573 703
160 651
839 861
809 131
851 907
730 612
689 704
216 865
483 420
653 196
838 15
84 186
177 29
805 583
842 354
381 486
352 540
432 486
472 312
617 619
514 642
526 275
417 37
211 196
457 159
615 590
397 698
776 573
23 876
452 864
525 832
421 877
667 148
658 210
459 346
124 268
283 650
542 924
910 752
415 438
207 325
100 603
318 875
248 340
118 923
499 642
826 215
814 564
362 544
69 116
185 417
384 468
138 925
687 119
45 397
781 251
721 880
853 110
122 396
674 239
390 468
880 511
683 766
370 340
381 439
456 565
151 135
328 288
355 310
630 399
706 706
873 498
657 798
832 778
489 577
312 879
116 264
685 94
325 127
434 1
789 185
789 11
319 413
522 897
722 447
368 500
225 536
69 177
405 196
251 190
68 562
140 408
121 120
501 445
246 230
669 106
414 530
116 28
14 861
925 735
380 588
530 604
195 823
76 824
90 326
85 158
888 448
565 80
567 361
749 109
591 489
214 300
314 554
328 551
710 548
358 161
431 183
60 849
77 136
40 167
461 348
548 644
795 184
724 658
544 768
62 430
552 275
730 866
124 129
488 130
900 141
290 626
324 574
546 624
5 586
86 689
5 633
405 96
112 424
49 656
487 110
381 110
608 182
271 28
534 759
157 505
195 670
202 742
315 44
438 543
629 523
304 857
452 4
248 563
651 296
514 209
405 895
318 309
148 813
336 906
643 716
706 133
457 908
171 68
247 608
610 171
426 209
99 173
436 347
736 158
866 321
366 567
511 908
875 883
792 506
860 730
293 637
158 749
840 328
112 158
231 18
328 881
226 651
125 886
69 860
115 6
477 705
572 283
908 742
237 67
319 392
92 835
101 249
880 236
577 63
394 807
80 17
759 530
667 180
487 31
335 825
261 811
601 128
390 580
870 626
870 484
90 33
391 414
282 342
649 154
628 338
256 4
355 311
533 317
490 315
348 824
211 608
3 108
735 392
911 900
313 853
456 626
885 142
111 462
707 56
615 406
393 871
633 43
253 237
360 38
775 3
861 282
834 863
389 864
550 371
836 863
519 587
560 476
24 895
233 730
22 848
431 638
86 136
905 562
596 560
599 667
562 755
20 467
914 408
402 535
778 533
469 369
415 325
140 438
515 372
463 760
515 190
469 824
325 445
457 216
300 351
882 861
178 901
623 163
380 321
697 454
853 462
118 564
786 481
73 372
148 760
203 663
21 895
558 569
636 311
784 7
661 34
164 838
6 786
296 610
178 65
359 103
750 700
890 831
476 34
498 623
89 924
581 109
890 435
677 821
745 757
124 701
790 287
835 91
144 202
924 322
490 578
648 311
349 609
213 824
866 6
743 27
1 395
359 891
125 332
79 165
384 202
866 469
488 772
559 632
269 779
249 759
428 192
365 73
96 802
192 33
807 6
283 808
625 642
66 749
269 368
210 652
570 147
192 353
214 750
56 482
824 528
536 324
15 197
620 110
70 811
143 172
113 649
275 33
586 340
77 854
4 286
577 573
432 768
925 869
814 277
647 709
100 254
328 115
450 243
224 743
126 590
915 462
311 485
494 896
121 570
822 124
152 694
696 807
534 916
748 643
488 466
423 588
15 47
702 689
289 221
503 638
811 713
395 417
270 888
384 390
754 501
513 905
491 504
783 96
715 826
34 275
587 680
862 602
726 859
362 311
375 160
244 257
169 639
673 662
822 353
347 647
149 155
847 639
882 926
30 668
823 63
14 482
743 171
379 764
325 36
370 700
195 614
252 587
548 925
544 441
573 890
384 17
116 526
880 69
523 205
33 642
268 46
195 306
441 797
365 765
832 31
536 98
868 788
909 487
80 524
223 876
486 606
188 825
204 139
190 22
344 222
663 835
491 153
436 227
21 96
64 852
126 823
246 65
906 226
775 281
45 70
452 754
899 640
651 174
74 136
196 641
581 154
547 143
307 278
370 327
374 657
251 723
775 496
84 49
17 858
329 61
927 77
815 898
12 761
367 85
896 786
726 772
12 568
914 318
142 579
868 739
531 190
533 378
909 616
650 925
770 50
282 768
350 168
33 361
224 400
446 415
481 467
258 492
330 467
105 471
118 45
505 872
458 334
545 439
245 266
659 86
540 12
854 889
403 182
546 626
581 287
112 358
753 593
849 378
132 250
145 249
294 649
416 47
54 33
709 299
522 440
384 133
675 533
318 150
715 863
71 591
221 407
20 269
71 165
646 426
414 790
674 3
511 386
49 564
418 54
158 235
493 542
368 463
146 685
836 156
843 203
747 135
609 62
627 903
226 344
401 863
206 370
865 12
51 210
799 468
263 29
927 51
570 366
513 11
346 421
167 260
847 209
618 751
494 540
725 16
883 421
878 384
87 815
395 137
320 490
829 582
518 827
856 383
488 440
393 833
156 783
388 74
287 301
824 77
840 845
92 90
561 41
474 871
855 164
80 470
653 204
123 466
326 50
848 813
714 313
13 165
391 624
463 902
220 582
50 131
498 141
444 355
181 917
297 332
377 600
801 101
99 220
567 424
493 486
532 278
94 544
667 709
463 201
682 682
782 27
108 576
167 552
2 571
764 522
902 212
194 71
537 516
290 175
236 782
884 767
356 274
607 94
278 141
294 255
119 371
281 226
18 447
777 19
89 837
765 287
120 254
357 656
769 870
126 76
723 306
139 374
803 745
467 152
181 56
406 299
427 686
749 444
428 821
687 740
729 523
322 849
776 678
800 840
619 926
916 638
303 350
307 177
166 774
328 346
125 29
869 775
10 689
515 661
581 273
472 606
91 794
526 162
767 397
297 682
618 508
615 920
857 921
392 94
62 15
664 187
43 828
33 276
588 771
8 464
339 704
365 429
793 186
814 631
583 183
608 496
914 294
712 843
287 175
232 348
190 895
758 456
794 87
732 677
857 35
437 268
738 801
920 602
59 102
305 865
508 208
432 493
502 215
407 84
614 639
655 803
829 709
554 695
795 581
667 19
616 175
510 425
272 726
99 330
827 627
266 406
834 921
194 631
432 825
10 117
535 665
215 659
445 768
649 535
645 388
553 332
786 359
756 129
156 150
458 54
776 19
683 906
236 172
832 667
68 842
783 826
578 293
557 318
356 277
852 72
664 700
403 522
130 455
874 285
604 404
562 676
646 540