128
96
27 75
87 90
78 39
15 23
95 14
19 25
73 23
47 4
43 72
9 26
53 63
52 6
11 52
96 54
50 15
91 76
58 81
37 39
87 51
62 86
32 48
14 73
70 28
44 80
3 52
10 24
82 29
29 93
80 93
18 1
75 76
45 4
28 81
43 19
4 72
8 3
87 21
75 28
17 23
11 19
74 20
42 28
17 39
88 64
3 9
65 77
85 13
49 16
61 59
34 64
34 9
67 24
94 45
51 14
35 29
32 77
17 42
8 33
80 95
64 50
71 32
94 59
12 46
43 73
8 76
8 41
53 74
32 50
87 50
63 25
79 62
5 63
7 76
95 54
74 30
7 17
30 5
75 41
50 21
81 26
65 89
66 85
34 66
38 24
83 68
49 33
33 21
95 8
1 61
61 42
91 36
58 24
40 5
32 57
89 81
82 25
41 20
13 74
53 50
2 39
21 18
72 22
38 38
29 6
3 89
16 61
28 73
84 35
45 83
60 38
67 13
62 11
96 75
53 52
92 54
91 81
39 34
6 76
71 34
50 41
90 65
5 86
41 56
88 54
43 51
91 77
32 24
56 31
66 12
83 62
33 45
46 71
46 51
18 20
52 67
29 45
35 33
34 44
89 26
65 3
44 59
79 75
50 38
10 20
17 92
49 49
8 94
87 53
16 73
40 67
43 68
79 46
69 17
57 61
10 25
31 53
51 13
32 4
19 41
87 35
4 39
52 75
4 42
31 83
82 38
53 29
74 4
42 46
20 2
74 29
90 8
49 44
84 80
47 6
88 38
41 91
44 60
69 48
69 67
34 55
73 55
51 50
58 92
95 45
61 72
41 54
47 89
1 34
73 15
40 64
20 48
27 64
75 63
15 47
2 16
5 74
70 23
27 95
18 25
43 78
64 83
35 14
44 3
15 20
18 22
51 37
37 77
4 15
44 82
30 45
2 34
22 39
57 16
6 42
40 48
88 71
3 90
52 46
93 66
33 78
56 83
18 92
32 86
11 75
71 40
87 40
41 76
47 65
91 52
75 2
67 66
72 37
59 91
82 55
60 82
36 19
69 22
79 4
11 89
46 49
96 4
57 8
47 71
73 41
90 19
10 60
84 49
1 46
43 50
69 70
36 72
57 8
61 39
75 39
95 24
56 62
91 16
69 41
54 13
49 47
31 58
10 18
74 74
32 84
28 68
57 31
43 81
38 8
23 80
46 21
71 5
82 65
84 23
9 9
35 57
55 34
82 33
51 27
74 50
14 5
21 38
35 64
23 40
39 45
87 52
34 61
25 83
29 76
9 5
85 12
29 11
45 78
43 63
8 21
17 21
89 37
59 92
68 81
3 74
93 90
30 94
54 22
81 51
1 57
23 85
68 52
96 16
33 10
79 9
94 95
29 87
3 55
82 71
7 84
16 4
45 45
1 3
66 49
21 35
10 43
23 77
62 86
61 95
64 43
7 61
9 3
51 75
58 4
17 32
56 33
35 68
77 4
70 15
20 58
49 29
5 39
74 66
93 38
32 60
48 6
24 56
9 43
2 34
14 19
65 37
51 68
9 95
39 46
77 58
8 29
55 76
36 32
13 32
69 45
59 84
18 82
43 26
92 12
27 10
30 60
14 80
95 22
47 5
68 27
30 75
56 84
22 59
83 34
90 23
46 52
10 64
5 20
57 65
32 84
74 61
15 87
13 77
77 59
81 48
85 14
90 12
66 15
70 20
48 31
43 94
50 20
61 55
40 21
87 39
72 64
67 54
22 79
34 66
9 18
17 94
96 10
73 65
88 47
84 40
45 94
5 95
18 33
21 25
21 11
63 61
42 1
18 31
80 52
1 56
69 81
53 36
59 94
68 50
44 24
57 56
21 61
54 6
61 74
30 82
84 60
46 93
61 63
28 12
82 28
67 23
76 88
58 38
85 30
88 96
53 48
55 41
77 77
47 41
54 44
90 10
8 7
70 36
70 1
15 23
92 49
45 72
8 7
13 60
4 68
59 56
20 82
96 64
30 14
72 83
58 66
60 65
72 2
68 13
2 50
36 62
2 48
5 10
22 81
69 25
53 96
48 40
49 48
71 78
29 46
32 86
79 60
22 55
61 89
35 30
42 38
91 12
86 63
21 11
48 57
4 68
24 51
75 72
66 49
53 95
94 53
84 45
16 74
3 44
34 5
73 76
11 36
55 96
2 43
74 17
3 45
52 27
96 30
66 65
78 87
31 44
43 83
88 26
60 58
69 93
30 45
40 40
48 94
7 18
40 49
34 11
93 54
37 92
83 6
29 33
92 27
44 6
13 3
31 40
28 67
37 57
80 44
1 31
42 7
48 49
55 50
59 20
7 63
79 57
37 11
89 96
6 36
6 18
6 4
58 33
71 62
90 54
9 58
52 18
32 68
67 55
21 93
74 91
60 56
51 96
35 12
95 40
15 68
25 21
72 50
53 14
15 14
35 88
71 86
9 7
25 43
61 45
40 6
7 67
61 26
34 95
37 96
6 51
68 31
39 11
80 92
88 63
73 26
54 48
79 30
22 8
41 50
20 48
55 91
18 83
20 51
50 56
50 55
10 85
85 49
63 37
12 54
67 84
47 88
3 94
21 88
5 61
41 88
76 63
82 93
50 5
15 3
60 33
57 38
21 14
54 52
50 33
9 20
84 24
11 87
21 95
78 89
28 87
80 7
53 34
68 6
38 82
72 66
18 33
71 39
14 92
58 31
92 66
18 79
57 92
37 77
90 83
69 85
73 21
60 93
54 31
67 59
16 42
92 34
42 34
40 55
29 1
85 24
34 70
71 91
65 11
39 59
61 76
15 5
64 74
2 85
8 68
47 24
77 11
25 23
44 32
45 41
96 2
32 33
71 6
91 40
81 34
66 45
77 48
18 44
26 19
32 1
54 78
24 34
56 16
24 4
15 37
12 14
38 43
47 76
17 9
83 65
10 52
77 86
68 94
33 93
16 64
93 37
14 85
39 69
68 62
40 83
2 19
96 7
62 14
83 46
23 37
14 32
57 90
22 28
56 22
24 39
86 84
76 67
40 18
39 12
47 47
94 17
65 61
23 94
75 73
11 65
14 24
96 70
82 85
1 41
75 88
79 64
43 26
2 83
11 8
94 58
54 59
74 87
87 64
52 65
9 63
33 86
54 1
27 39
53 91
47 31
50 94
62 92
23 63
78 34
71 43
59 92
69 4
50 60
67 6
92 43
36 29
96 89
93 26
96 17
20 14
16 69
11 45
33 2
12 14
35 50
25 61
13 93
64 31
56 34
4 52
45 39
48 44
95 12
70 94
92 57
12 11
94 86
56 30
87 35
11 89
52 3
53 32
96 20
62 23
22 65
42 66
71 57
77 70
36 18
35 32
75 46
10 40
36 33
37 90
67 47
83 86
50 39
22 17
59 51
7 80
84 17
17 58
73 93
31 77
15 66
76 57
79 85
96 82
22 4
76 56
50 62
14 67
68 3
51 30
53 58
77 40
42 93
66 18
58 96
62 72
33 41
96 16
30 63
65 19
66 44
42 83
73 55
54 45
25 72
42 46
1 23
53 42
83 22
28 44
22 89
83 22
2 82
37 95
48 70
17 81
17 26
68 58
49 25
6 73
64 15
22 65
5 75
74 88
96 5
3 85
62 86
11 63
39 15
61 55
84 45
39 69
70 74
30 22
2 3
95 34
17 20
2 86
62 43
77 62
48 47
50 13
4 28
43 11
43 7
65 94
19 71
66 88
49 63
14 18
65 76
19 50
63 20
39 29
31 83
90 78
33 11
58 37
39 4
15 49
74 47
14 60
21 48
51 37
14 32
23 79
11 41
96 42
29 38
70 59
88 31
8 24
41 65
28 47
36 42
63 77
88 45
40 77
92 58
81 9
90 71
87 68
16 54
13 12
91 50
38 82
80 45
74 25
77 69
39 80
79 70
28 38
18 67
18 13
92 67
21 85
41 76
25 24
33 37
3 92
87 40
45 70
52 22
62 32
59 69
79 41
42 10
78 27
44 64
39 40
34 27
92 42
6 20
66 7
25 36
2 15
44 46
52 95
36 82
95 94
22 77
38 31
55 83
57 2
50 95
41 83
25 5
93 95
24 30
5 48
65 70
30 12
19 50
75 22
3 73
19 24
21 24
54 75
11 14
45 60
76 53
15 68
57 11
34 81
40 38
96 72
11 30
84 94
79 30
83 81
6 6
8 26
93 29
69 71
10 17
3 53
69 17
24 94
91 58
78 2
63 77
41 42
74 92
7 56
25 89
8 30
62 79
24 59
11 60
33 84
76 3
40 16
83 32
77 77
57 26
46 23
7 87
32 48
50 38
72 75
31 79
72 92
62 95
22 40
58 23
28 5
25 35
85 12
66 65
56 26
91 70
49 65
28 48
16 77
86 87
55 84
38 31
47 3
93 37
10 55
59 5
27 51
40 15
30 9
48 54
35 42
27 51
10 54
2 89
2 55
48 25
10 85
55 57
55 19
93 64
41 23
37 68
73 76
50 71
84 1
28 86
42 54
40 19
75 10
76 44
32 27
68 42
15 90
2 37
13 62
68 53
84 8
24 28
83 74
2 39
42 29
28 84
50 36
70 92