128
800
219 75
599 154
526 199
79 247
415 78
371 665
201 215
271 548
683 488
73 730
789 607
788 678
555 660
512 214
722 495
635 140
122 433
645 647
183 723
94 598
352 16
462 105
230 284
204 464
771 276
394 312
434 733
189 189
592 253
754 65
299 140
557 772
124 401
619 307
676 264
104 579
631 565
683 412
401 87
75 371
362 468
682 348
753 423
88 96
227 41
161 525
181 717
49 304
669 219
610 544
482 265
323 312
382 205
723 782
643 349
352 557
369 586
104 321
208 191
768 786
583 128
62 763
396 110
619 265
328 428
360 9
245 682
672 626
439 146
607 281
495 510
37 415
295 492
735 54
682 254
39 17
734 101
779 329
210 597
145 90
577 505
98 373
738 322
198 376
19 356
657 65
65 245
479 712
737 765
765 170
219 356
186 152
456 517
32 217
665 529
306 793
585 756
365 522
629 562
98 647
117 306
712 534
550 742
445 38
707 409
560 477
764 745
628 771
13 211
540 678
739 397
670 523
704 235
597 532
348 694
379 17
551 642
550 300
583 194
690 41
154 449
517 470
393 696
792 758
107 531
635 397
480 56
472 383
642 268
115 190
513 45
206 263
238 755
114 20
500 3
413 653
451 129
322 396
25 314
705 483
396 539
79 75
146 550
458 788
369 572
529 81
168 734
695 405
240 361
776 739
363 388
143 366
69 465
313 93
330 217
127 725
307 205
800 452
307 457
791 675
580 519
308 299
4 202
703 595
114 230
533 477
170 228
394 238
692 706
682 221
474 8
497 780
564 496
431 70
504 422
745 283
492 604
581 496
357 35
290 471
617 375
499 786
602 92
223 45
349 104
617 22
463 313
1 226
9 783
296 512
756 592
347 448
747 479
143 303
66 784
773 682
358 23
667 511
114 89
555 462
544 371
483 206
236 35
783 244
18 630
307 773
773 653
420 719
332 114
574 397
98 546
278 7
569 496
70 234
584 624
248 679
547 282
436 782
317 418
577 686
600 83
658 572
288 630
491 619
743 264
567 392
361 396
751 481
91 20
267 226
195 514
104 293
795 91
274 311
508 402
196 307
485 406
431 772
235 121
142 529
736 260
473 648
207 775
329 297
346 147
74 540
660 529
33 654
619 658
517 678
260 264
537 744
221 167
267 7
639 408
88 126
219 560
773 425
86 653
273 431
799 346
170 658
426 554
64 596
412 132
473 223
395 561
166 616
727 784
622 565
743 709
690 161
20 215
585 457
67 57
87 418
754 609
275 731
714 690
526 325
21 550
547 416
311 264
583 237
599 756
354 541
217 595
701 588
9 37
245 428
445 683
45 750
491 671
680 405
561 405
281 581
155 380
548 465
195 682
253 794
638 158
534 406
753 787
193 313
375 437
740 20
320 784
769 362
655 201
318 415
605 599
547 311
178 295
327 372
528 580
717 365
737 451
770 241
789 515
554 363
151 493
734 22
29 703
736 683
103 253
649 259
51 747
570 580
593 448
504 321
227 772
685 516
422 207
308 762
721 61
325 423
106 258
797 134
512 732
368 166
184 216
425 587
514 546
718 307
193 773
627 772
745 63
39 718
621 346
680 541
759 556
516 64
365 512
197 77
795 116
594 178
331 218
316 396
315 234
702 60
558 528
383 502
143 773
420 763
670 299
504 628
406 571
243 770
282 791
398 276
106 192
5 788
761 673
384 276
106 285
687 663
365 621
717 507
593 336
469 462
186 524
642 591
294 436
560 127
427 158
754 84
349 759
72 309
183 7
136 288
643 374
502 207
194 770
265 786
305 734
800 490
9 641
632 303
276 392
781 254
101 735
338 1
245 761
661 427
767 349
266 161
722 319
368 116
289 184
101 145
117 452
187 478
644 18
780 472
761 312
725 61
246 614
413 490
574 274
116 92
622 733
253 543
252 172
210 540
355 663
236 24
314 422
501 158
440 32
629 400
343 105
13 141
719 425
630 44
250 298
136 423
582 740
166 33
463 727
124 369
589 360
744 103
781 796
612 772
27 440
372 722
544 736
414 14
712 243
58 162
92 193
584 226
484 301
258 498
228 734
66 368
645 10
22 177
5 633
149 384
624 72
657 368
359 270
733 270
64 790
783 508
534 567
733 217
419 542
714 198
475 332
566 671
341 587
48 697
772 548
632 595
171 488
514 529
757 447
798 373
436 333
80 522
99 364
290 69
105 204
619 132
87 384
2 779
522 401
675 45
500 507
640 670
546 353
398 55
351 748
427 339
280 58
60 730
421 349
350 525
104 168
208 190
103 562
168 177
162 395
221 214
101 60
83 646
765 33
700 667
332 678
205 163
735 616
444 707
165 793
784 620
161 191
10 263
752 529
439 466
123 212
679 575
623 313
773 587
345 224
6 676
102 210
390 388
26 33
295 542
26 278
361 538
20 722
352 324
451 343
789 125
554 219
700 376
531 672
515 428
95 520
655 548
281 245
136 658
277 782
399 654
611 312
391 630
233 743
505 235
285 493
360 390
263 611
765 346
34 479
773 480
550 627
228 31
423 715
688 700
248 639
105 58
150 496
239 734
790 744
521 626
788 432
215 603
242 531
148 275
562 120
754 311
746 533
341 369
799 581
620 246
771 724
655 472
771 446
405 312
389 125
137 728
108 703
530 349
434 677
175 195
796 481
505 294
213 398
214 564
178 385
9 148
660 216
619 631
661 575
142 601
252 631
528 359
533 610
260 166
486 434
712 34
114 417
679 327
366 444
442 95
380 450
594 239
217 764
421 77
538 115
677 341
745 757
252 29
566 511
547 603
144 458
188 258
426 418
136 791
61 577
85 440
578 230
231 795
193 651
423 731
317 652
623 613
160 74
642 277
584 388
79 728
397 619
537 23
236 224
365 649
352 2
640 129
231 70
475 424
273 98
706 589
301 80
754 460
154 595
736 289
534 14
216 130
184 304
504 420
79 421
620 430
422 459
559 204
81 585
179 705
234 84
45 534
516 798
193 669
592 128
157 677
494 725
359 677
580 62
648 659
482 19
288 455
478 398
659 110
183 389
14 416
25 58
150 540
408 694
408 551
22 116
428 67
392 786
743 172
399 143
30 433
161 669
87 190
267 297
651 1
686 664
416 710
274 117
449 681
363 408
431 384
75 410
2 467
747 296
638 346
438 219
778 151
439 416
692 705
265 543
705 502
758 673
763 231
341 763
463 703
722 446
638 796
55 639
462 2
135 651
699 124
421 228
626 60
643 518
316 459
612 221
512 569
445 474
352 337
436 366
592 357
11 781
705 418
620 366
419 306
569 669
781 189
96 159
248 738
228 564
749 39
336 460
159 332
134 510
220 121
76 11
30 438
792 734
55 163
651 25
20 771
693 352
160 788
510 759
278 737
74 226
327 761
237 486
644 722
547 64
43 622
426 424
260 769
709 666
131 559
691 502
530 583
54 241
571 115
551 48
404 177
625 730
137 61
415 333
783 162
748 377
335 373
800 146
342 260
12 24
18 702
78 99
36 483
691 606
597 442
205 200
170 29
482 306
442 96
190 424
609 137
352 144
510 703
641 403
162 652
778 531
105 55
630 141
89 72
298 238
65 503
789 234
83 470
92 524
566 281
499 726
770 50
69 31
752 262
433 465
113 762
196 570
369 25
710 457
448 559
694 513
613 683
298 696
352 389
771 469
222 470
395 191
71 15
221 375
276 205
39 741
166 586
510 534
610 771
191 610
529 84
322 694
318 171
589 670
560 111
338 781
132 284
523 555
299 743
129 126
499 519
66 664
305 127
398 466
97 140
627 178
575 148
71 93
671 211
762 430
321 651
762 453
135 484
559 785
778 239
462 28
757 80
691 613
206 640
631 303
779 457
32 106
157 102
198 27
664 511
8 184
361 769
188 47
4 746
383 333
184 397
360 493
476 602
657 681
442 39
183 772
496 566
77 204
667 626
582 530
336 589
266 697
109 5
295 464
303 230
348 38
626 707
530 301
60 739
181 501
777 716
25 24
481 101
579 700
727 360
781 262
500 246
510 608
603 357
623 105
586 170
142 763
428 224
263 488
162 795
540 490
710 564
514 743
217 644
642 143
556 622
756 255
420 18
415 222
726 237
326 63
759 19
25 386
242 287
73 403
281 165
445 543
728 510
485 144
353 678
638 108
499 146
715 470
515 329
691 440
117 568
502 75
587 526
13 28
364 437
783 196
601 427
290 529
136 774
224 40
651 62
148 702
207 414
723 721
742 614
360 58
733 413
485 71
490 497
451 405
133 433
600 286
411 90
14 98
415 237
489 618
650 188
71 56
601 793
328 542
158 239
152 91
651 188
161 692
684 163
296 368
147 448
205 557
89 570
206 503
7 695
672 208
434 742
616 235
735 143
328 92
382 479
534 584
666 247
476 101
409 323
21 556
770 225
664 58
795 422
561 353
668 784
560 301
726 375
535 212
70 63
655 451
93 741
586 759
187 613
411 147
136 431
254 105
208 470
163 202
91 275
554 758
258 665
610 535
592 697
298 661
759 153
663 403
93 448
713 631
613 324
777 748
306 583
52 513
252 566
714 342
40 19
651 650
236 12
736 27
708 234
687 218
386 101
621 30
100 533
660 712
56 188
659 362
770 263
426 221
28 340
114 420
710 316