128
192
123 75
87 186
174 39
111 23
95 14
115 121
169 23
47 100
43 168
9 122
53 63
148 6
107 148
96 54
50 15
187 172
154 81
37 135
183 147
158 86
32 144
14 73
166 124
44 80
99 52
10 24
178 29
29 93
176 189
18 97
75 76
141 100
28 177
43 19
4 72
104 99
87 117
171 124
113 23
11 19
74 20
42 124
113 135
88 160
3 105
65 77
181 13
49 16
61 155
34 64
34 9
163 120
190 141
51 110
35 125
128 173
17 42
104 129
176 191
160 50
167 32
190 155
108 46
43 169
8 76
104 41
149 74
32 146
87 146
63 121
79 62
101 159
103 76
95 150
74 126
7 113
30 5
75 137
50 117
177 122
65 89
162 85
34 66
38 120
83 164
49 33
33 21
191 8
97 157
157 42
91 36
154 120
40 101
128 153
89 177
82 25
137 116
109 170
53 146
98 135
117 18
168 22
38 38
29 6
3 185
112 157
28 73
84 131
45 83
156 134
67 109
158 11
96 75
53 148
92 150
91 81
39 130
102 76
167 130
146 41
186 65
5 86
137 152
88 54
43 51
187 173
32 24
56 127
162 108
83 62
129 45
142 167
46 51
114 20
52 67
125 45
131 129
130 140
89 26
65 3
140 59
175 171
146 38
106 116
17 188
49 145
104 190
183 149
112 169
40 163
43 164
79 46
165 17
57 61
106 121
127 53
51 109
32 4
19 137
183 35
4 39
52 171
100 42
127 83
82 38
53 125
74 4
42 46
20 98
170 125
90 104
49 140
84 80
143 102
88 134
137 91
44 60
69 144
165 67
34 55
169 151
51 50
154 92
95 45
61 72
41 150
47 89
97 130
169 111
40 64
116 48
27 160
171 159
111 143
98 16
5 74
166 119
123 191
18 25
43 78
160 83
35 14
44 3
15 20
114 118
147 37
37 173
4 15
140 178
30 45
2 34
118 39
153 112
102 42
136 144
184 167
99 90
52 142
93 66
33 78
56 179
114 92
32 182
107 171
167 136
87 40
41 76
143 65
187 52
171 2
67 162
168 37
59 91
178 151
156 82
36 19
69 22
175 100
11 89
142 49
96 100
153 8
47 167
73 41
90 115
106 156
84 145
1 142
43 50
165 70
132 72
153 8
157 135
171 39
95 120
152 62
91 112
69 137
150 13
49 47
127 154
10 18
170 74
32 84
124 68
153 127
139 177
134 104
119 176
142 21
167 101
82 65
84 23
9 105
35 57
151 34
82 33
51 123
170 146
14 101
21 38
35 160
23 40
135 141
87 148
34 61
121 179
125 76
9 5
181 108
125 11
141 78
43 63
8 21
17 21
185 37
59 92
68 81
3 74
93 90
30 190
150 22
177 147
97 57
23 85
164 148
96 112
33 10
175 105
94 191
125 87
99 55
178 167
7 180
112 100
141 141
97 99
162 145
117 131
10 139
23 173
158 182
157 191
64 139
103 157
9 99
51 171
154 100
17 32
152 129
131 164
77 100
70 111
116 58
49 125
5 135
170 162
189 134
32 60
144 6
24 152
105 139
2 130
110 19
161 133
147 164
105 95
135 46
77 58
104 125
55 172
132 32
13 128
165 45
59 180
114 82
139 26
92 12
27 10
30 60
14 176
95 118
143 101
164 27
30 75
152 84
118 155
179 130
90 23
46 148
10 160
101 20
57 65
32 84
74 61
15 87
109 173
77 59
81 48
85 110
186 108
66 111
70 116
48 31
139 94
50 20
61 151
40 117
87 135
72 160
67 150
118 175
130 66
105 18
113 190
192 106
169 65
88 47
180 136
141 190
101 191
18 33
21 121
21 107
63 157
138 1
114 127
176 52
1 152
69 177
149 132
155 190
68 50
44 120
57 56
117 157
54 6
61 74
126 82
180 60
46 189
61 159
124 108
82 124
67 23
172 88
154 134
85 30
184 192
149 48
55 137
77 173
143 137
54 140
90 106
8 7
166 132
166 97
111 119
92 49
141 72
8 103
13 156
4 68
155 152
116 82
96 64
126 110
72 179
58 162
156 65
168 2
68 13
98 50
132 62
98 144
5 106
118 81
69 121
149 96
144 136
49 48
71 174
29 142
32 86
175 60
22 151
61 89
35 30
138 38
91 108
182 159
21 107
48 153
100 68
120 51
75 168
162 145
149 191
94 53
84 141
112 170
99 44
130 5
73 76
107 36
55 96
2 139
74 113
99 45
52 27
96 126
66 65
78 87
127 44
139 83
184 122
60 154
165 189
30 45
136 136
144 190
103 18
136 49
130 107
93 54
133 188
179 6
125 129
92 123
44 102
13 99
31 136
124 67
133 153
176 140
97 127
138 7
144 145
55 146
59 20
7 63
79 57
133 11
185 96
6 36
6 18
6 100
154 129
167 158
90 150
105 58
148 114
128 164
67 55
117 189
74 187
60 152
51 192
35 108
95 40
15 164
121 21
72 146
149 110
111 110
131 88
167 86
9 103
121 139
157 45
136 102
103 67
61 26
130 95
133 96
6 147
68 127
39 11
80 188
184 63
169 122
150 144
79 30
118 8
41 146
116 48
55 91
114 179
116 51
146 56
146 151
10 85
85 49
159 37
108 150
163 84
143 184
99 94
21 88
101 61
41 88
172 159
178 93
146 101
15 99
156 33
57 38
117 14
150 148
50 129
105 20
84 120
11 183
21 95
78 185
28 183
80 7
149 130
164 102
38 178
72 66
18 129
167 135
14 188
154 127
188 66
18 79
57 92
133 77
186 83
69 85
73 21
156 93
150 127
67 59
112 138
188 130
138 34
136 151
29 97
85 24
34 166
167 91
65 107
39 59
61 172
15 5
64 170
98 85
104 164
143 24
173 11
25 119
44 32
141 137
192 98
32 33
71 6
187 136
177 34
66 45
77 144
114 140
122 19
32 97
54 174
120 34
56 16
24 100
111 37
108 110
134 139
143 76
17 9
83 65
106 148
173 182
164 94
129 93
112 160
189 37
14 181
135 69
68 158
40 179
2 19
96 7
158 110
83 46
119 37
110 32
57 90
22 28
56 22
120 39
182 180
76 67
40 18
135 108
47 47
94 113
65 61
119 94
171 73
11 161
110 120
192 166
82 85
1 137
171 184
175 160
43 122
98 83
11 104
190 58
150 155
170 87
87 160
52 65
105 63
33 86
54 97
123 135
53 187
143 31
50 190
62 92
119 159
174 130
71 43
59 92
69 100
50 156
67 102
92 43
36 125
192 89
93 122
96 17
116 110
112 165
107 45
129 98
12 110
35 146
25 157
109 93
64 31
56 130
4 148
45 39
144 44
191 108
166 94
188 153
12 107
190 182
152 126
87 35
107 185
52 3
149 32
96 20
62 23
22 65
42 66
167 57
173 166
36 18
131 32
171 142
10 40
132 33
37 90
67 143
83 182
146 39
22 113
59 147
7 80
84 113
17 58
169 189
31 77
15 162
172 57
175 181
96 178
22 4
76 152
146 158
14 163
68 99
147 126
53 154
77 136
138 93
66 114
154 96
62 168
129 41
96 112
30 63
161 115
66 44
138 83
73 151
54 141
121 72
138 46
97 23
53 42
179 118
28 140
22 89
179 22
2 82
133 95
144 166
17 81
17 26
164 154
49 25
102 169
160 111
22 65
5 75
170 184
192 5
3 85
158 182
107 159
135 111
61 151
84 141
39 165
166 74
126 22
98 99
191 130
17 20
2 86
158 43
77 158
48 143
50 13
4 28
43 11
139 103
161 94
115 71
66 88
145 63
110 114
161 172
115 50
63 116
135 29
31 83
186 78
33 107
154 37
135 4
111 145
170 143
110 156
21 48
51 37
110 32
23 79
11 137
192 138
125 134
166 155
88 31
104 120
137 65
28 143
132 138
159 173
88 141
136 173
188 58
81 105
90 167
183 164
112 54
109 108
187 146
134 82
176 45
74 121
173 165
135 176
175 166
28 134
114 163
114 109
92 67
21 181
41 76
25 24
129 133
3 188
87 136
141 70
52 22
62 32
59 69
79 41
42 106
174 27
140 160
135 40
34 27
92 138
102 116
162 103
121 36
98 15
44 46
148 95
132 82
191 190
22 77
38 127
55 83
153 2
50 95
41 83
121 5
93 95
120 126
5 48
161 166
126 12
19 146
171 22
99 169
19 120
117 120
54 171
11 14
45 60
172 149
15 164
153 107
130 81
40 134
192 72
107 126
84 190
79 126
83 177
102 102
104 26
93 29
69 167
106 113
99 149
69 113
120 94
91 58
174 2
63 173
137 42
170 92
103 56
25 185
104 126
158 79
24 59
107 156
33 84
76 3
40 16
179 32
173 77
153 26
142 23
7 87
128 48
50 38
168 75
31 79
72 188
158 95
118 136
58 23
28 5
25 131
85 12
162 65
152 122
91 166
145 161
124 144
16 173
182 183
55 84
134 127
143 99
93 133
106 151
155 5
27 51
136 111
126 105
48 150
35 138
123 51
106 54
2 185
98 55
48 25
10 181
151 153
151 115
93 64
137 119
133 164
169 76
146 167
180 1
124 86
138 54
136 115
171 10
172 140
128 27
164 138
15 186
98 37
109 62
164 53
180 104
24 28
179 170
2 39
42 125
124 180
50 132
166 92