128
416
283 75
87 346
398 359
79 183
31 206
115 153
201 375
335 228
171 136
105 346
373 287
404 326
203 20
288 182
18 303
283 300
250 369
101 231
183 179
414 214
256 400
366 329
358 156
12 400
291 116
330 120
274 189
29 61
208 189
114 97
363 268
269 68
92 369
299 275
4 168
72 131
23 21
43 252
49 55
235 339
170 148
42 316
209 359
248 288
3 361
385 365
213 237
305 304
61 59
162 64
226 105
195 248
414 237
83 46
163 189
384 205
209 298
104 1
240 351
160 114
167 128
350 379
236 238
139 297
296 300
232 105
277 10
224 274
119 178
319 281
367 158
69 31
39 44
31 150
394 62
263 17
62 197
395 297
18 117
49 186
289 281
290 21
162 386
294 280
19 68
145 257
225 85
287 136
129 189
285 394
251 4
410 312
200 261
64 89
249 401
274 409
137 20
13 298
277 306
162 295
373 178
136 54
262 294
189 262
67 57
112 189
60 105
84 131
237 19
92 70
3 237
62 139
128 75
309 404
252 54
283 81
103 290
134 364
167 322
82 105
250 193
293 182
297 248
184 406
267 275
59 141
384 408
152 95
354 44
83 190
385 237
270 71
398 403
306 148
180 387
125 13
163 1
194 332
249 378
193 387
108 251
111 75
114 262
170 52
177 252
113 145
360 382
87 341
240 265
360 3
235 68
303 270
357 81
57 189
330 249
31 21
371 141
96 68
275 265
407 35
388 103
52 203
356 138
127 51
274 358
53 93
298 228
234 238
308 290
298 221
410 328
113 364
340 208
15 198
344 6
233 315
396 156
101 336
165 99
386 23
329 311
403 210
122 220
31 301
381 328
393 374
111 89
321 34
297 207
232 224
84 336
411 64
363 383
399 111
354 240
133 266
134 407
59 127
210 89
11 174
288 403
131 398
364 323
303 244
114 406
339 197
197 333
260 143
300 114
126 237
354 258
86 359
249 16
358 330
104 368
376 263
227 378
116 174
285 2
289 270
280 211
50 60
416 182
203 299
295 328
407 104
41 364
335 161
379 276
363 354
99 322
200 197
283 187
370 151
188 114
4 51
325 342
399 324
107 185
78 273
384 356
249 296
175 39
41 137
186 275
362 284
180 17
65 46
203 306
69 262
4 360
185 328
157 167
107 135
223 184
280 62
411 112
357 169
22 269
177 207
127 122
74 306
10 10
224 84
316 164
345 191
107 401
102 264
151 80
398 373
135 261
18 129
244 247
297 137
99 57
343 98
50 289
403 347
170 82
14 69
245 230
259 352
215 232
71 365
183 340
194 317
57 83
29 172
329 197
309 300
125 107
397 46
395 255
392 149
337 405
89 165
219 220
388 17
323 330
253 90
254 318
406 182
401 307
353 185
375 245
68 84
352 48
129 202
303 393
222 223
381 311
259 55
114 231
359 20
16 196
397 269
97 387
34 369
149 259
138 107
87 205
62 310
125 191
384 11
167 189
105 3
83 235
58 68
337 288
376 353
67 228
205 36
198 111
276 218
369 413
325 327
74 386
93 198
32 60
80 70
248 184
73 203
290 2
142 211
289 389
147 228
201 223
135 270
205 410
72 157
279 268
356 352
109 32
133 141
379 84
82 210
267 154
284 12
27 10
222 188
270 368
287 54
47 293
324 251
158 395
408 20
118 219
243 226
250 247
238 212
330 320
293 52
345 33
64 372
42 285
15 311
109 173
237 155
49 144
405 206
410 268
98 111
70 212
336 191
43 158
274 244
61 151
296 405
55 231
232 96
387 118
278 79
290 386
105 338
113 94
416 106
233 97
88 303
308 8
365 222
37 223
50 385
245 217
245 299
31 349
266 289
50 415
368 340
385 344
261 369
21 132
347 126
100 18
12 280
313 248
85 349
54 6
189 298
222 18
180 124
366 317
413 415
316 236
210 284
163 343
108 56
58 38
181 158
56 64
21 368
311 393
173 237
399 361
118 76
250 170
200 71
358 68
70 257
175 151
412 209
77 104
136 135
141 188
164 68
251 184
20 18
160 64
126 14
296 243
90 130
284 289
200 98
228 141
354 274
292 222
66 240
197 202
246 209
389 409
277 96
48 168
401 208
103 110
93 398
224 182
399 380
342 183
61 153
195 286
10 358
91 364
182 159
149 11
368 409
292 100
376 339
139 360
2 241
53 95
222 149
276 77
112 74
259 44
98 325
329 108
139 292
343 320
34 363
202 273
355 365
244 315
288 382
130 289
206 55
255 300
203 403
376 186
60 90
229 157
286 141
136 8
304 62
199 210
8 273
66 235
221 182
133 92
147 262
253 225
316 379
396 390
365 227
159 296
188 259
37 57
272 44
65 159
106 263
368 401
119 306
219 212
71 223
175 89
357 11
313 128
262 292
102 210
390 132
90 161
391 414
218 246
41 154
276 18
288 100
3 279
405 93
74 347
316 248
19 256
131 204
383 392
367 356
57 341
72 18
85 334
15 174
35 344
327 310
361 199
281 235
61 269
328 6
71 99
253 378
226 383
165 64
230 115
4 287
327 363
304 412
152 191
41 186
118 368
367 350
22 232
41 370
372 240
375 315
338 83
276 147
338 24
210 151
138 85
21 49
319 197
332 54
259 372
111 248
195 350
181 88
165 221
41 408
332 287
306 253
370 165
271 291
188 353
25 198
21 334
118 212
114 321
265 372
148 248
203 343
181 255
14 217
348 343
208 263
213 386
388 166
134 242
328 194
178 353
263 199
142 252
282 127
28 130
370 175
249 28
389 13
282 275
229 85
201 309
220 285
278 191
323 283
16 234
348 194
42 66
264 183
317 129
309 344
130 134
391 379
161 363
263 27
93 364
399 165
128 202
34 277
392 356
143 408
45 363
57 87
12 192
141 201
192 322
416 321
39 390
155 200
209 2
98 301
237 368
338 364
154 371
224 1
182 366
408 226
184 336
184 196
399 197
268 174
102 267
79 12
113 105
83 193
394 180
365 214
4 286
161 157
240 384
157 293
206 21
391 389
228 158
40 211
354 179
384 327
30 334
339 14
23 293
206 416
345 154
214 348
312 246
88 7
214 116
300 291
8 274
263 236
303 175
30 113
353 285
23 254
203 233
139 97
110 344
96 38
370 181
385 265
299 344
271 96
331 26
258 339
171 392
158 58
150 59
170 375
215 64
84 1
169 223
97 150
22 65
59 391
117 315
111 415
114 254
382 28
279 223
366 34
199 395
379 220
325 4
50 124
67 134
412 107
228 93
128 249
29 186
96 17
84 78
304 197
331 141
97 66
364 46
99 18
313 349
109 221
352 31
344 2
36 340
397 263
304 108
383 204
294 62
92 249
140 395
318 342
120 414
407 355
331 377
244 99
309 224
320 244
254 119
118 289
330 98
7 89
77 390
164 242
323 256
75 46
106 264
388 97
133 250
35 47
211 150
146 103
374 337
347 83
327 48
244 113
17 250
201 93
223 237
335 130
364 281
47 53
128 306
150 132
140 56
178 350
78 195
324 323
403 254
405 314
173 232
298 189
354 82
154 160
190 72
161 137
224 208
190 223
385 211
354 108
138 403
329 215
182 237
409 40
362 270
225 119
373 106
179 310
60 332
54 249
275 86
258 82
293 319
304 134
113 113
241 122
100 26
209 281
262 201
192 79
54 1
69 11
394 248
320 37
35 245
158 310
331 415
263 79
317 23
212 301
135 325
6 106
350 214
386 67
415 34
145 52
34 86
350 299
333 254
336 239
82 77
4 284
363 139
363 263
161 30
19 167
354 24
273 159
238 114
225 108
19 242
31 52
327 381
223 115
218 142
353 171
90 357
39 36
367 273
170 399
174 60
149 400
83 293
142 192
279 367
299 297
64 202
221 390
166 27
376 255
40 312
9 129
124 335
36 74
63 77
56 109
136 77
92 90
241 233
282 391
183 36
272 118
237 364
91 274
262 50
112 301
234 121
301 229
327 208
175 262
156 102
370 291
178 45
252 291
277 117
265 332
25 408
33 261
227 412
119 72
333 230
244 150
222 128
251 5
207 9
266 362
110 91
108 160
135 360
34 283
348 170
198 372
162 103
89 260
98 207
204 14
308 31
36 402
31 286
278 237
294 415
55 275
89 162
18 223
105 51
89 325
93 159
280 126
261 368
385 230
30 172
243 210
75 150
67 105
19 344
213 184
342 267
43 14
301 60
108 277
399 68
185 75
98 49
200 358
288 40
171 318
212 286
111 158
307 177
262 326
104 58
381 317
197 295
202 81
227 181
357 209
248 414
155 346
46 226
159 333
137 202
106 220
359 216
377 249
264 222
30 239
152 411
139 220
289 212
300 387
392 112
51 96
397 205
313 314
302 55
231 23
128 208
114 70
296 75
319 143
168 348
382 319
214 392
122 375
188 293
345 35
277 396
130 257
56 26
155 230
81 257
124 80
48 237
150 343
311 340
358 63
143 323
253 229
170 375
187 229
123 403
264 399
254 393
112 182
3 266
411 371
106 118
34 25
226 55
240 409
266 181
55 409
375 179
221 128
9 279
229 132
265 76
402 391
52 97
156 342
362 150
296 339
139 202
236 236
128 59
228 394
239 154
386 69
333 62
68 341
340 296
56 60
371 42
34 295
10 189
220 372
210 388
166 220