128
864
219 75
567 282
750 519
687 23
479 206
691 793
73 695
431 4
523 552
297 602
53 543
52 486
491 436
192 822
242 591
379 460
250 81
325 135
183 147
158 662
800 432
590 457
262 604
44 368
291 340
106 792
466 605
413 93
176 189
498 1
363 460
45 196
124 369
331 307
100 72
104 483
87 693
75 796
17 119
299 307
458 404
234 508
593 231
184 352
3 681
353 365
277 397
145 400
349 59
706 448
130 393
67 216
670 141
147 686
707 29
128 749
17 810
392 609
176 575
544 626
839 32
574 251
12 718
235 361
776 76
392 41
53 458
704 722
183 434
543 25
463 254
773 63
199 748
671 822
458 798
583 17
414 293
267 425
146 501
369 506
161 761
546 661
802 834
518 120
851 644
145 33
33 501
95 680
385 349
637 426
283 804
442 696
232 293
704 825
377 657
466 121
137 596
781 74
149 434
194 135
213 786
168 694
422 710
509 390
195 281
400 61
220 841
756 35
717 179
444 230
835 493
350 107
672 267
629 820
284 822
91 81
327 706
774 748
551 418
722 329
282 257
389 86
233 728
568 534
43 147
763 461
224 696
152 31
546 780
851 830
321 525
46 647
814 819
114 500
820 835
413 237
227 801
322 44
665 26
161 291
620 59
751 843
338 38
10 20
401 860
433 721
104 478
87 53
16 649
136 835
619 548
655 430
69 113
57 733
586 217
607 341
723 493
320 196
115 329
663 515
772 231
820 459
292 42
511 755
274 230
725 29
362 100
42 430
212 98
746 797
762 488
721 620
564 176
815 678
88 614
329 859
428 732
453 720
357 547
610 631
361 55
243 722
154 284
287 813
829 168
329 726
239 185
481 802
361 15
616 448
212 528
27 640
843 63
495 335
194 688
101 554
742 791
411 479
210 697
427 174
448 755
35 686
524 99
207 20
114 406
51 325
517 77
100 495
140 178
414 333
2 514
22 327
441 16
390 234
712 816
856 743
291 474
148 814
573 354
417 270
344 467
594 860
128 278
491 267
455 40
183 40
137 652
815 161
667 340
843 98
739 834
840 613
443 571
562 151
60 562
420 403
165 598
847 292
11 473
142 49
96 772
537 680
143 71
841 809
858 403
490 732
372 49
481 814
619 626
549 262
324 552
249 488
733 231
363 327
287 504
824 830
859 496
645 137
150 205
529 143
607 154
10 114
650 74
512 852
700 644
249 607
331 81
230 200
311 176
526 597
263 485
562 257
564 791
393 297
131 57
439 322
658 33
435 27
554 530
14 389
309 710
131 640
791 808
423 237
567 532
418 829
601 563
221 748
489 197
181 204
701 203
525 78
235 543
104 789
209 117
761 517
827 476
740 753
3 746
573 570
414 574
534 598
273 339
481 345
119 661
548 820
864 208
33 682
751 585
190 95
701 87
195 247
562 71
583 564
400 292
717 813
1 387
546 721
309 611
202 427
407 749
830 854
541 863
256 427
583 445
105 3
531 747
250 676
401 416
824 801
707 260
749 292
646 15
596 538
625 797
101 615
266 66
189 806
512 444
816 678
24 56
681 139
386 514
398 787
65 805
723 356
201 191
231 430
653 826
104 413
343 652
612 608
301 800
549 813
827 84
210 850
139 26
572 108
123 106
30 636
494 752
575 694
527 389
260 315
798 363
728 276
598 59
467 34
858 599
430 820
682 640
389 404
249 545
512 372
650 541
591 279
13 749
557 539
273 816
853 206
762 300
66 495
358 116
528 799
715 94
338 116
733 727
520 117
855 615
72 640
739 246
502 751
130 642
9 402
593 862
192 490
745 257
568 239
372 232
621 670
773 95
786 225
405 25
789 395
639 445
618 97
690 703
848 820
481 440
357 657
437 132
731 766
836 434
140 792
249 344
597 157
438 102
829 842
126 754
372 348
334 573
445 159
412 12
562 28
451 503
268 472
634 134
373 606
568 96
533 816
439 713
557 461
815 521
438 524
858 394
8 775
550 36
70 97
495 215
572 529
717 840
584 487
109 540
676 260
635 344
212 658
192 352
702 590
456 275
250 450
252 257
360 386
740 13
482 818
228 638
482 528
197 202
598 753
741 409
149 96
336 808
337 528
743 174
701 334
32 86
367 732
790 727
253 665
323 318
618 134
91 684
662 735
21 395
624 345
388 356
24 723
747 360
834 625
533 671
94 149
756 45
16 266
771 716
514 677
169 268
395 708
535 192
578 139
170 785
483 141
724 507
864 606
450 833
366 567
223 44
715 563
88 314
828 442
165 477
702 333
328 232
624 862
7 786
136 625
706 203
765 150
709 764
755 294
317 705
860 123
332 294
685 3
607 232
28 355
709 729
272 620
97 31
618 103
816 337
727 242
539 212
391 831
559 729
709 11
569 288
582 36
582 402
486 772
634 513
263 62
378 534
681 58
148 18
608 548
355 55
789 477
266 763
444 824
627 288
419 780
575 136
399 740
121 21
648 338
533 494
399 494
611 664
551 758
681 295
25 619
349 813
232 198
295 259
157 506
130 575
421 288
294 819
164 415
423 395
752 92
472 735
169 218
534 720
559 798
598 584
137 530
116 816
727 859
210 467
500 339
626 56
626 55
10 373
469 433
351 805
108 822
259 276
623 376
579 766
309 760
485 445
425 184
844 735
178 189
338 677
111 99
732 321
153 326
693 206
342 628
146 33
585 404
756 792
779 471
693 671
366 761
700 375
80 679
245 706
452 582
518 562
264 834
18 417
743 711
206 668
58 799
284 642
786 175
153 284
229 845
90 179
741 373
553 405
636 381
246 223
547 347
784 810
764 802
810 226
232 151
29 289
85 312
514 454
71 667
737 299
231 827
61 556
783 197
544 554
578 373
776 260
719 696
653 203
217 599
428 32
333 41
768 2
800 417
455 6
667 328
753 34
738 813
173 240
594 716
794 307
224 289
150 78
120 802
728 784
120 292
399 37
780 302
38 715
719 76
305 105
851 641
586 724
173 758
548 766
609 477
208 832
765 805
494 469
327 357
836 446
232 371
482 595
672 103
446 110
179 334
215 613
110 800
57 282
694 604
632 22
216 423
854 564
364 67
616 690
423 588
719 239
94 785
833 349
23 862
459 649
779 257
398 24
192 454
754 469
193 521
75 856
79 64
139 26
578 755
299 584
478 154
822 155
74 375
87 544
820 545
777 735
801 758
342 577
795 231
629 571
335 703
146 862
350 284
23 63
174 322
647 235
59 188
837 580
146 60
259 102
188 619
420 125
96 761
285 26
576 497
596 494
784 741
491 717
609 98
780 782
419 146
601 61
781 573
640 511
632 34
196 820
237 615
528 332
95 396
358 670
476 537
300 395
862 374
248 606
471 611
107 473
340 291
533 704
864 308
350 215
790 545
618 162
743 729
77 838
708 18
227 320
555 526
298 136
36 129
325 90
739 431
563 662
722 231
502 305
539 435
103 464
564 305
209 442
169 285
415 461
303 642
364 441
751 661
576 370
790 484
460 248
50 158
494 355
836 579
243 510
149 346
557 712
234 765
738 402
634 288
446 72
513 809
96 400
606 255
353 115
738 812
810 371
553 439
726 525
601 552
618 334
481 311
629 714
659 502
700 428
790 281
83 22
674 178
421 863
432 358
113 753
305 506
260 442
529 121
102 265
256 303
598 737
197 363
170 856
864 5
3 373
734 86
395 543
711 399
541 727
756 237
615 645
742 458
222 406
578 771
671 418
209 404
290 854
350 43
845 350
48 431
722 781
100 700
43 395
235 583
257 574
403 455
354 280
49 159
686 210
65 76
211 722
63 500
711 413
127 275
762 174
705 203
538 805
39 580
783 721
746 623
14 732
213 816
147 709
110 416
503 175
491 713
480 138
797 326
550 59
184 31
680 24
233 353
412 719
516 330
159 845
88 621
712 749
572 442
177 681
858 263
855 68
112 54
205 492
379 338
134 562
368 813
170 601
749 165
39 848
79 646
412 614
402 259
498 109
284 259
789 277
521 364
793 216
417 133
291 380
471 424
525 838
820 694
158 704
443 645
271 521
426 682
270 411
524 352
519 808
610 27
668 714
390 596
66 391
313 804
770 783
812 430
340 767
708 82
191 286
310 461
806 319
727 659
729 386
146 383
329 755
409 581
189 383
312 702
773 624
641 262
126 588
691 50
75 118
579 265
403 24
309 792
342 171
587 206
141 732
172 53
207 164
633 395
130 81
232 38
288 456
299 414
180 574
463 702
275 177
102 678
200 410
189 125
165 359
778 305
675 533
357 17
696 574
859 826
654 674
447 77
713 330
74 476
487 536
313 761
296 414
158 79
408 347
203 156
705 564
460 99
232 400
563 512
557 557
57 794
814 503
7 663
416 528
722 38
648 171
799 79
168 92
158 575
22 808
730 311
508 773
409 323
757 108
834 449
248 26
379 646
529 833
28 528
496 749
566 279
55 84
806 223
623 99
381 229
490 247
539 581
603 531
40 495
222 9
528 54
35 42
699 147
10 726
674 89
194 823
816 697
490 757
55 249
439 19
477 64
713 599
229 452
265 268
530 71
276 193
124 758
234 822
40 691
267 298
364 44
704 315
740 330
207 378
578 229
397 638
740 245
372 104
696 220
371 362
290 231
138 413
124 372
818 612
646 668