128
576
507 75
279 570
174 231
111 23
479 206
115 505
361 407
431 292
235 552
9 314
53 255
340 198
491 148
480 246
242 15
379 172
538 81
37 135
183 147
158 86
224 144
14 457
550 316
44 80
291 52
394 216
178 29
413 93
176 189
210 289
75 460
333 484
412 369
43 19
388 72
104 483
87 117
363 508
305 407
11 19
458 404
234 508
305 519
472 352
3 105
65 77
565 397
433 400
61 347
418 448
418 393
355 504
382 141
435 110
419 317
128 173
17 234
104 321
176 575
544 50
551 32
574 539
300 430
235 361
200 76
104 41
341 458
416 146
471 146
255 313
463 254
485 351
487 460
95 534
458 510
7 305
414 5
267 137
434 501
369 506
449 473
546 85
226 258
230 120
275 356
433 33
33 213
383 392
97 349
349 426
283 228
154 120
232 293
128 537
89 369
466 409
137 308
493 362
437 146
482 135
501 210
168 406
422 422
221 390
195 569
112 349
220 265
468 323
429 467
156 518
259 493
350 395
96 267
53 532
284 534
91 81
39 130
486 460
551 130
146 41
570 257
389 86
521 152
280 246
43 435
187 173
224 408
440 319
546 492
275 254
321 237
334 359
238 243
114 212
244 259
125 237
515 513
322 332
89 26
449 3
332 59
175 555
338 38
298 308
401 572
433 145
104 190
375 341
304 361
424 547
43 548
79 430
357 401
57 445
298 505
319 53
435 493
32 196
403 329
375 227
196 231
244 171
292 42
511 467
274 230
437 317
74 388
42 430
212 98
170 509
474 488
433 332
276 464
527 102
88 326
329 283
428 444
453 144
357 259
34 55
361 343
243 434
154 284
287 237
253 456
41 150
239 473
481 514
361 303
40 448
500 240
27 352
555 351
495 335
482 400
389 266
166 503
123 191
210 409
427 462
160 467
35 398
236 387
207 20
114 118
339 37
229 365
388 207
140 178
414 45
2 226
310 39
153 304
102 234
136 528
568 167
291 474
436 526
285 66
417 270
56 179
306 284
416 566
491 555
167 328
471 40
425 76
527 449
379 52
555 386
451 546
552 37
443 283
562 151
348 274
420 403
453 22
559 292
11 473
142 49
96 484
537 392
431 359
265 233
282 115
490 156
84 337
193 526
43 50
549 262
324 264
537 200
157 519
363 39
287 504
536 254
283 496
69 137
150 205
241 431
319 154
10 402
362 74
224 276
124 68
537 319
331 369
518 488
311 176
526 21
551 485
274 257
276 215
393 297
419 57
151 34
82 33
435 315
554 530
14 101
21 422
419 352
215 232
135 525
279 532
418 253
313 563
509 460
201 197
181 492
125 203
525 78
235 255
392 213
209 405
185 229
251 476
452 465
3 458
285 282
414 574
534 22
561 339
481 57
407 85
548 532
288 496
33 394
175 297
478 383
125 87
483 247
562 359
7 564
112 292
141 525
289 99
546 145
309 323
202 139
407 173
542 566
541 575
256 139
295 157
393 291
243 171
538 100
401 416
536 513
131 548
461 292
70 303
308 250
49 509
389 327
554 354
189 518
224 444
528 390
24 344
105 139
386 514
110 211
353 517
147 356
489 479
519 430
77 250
104 125
55 364
324 32
13 512
549 237
251 372
498 274
139 26
284 396
411 394
30 60
206 176
287 118
527 101
548 27
222 75
152 276
310 347
179 322
282 23
430 532
394 352
101 404
249 257
224 84
74 253
15 279
301 173
269 251
273 240
277 494
186 300
66 495
70 116
240 223
139 94
50 404
445 151
232 117
279 327
72 352
451 534
502 175
130 66
297 402
305 574
192 490
169 257
280 239
372 520
333 382
485 383
210 225
405 313
213 107
63 157
330 385
114 127
560 244
193 152
69 369
149 132
155 190
260 434
428 504
249 56
309 157
438 390
253 266
126 466
372 60
46 573
445 159
124 300
274 316
451 215
556 472
346 134
85 30
568 384
533 240
439 137
269 173
527 521
438 524
282 106
8 199
550 324
358 97
495 503
284 241
141 264
8 487
397 540
388 260
347 344
500 82
480 64
126 302
456 563
250 162
540 257
360 386
452 13
482 242
516 62
482 528
197 490
310 465
453 121
149 96
336 520
49 240
455 174
413 334
32 86
367 444
214 151
253 89
35 30
330 422
91 108
374 159
21 107
48 345
100 68
312 435
459 360
546 337
533 383
94 437
468 333
304 554
483 428
514 389
457 268
107 420
247 480
2 139
458 497
483 429
436 219
288 318
450 257
78 279
511 44
139 275
376 314
252 154
165 189
414 45
328 520
336 574
295 210
136 49
130 491
477 438
133 188
179 6
317 129
284 123
44 294
397 291
31 520
316 67
133 153
560 332
97 319
330 391
528 337
439 530
251 212
391 255
271 441
133 11
569 288
6 36
6 402
198 484
346 513
551 350
90 534
105 58
148 306
320 548
67 55
501 189
266 187
444 536
51 576
419 492
287 424
399 164
121 21
72 338
533 494
111 494
323 88
551 470
393 295
313 331
349 237
520 486
295 259
445 218
130 287
133 288
6 531
452 127
423 395
464 380
184 447
169 506
534 144
271 222
310 8
425 530
116 240
439 283
498 179
500 51
338 56
338 343
10 85
469 433
351 229
108 534
547 276
335 376
291 478
21 472
485 445
425 472
556 159
178 477
338 101
399 99
156 33
441 38
117 206
342 340
434 321
297 404
468 504
203 183
405 95
78 185
412 375
80 391
533 130
164 294
230 562
264 258
18 129
167 135
206 380
346 511
572 66
210 463
441 284
517 269
378 467
453 85
265 405
348 93
534 511
259 59
496 522
188 514
522 226
520 151
29 289
85 24
226 166
359 91
449 299
231 251
61 556
207 197
256 554
290 85
488 548
143 408
365 203
217 311
428 32
333 329
192 290
224 417
455 6
379 328
177 34
450 237
461 528
306 140
506 19
224 289
438 366
120 226
440 208
408 292
111 37
492 302
326 139
143 76
17 393
275 65
298 148
173 182
548 478
321 477
496 544
189 229
206 181
327 69
260 158
232 371
194 19
96 391
158 110
467 46
503 37
110 224
57 282
406 28
56 22
504 423
566 564
76 67
40 402
135 300
431 239
94 497
257 61
311 286
171 73
203 545
110 312
192 166
466 469
193 521
363 568
367 352
427 314
290 467
11 296
190 442
534 155
362 87
87 544
244 257
489 447
225 470
54 289
507 519
53 571
335 415
434 574
62 284
311 351
174 322
71 235
59 476
261 292
434 348
259 102
476 43
420 125
384 473
285 314
288 209
308 494
496 165
491 429
321 98
204 494
419 146
25 349
493 285
64 223
56 322
196 532
237 39
528 44
383 108
358 94
188 537
12 107
574 374
536 318
471 35
107 185
52 3
533 416
288 20
62 215
214 257
42 450
167 441
365 550
420 18
515 32
555 526
10 424
324 417
37 90
451 143
275 374
146 231
214 305
251 147
391 464
276 305
209 442
169 573
415 461
15 354
364 441
175 373
288 370
214 196
460 536
338 158
206 355
260 291
531 510
437 346
269 136
522 477
450 114
346 288
446 360
513 233
96 112
30 255
353 115
450 236
522 83
265 151
438 525
313 264
330 46
481 23
53 426
371 502
412 140
214 281
371 22
386 466
133 287
144 358
401 465
17 218
548 154
241 409
102 553
544 303
22 449
197 75
170 568
576 5
3 85
158 374
107 543
135 111
253 151
468 525
39 357
166 458
510 406
290 483
383 130
209 404
2 278
350 43
269 350
48 143
434 205
388 412
43 395
523 295
545 286
115 455
66 280
337 447
110 498
353 364
499 434
63 500
135 413
415 275
186 462
417 491
538 229
327 4
495 145
170 335
302 156
213 240
435 421
110 416
215 463
203 137
192 138
509 326
550 347
472 31
104 312
521 65
412 143
516 330
159 557
88 333
136 173
572 442
465 105
282 551
567 356
112 54
493 492
379 338
134 274
368 237
458 313
173 165
327 560
367 358
412 326
114 547
498 109
284 259
213 565
233 76
217 216
129 133
3 380
471 136
525 262
244 406
446 416
443 69
271 233
426 106
558 411
524 352
519 232
34 27
92 138
102 308
354 103
313 228
482 207
236 430
340 479
132 82
191 574
22 461
230 319
439 83
153 386
434 95
41 467
121 5
477 95
312 126
197 48
353 550
126 12
403 338
363 406
291 553
403 312
309 504
54 171
11 206
429 444
172 341
207 164
345 107
130 81
232 326
576 456
299 126
468 574
463 126
275 177
102 102
488 410
477 413
453 359
490 305
99 533
69 305
120 286
283 250
366 386
447 365
137 42
362 476
487 248
25 185
296 126
158 79
408 59
491 156
417 276
460 387
232 400
563 224
557 269
345 218
526 215
7 87
128 240
434 38
360 459
223 79
456 380
158 287
310 520
442 23
220 197
409 323
469 396
546 449
536 314
91 358
529 545
316 528
208 173
566 567
55 84
518 511
335 99
93 517
490 535
539 5
27 243
328 495
510 297
240 342
35 330
123 435
298 438
386 377
482 247
240 409
202 181
343 537
151 307
477 64
137 311
517 164
553 268
530 359
564 193
124 470
522 246
328 115
555 10
364 332
128 27
164 330
207 378
290 229
109 62
164 245
372 104
408 220
371 362
2 231
426 125
124 372
242 324
358 92