128
960
699 75
279 954
366 39
879 407
95 398
691 505
361 215
431 868
43 168
393 890
629 447
148 198
875 340
672 54
242 15
955 940
922 273
805 327
183 723
734 278
32 336
782 265
550 124
44 464
291 436
394 792
754 413
29 669
752 573
594 865
459 460
717 292
604 561
619 787
196 264
104 99
471 885
363 892
881 407
395 211
842 788
42 508
113 903
88 736
387 681
641 845
181 397
49 784
829 539
610 64
802 585
163 312
382 525
243 302
803 509
512 557
209 426
104 321
368 191
928 626
743 608
382 923
876 430
619 745
8 268
680 809
725 842
32 146
279 146
447 121
655 830
677 735
295 652
95 534
842 894
199 497
414 581
459 329
50 117
945 890
257 665
738 853
418 642
38 696
659 356
817 225
225 405
959 392
97 925
925 810
859 36
346 312
616 677
512 537
665 369
466 793
905 116
685 362
629 722
98 327
117 786
552 214
230 422
605 198
387 569
880 157
604 265
468 131
813 851
540 518
259 877
350 203
864 75
437 532
668 534
859 657
231 322
870 460
743 514
530 41
954 449
197 470
713 536
472 438
427 51
955 557
800 216
632 703
162 108
275 830
513 45
526 743
238 435
114 20
820 643
893 813
131 129
322 716
665 794
65 3
716 59
559 555
146 230
298 308
209 572
49 721
488 574
375 725
880 361
616 739
43 548
463 46
549 785
633 253
490 697
127 245
627 685
800 772
787 137
951 35
580 39
628 939
484 42
703 275
274 230
53 317
650 388
234 238
212 866
362 701
474 488
817 140
84 656
911 870
664 902
905 283
812 444
261 336
357 835
610 631
937 535
819 626
922 92
863 45
829 264
617 342
623 473
481 706
169 303
616 832
116 432
27 928
747 159
303 143
866 784
773 842
358 503
507 191
594 409
235 462
544 851
803 206
236 195
783 404
498 310
147 613
613 173
580 399
332 754
414 237
578 226
118 807
729 496
870 234
904 144
568 359
867 282
436 142
477 258
417 846
440 563
498 92
608 950
491 939
743 904
87 232
41 76
911 641
571 820
747 386
835 354
744 613
635 91
754 151
348 82
36 787
645 406
751 292
395 281
142 49
96 100
153 8
47 935
649 617
666 307
874 540
660 529
193 334
619 818
357 838
900 264
537 584
541 327
747 807
479 888
728 446
859 880
453 905
726 13
433 431
319 346
10 18
746 74
224 276
892 452
153 703
715 561
326 296
887 944
142 405
743 869
850 641
660 215
585 297
227 57
727 418
274 609
435 891
554 530
206 485
21 230
227 736
791 424
903 717
279 916
34 61
697 755
701 268
9 197
565 108
125 203
525 270
811 831
200 405
401 405
761 421
635 860
68 465
195 842
93 474
798 958
534 406
753 147
673 633
215 277
740 340
480 304
609 202
175 681
478 575
125 279
867 631
178 935
7 372
688 100
717 525
97 291
930 721
309 515
394 523
791 173
734 182
349 383
256 523
103 733
9 99
51 747
730 100
593 608
344 321
707 932
845 676
262 687
308 442
241 701
5 903
746 738
957 134
32 252
528 6
24 536
105 907
194 706
878 787
353 133
147 932
105 863
519 238
461 826
680 701
439 556
516 224
205 512
357 237
635 756
114 658
331 218
476 396
795 394
222 60
398 368
863 502
143 293
740 603
30 459
344 468
886 731
563 130
282 791
238 916
586 352
485 788
441 833
224 276
266 445
207 663
685 941
77 827
273 816
469 302
186 684
642 111
454 116
240 607
907 478
434 404
829 919
232 309
663 327
456 928
643 534
502 367
514 450
105 786
305 574
960 490
169 641
472 623
756 712
141 574
101 575
18 801
405 121
21 107
447 349
906 1
882 319
368 436
769 344
261 945
917 132
347 958
644 818
620 312
441 632
885 541
246 774
253 650
894 274
756 252
622 573
253 543
892 492
850 700
835 23
556 664
154 902
661 798
760 192
149 240
823 905
653 941
719 905
630 524
90 298
776 583
742 900
166 673
303 887
284 49
909 840
584 103
781 156
772 452
347 920
692 82
864 256
894 494
72 563
58 162
732 833
744 386
644 781
98 818
708 254
866 528
5 490
502 657
645 313
149 864
144 712
817 48
839 750
413 910
224 470
943 828
214 727
253 857
419 222
714 38
475 492
566 351
21 107
48 537
292 68
312 435
651 168
354 529
917 767
478 53
276 333
880 362
99 44
130 389
265 844
299 612
247 864
2 139
842 881
675 45
820 27
480 510
66 833
78 855
511 428
907 659
760 698
60 730
741 189
30 45
904 328
528 190
103 402
328 817
322 875
861 54
901 380
563 6
125 513
860 507
812 678
205 483
415 136
124 67
325 153
944 140
481 511
330 583
912 529
439 146
443 212
199 255
463 633
133 587
185 864
6 36
582 210
390 868
346 513
935 542
666 918
681 58
340 882
512 164
451 823
309 765
74 379
60 536
51 192
35 108
95 40
15 548
121 405
456 338
917 302
879 494
131 472
551 470
393 103
505 715
925 813
520 870
103 451
445 26
514 479
133 480
390 147
68 511
423 395
848 380
568 639
745 698
150 336
79 414
310 584
41 146
308 432
55 283
882 371
308 435
722 440
914 151
586 853
661 49
159 421
300 726
931 84
335 952
291 286
405 472
869 445
617 88
748 543
370 669
914 677
15 675
156 801
825 614
693 398
534 724
818 705
489 788
660 696
779 951
21 95
462 761
412 951
848 199
533 130
740 486
806 754
72 834
594 897
359 327
206 764
922 895
380 450
594 79
57 284
901 77
378 275
837 661
265 597
732 669
726 511
67 443
304 138
188 898
906 418
136 151
221 97
85 600
418 550
551 475
833 491
423 251
637 172
783 773
640 554
482 277
104 548
719 408
557 779
217 503
236 224
525 329
192 482
800 609
71 390
955 904
753 418
66 429
461 720
114 140
314 595
416 289
54 174
696 610
824 784
24 100
879 421
300 110
902 139
719 844
401 585
659 65
874 724
365 374
356 478
513 669
112 928
957 37
14 565
519 837
260 542
808 179
2 19
288 775
158 878
659 430
503 229
494 416
825 858
790 220
248 214
888 231
182 756
268 67
232 786
903 492
239 623
670 113
641 829
887 670
747 457
11 161
686 504
576 550
274 277
769 521
363 568
751 544
235 890
482 467
587 296
958 826
918 539
938 471
279 736
52 65
105 63
225 662
438 673
123 711
821 763
143 223
242 766
638 476
695 159
942 322
455 811
59 284
261 868
626 540
643 678
476 619
612 701
192 89
285 314
672 17
116 686
112 357
491 621
705 98
780 686
419 146
409 349
301 669
256 799
248 898
388 724
429 39
336 620
959 492
934 670
380 921
396 491
190 758
152 894
855 803
491 185
820 771
533 32
480 788
830 599
598 257
234 66
167 441
557 166
804 402
707 224
363 142
586 424
900 609
229 666
451 719
851 182
530 423
214 881
251 915
391 848
84 497
785 250
937 381
415 653
783 162
748 57
175 373
480 946
22 580
652 344
338 542
398 739
836 483
531 126
437 922
845 520
330 669
642 306
922 96
830 744
129 617
672 304
30 63
161 883
642 812
138 851
265 535
630 141
889 72
138 238
865 23
629 234
563 310
412 524
406 281
179 406
770 850
709 671
912 742
593 465
593 602
356 730
49 25
870 937
928 879
214 833
773 843
938 376
192 389
771 469
542 950
875 351
711 495
61 535
276 525
39 741
166 266
510 214
290 291
191 130
209 404
2 854
158 811
269 350
240 911
818 781
772 604
43 395
139 103
929 286
499 839
66 664
145 447
878 306
737 940
307 818
255 308
711 413
31 851
762 270
801 491
922 613
135 4
879 145
938 719
302 348
597 240
51 613
686 800
791 463
779 137
192 906
317 902
358 347
664 31
488 504
521 449
28 527
324 906
543 173
664 717
520 173
956 442
657 681
282 359
183 932
496 246
877 684
187 146
902 850
176 429
266 697
749 165
135 944
943 550
28 518
306 547
690 301
860 259
21 181
617 76
25 24
321 901
579 380
87 520
141 262
820 406
830 608
443 837
463 425
426 490
942 603
908 544
903 808
802 795
860 330
870 884
354 103
697 804
482 783
236 622
916 95
900 658
575 382
406 77
806 703
439 659
345 386
242 287
233 83
121 5
285 863
888 510
5 624
353 358
318 588
19 146
555 790
675 169
211 120
117 888
822 555
587 206
813 828
364 917
783 356
921 107
130 849
616 134
384 840
491 702
468 382
847 894
83 561
102 294
680 218
93 413
645 551
490 497
291 725
453 113
120 286
91 250
174 578
255 557
329 618
170 668
871 56
601 953
488 702
158 79
792 251
491 348
801 852
844 3
616 208
947 608
365 77
729 410
526 23
7 855
512 48
434 422
936 75
415 463
648 572
542 479
694 904
826 407
796 581
409 323
661 396
930 65
344 698
475 742
721 353
508 144
400 941
566 375
55 852
710 703
335 291
93 901
106 919
347 773
411 627
136 111
894 105
48 150
803 522
891 435
874 438
578 185
290 55
432 217
778 181
919 153
343 883
93 448
713 311
133 164
937 268
146 743
372 193
892 86
714 822
520 499
171 10
556 332
896 27
548 714
207 378
866 421
301 830
740 53
180 872
216 28
179 362
770 423
426 701
508 180
434 900
550 476