128
128
59 75
87 58
46 103
111 23
95 78
115 121
41 23
111 36
43 40
73 58
53 63
84 70
43 84
32 118
50 15
59 108
90 17
37 7
119 19
30 86
96 16
78 9
38 60
44 80
99 116
10 24
50 93
93 93
48 125
82 97
11 12
77 100
28 113
107 19
4 8
104 99
23 53
107 60
113 23
11 83
10 20
106 60
113 71
24 32
67 105
1 77
117 77
49 16
61 27
34 64
34 9
35 56
62 13
115 46
35 125
128 45
17 106
104 1
48 127
32 114
103 32
62 91
108 110
107 41
8 12
104 41
21 10
96 82
23 82
127 57
79 126
101 95
103 76
95 22
74 126
7 49
30 69
11 9
50 117
49 58
1 25
98 21
34 66
102 56
19 100
113 97
97 85
63 72
33 29
93 106
27 100
26 56
40 37
64 89
25 113
18 25
9 116
45 42
53 18
98 71
117 82
40 86
38 102
29 70
3 121
48 29
92 73
84 3
109 19
92 6
3 109
30 11
96 75
53 20
92 22
91 81
103 2
38 12
103 66
82 105
58 1
5 22
73 88
24 54
107 115
59 109
96 88
120 63
34 44
83 126
65 45
78 39
46 115
50 20
52 3
125 109
3 1
2 76
89 26
1 67
12 59
47 107
18 38
42 52
81 124
49 17
40 126
55 85
112 105
104 35
107 100
15 110
101 17
57 61
42 57
127 53
115 45
32 4
83 73
55 35
68 103
52 107
100 106
63 83
82 38
117 61
10 4
42 110
20 98
42 61
26 40
113 12
84 16
15 38
88 70
73 27
44 124
5 16
101 67
98 55
105 87
115 114
90 28
95 109
125 8
41 22
47 25
33 2
41 47
40 128
116 112
27 32
107 31
47 79
98 16
5 74
102 119
59 63
18 25
43 14
32 83
35 78
108 67
79 20
114 118
19 101
101 45
4 79
76 50
30 45
66 34
118 39
25 48
102 42
72 16
56 103
99 90
52 78
29 2
97 14
120 115
114 92
32 118
43 107
39 72
23 104
105 12
15 1
59 116
43 2
3 98
104 101
59 27
50 87
28 18
100 19
5 86
111 36
75 25
14 113
96 36
89 72
47 103
73 105
90 115
106 92
84 81
65 14
107 114
101 6
4 72
25 8
29 7
43 103
31 56
88 126
91 48
69 9
22 13
113 111
127 90
74 82
42 10
96 20
124 68
25 127
11 49
6 40
55 48
14 85
103 101
82 65
20 23
73 41
35 57
23 34
18 97
115 59
106 82
78 101
21 102
99 32
23 104
71 77
23 84
34 125
57 115
61 76
9 5
117 44
61 11
77 78
107 63
8 85
17 85
57 37
59 28
68 81
3 10
29 26
94 62
22 22
49 83
97 57
87 85
100 20
96 48
97 74
111 105
30 127
61 87
35 119
114 103
71 116
112 100
13 77
33 35
98 81
117 67
10 75
23 109
94 118
29 63
64 11
39 93
9 99
51 43
90 36
17 32
24 1
3 36
77 36
70 47
116 58
113 125
5 7
106 98
125 6
32 60
16 70
24 24
41 75
66 2
110 83
33 5
83 36
41 31
71 110
77 58
40 61
55 44
68 32
13 64
37 45
123 52
114 18
75 26
92 12
27 74
94 60
78 48
95 118
79 37
100 27
94 11
88 20
54 27
51 66
90 87
110 84
10 96
101 84
121 65
96 20
10 61
79 87
109 45
77 59
81 48
85 46
58 44
66 111
70 116
48 31
75 30
114 84
125 87
40 117
23 7
8 32
67 86
118 47
2 66
105 82
113 62
128 42
105 65
24 47
52 72
77 126
101 63
82 97
21 121
85 43
127 93
74 65
50 63
112 52
1 88
5 113
21 4
27 126
68 50
44 120
121 120
117 93
54 70
61 74
62 18
116 60
110 61
125 31
124 108
82 124
67 87
108 88
90 6
85 30
56 128
21 48
119 9
13 45
79 73
118 12
90 106
72 71
38 68
102 33
47 55
28 113
13 8
72 103
13 28
4 68
27 24
116 18
32 128
62 110
72 51
122 34
28 65
104 66
4 77
98 50
4 126
34 16
5 106
118 17
5 121
85 32
16 72
49 48
71 110
29 14
32 22
47 60
86 23
125 89
99 94
10 102
91 44
118 95
21 107
112 25
100 68
56 115
11 104
34 81
85 63
94 117
84 13
48 42
35 44
2 5
9 12
107 100
55 96
66 75
74 49
99 45
116 27
32 126
2 65
78 87
127 44
75 83
56 122
124 90
37 125
94 45
8 72
16 62
39 82
8 113
2 107
29 118
5 60
115 6
125 65
92 123
108 38
77 35
31 72
124 67
69 89
112 76
33 127
10 71
80 17
55 82
123 84
71 127
15 57
5 11
121 96
6 100
6 82
6 36
26 1
103 94
90 86
41 122
84 50
64 36
67 119
117 61
74 59
60 88
115 64
99 108
31 104
79 36
57 85
72 82
85 46
47 46
3 88
39 86
9 103
121 75
93 109
8 38
39 67
125 26
2 95
5 32
70 83
68 127
39 11
80 124
56 127
41 58
86 80
15 94
54 8
41 18
116 48
55 27
114 51
52 115
18 56
18 87
10 85
85 49
95 37
44 22
35 84
79 120
35 94
85 88
101 125
105 88
44 31
114 29
82 37
15 99
92 33
57 102
117 14
22 84
50 65
105 84
20 56
75 55
21 31
14 121
28 119
80 71
21 66
100 102
102 114
72 66
18 1
39 7
14 60
90 63
124 66
18 15
121 92
69 13
122 83
5 21
73 85
92 93
22 63
67 123
48 10
60 66
10 98
72 23
29 33
85 24
98 102
39 91
65 107
103 59
61 108
79 5
64 42
98 85
104 36
79 24
45 11
89 55
108 32
77 9
64 34
32 33
7 70
123 72
49 98
2 109
77 80
114 12
122 83
96 97
118 46
120 34
56 80
88 36
111 37
44 46
70 75
79 76
17 73
19 65
42 20
45 118
100 30
1 93
112 96
61 101
14 53
7 69
4 94
104 115
2 19
32 71
94 110
19 110
55 37
46 96
57 90
86 28
120 86
120 103
54 52
76 67
104 82
7 108
47 111
94 49
1 125
119 94
107 9
75 33
46 120
128 102
82 85
1 73
43 120
47 96
43 122
34 19
75 40
126 122
22 91
42 23
87 32
116 65
41 63
97 86
54 97
59 7
53 59
79 95
50 126
62 92
119 95
110 66
7 107
59 28
69 100
50 28
3 38
92 43
100 61
128 25
29 58
32 81
116 110
48 37
107 109
1 98
76 110
35 82
89 93
109 29
64 31
56 66
68 20
109 39
80 108
63 108
38 94
60 25
76 107
62 54
88 62
23 35
43 57
116 3
21 96
32 84
126 87
22 65
106 2
103 57
109 38
36 18
3 96
43 78
74 104
4 33
37 26
67 79
83 54
82 103
22 113
59 19
71 80
84 49
81 58
105 61
95 13
79 98
108 121
47 53
96 50
86 4
76 24
82 30
78 35
4 99
19 62
117 90
13 72
10 93
2 114
26 96
126 104
65 105
96 112
30 63
33 115
66 108
10 19
9 87
54 13
57 72
74 46
33 87
117 42
51 118
28 76
86 25
51 22
2 18
5 31
80 38
17 17
17 26
36 26
113 89
38 41
32 111
86 65
69 75
106 120
64 5
67 21
30 118
43 31
7 47
61 87
84 77
103 101
102 10
126 86
98 35
127 2
17 84
66 86
30 43
77 94
48 15
114 77
4 28
107 11
75 39
97 30
115 71
2 88
81 127
46 50
33 44
51 50
127 116
7 29
31 83
122 78
97 107
26 101
7 4
111 81
42 79
110 28
21 112
115 101
110 32
23 15
75 73
64 74
61 70
102 91
24 95
40 120
73 65
92 79
68 74
31 109
24 13
8 45
124 122
17 105
26 39
119 100
112 54
45 44
123 18
6 18
112 45
10 57
109 101
7 48
47 38
28 70
50 35
114 45
28 3
21 53
41 12
25 24
65 69
67 60
87 72
77 70
116 86
126 96
59 5
15 105
42 42
46 91
76 32
7 104
34 27
28 74
38 52
98 103
121 36
34 79
108 110
20 95
68 18
63 126
22 77
102 63
119 19
25 66
50 31
41 83
57 69
29 95
120 126
69 112
33 102
62 12
83 82
107 22
99 41
19 120
117 120
54 107
11 78
45 60
108 85
15 36
25 43
2 17
40 70
128 72
43 62
84 126
15 62
19 113
102 38
104 90
29 29
69 39
106 113
99 85
69 113
120 94
27 122
110 66
63 109
9 106
42 92
103 56
25 121
40 126
30 15
88 59
43 28
97 20
12 67
104 80
51 96
45 77
89 26
14 23
7 23
128 48
114 102
104 11
95 15
8 124
30 95
54 72
122 23
92 5
89 67
85 12
34 1
88 122
27 102
17 33
124 16
80 109
118 55
119 84
70 127
79 99
93 5
42 87
27 5
91 115
72 47
126 105
48 86
99 74
59 115
106 54
2 57
34 119
112 25
74 53
23 25
23 115
29 64
73 55
69 36
41 12
82 39
116 1
124 86
74 54
72 51
107 74
108 12
64 91
36 10
15 58
34 37
45 62
100 117
116 40
24 28
51 106
66 39
106 61
124 52
114 68
102 92