128
992
635 971
439 730
878 199
559 951
959 878
435 473
329 919
911 388
875 616
201 570
277 319
212 230
715 948
864 822
530 879
59 172
794 497
837 679
631 403
638 598
224 16
78 489
934 924
812 752
547 20
330 760
274 477
989 989
432 797
754 897
619 748
13 356
188 849
43 819
196 616
424 355
567 501
843 444
369 663
203 915
682 532
682 892
945 615
824 320
355 585
225 973
341 237
273 528
29 251
354 224
866 713
579 440
158 429
883 526
35 29
448 653
497 74
552 449
688 383
704 978
903 928
894 251
108 174
715 137
424 76
296 297
725 874
672 882
247 498
415 281
527 798
933 959
871 428
415 502
810 62
487 657
926 389
907 41
562 629
113 922
641 409
226 309
226 834
198 472
275 548
753 737
353 629
703 168
65 61
669 810
123 100
474 56
488 325
32 985
889 81
914 473
425 84
781 650
853 978
130 135
533 818
872 822
454 518
989 454
579 665
208 637
764 681
692 195
941 659
124 838
739 973
318 171
992 107
757 852
28 886
987 497
647 802
326 108
327 322
498 841
922 705
485 630
393 120
760 278
779 883
123 461
800 376
568 799
418 332
659 446
161 589
942 807
334 275
850 660
532 355
445 461
67 929
98 396
57 858
609 771
684 731
239 491
50 806
298 468
81 956
849 241
488 798
983 821
16 777
424 547
139 868
943 142
741 49
473 797
842 89
511 533
755 749
32 804
499 329
215 579
228 71
756 651
804 746
479 755
466 838
309 605
650 196
682 398
244 162
138 93
186 648
561 940
340 592
751 838
856 966
425 91
972 124
741 784
805 163
546 279
937 791
819 594
986 508
991 173
605 136
201 790
719 761
737 66
361 431
904 224
340 272
251 320
331 927
111 143
34 592
421 970
390 183
571 319
690 569
491 302
640 691
99 366
396 771
367 756
210 214
915 549
421 173
868 751
108 914
830 141
514 258
118 839
441 624
102 74
200 592
312 775
227 346
84 622
125 450
321 270
600 243
818 28
352 630
779 459
551 616
535 8
809 588
783 193
219 884
203 354
419 514
136 581
859 155
210 983
604 466
260 211
709 22
175 68
651 953
462 145
512 932
89 264
463 807
457 681
634 595
970 60
116 49
641 974
203 786
901 742
260 104
889 968
61 71
971 647
959 440
728 414
315 816
677 777
566 77
401 207
671 378
266 786
362 842
704 500
636 548
249 831
651 81
806 712
151 720
366 117
103 101
530 417
852 151
201 361
227 601
567 834
914 769
627 219
554 274
718 197
821 902
35 480
983 776
135 141
439 436
194 541
473 659
957 268
809 101
629 972
637 139
813 494
907 383
712 469
657 437
601 485
347 572
900 337
291 970
413 730
414 542
278 822
209 179
97 953
215 725
932 852
864 752
353 714
143 9
126 799
445 727
227 727
306 135
7 596
48 420
269 461
961 547
290 113
661 323
74 875
55 13
670 854
701 31
512 843
39 637
585 419
371 747
154 612
817 96
152 865
515 356
333 420
902 559
468 506
881 541
389 871
490 66
669 198
32 188
976 6
824 568
425 139
258 514
686 83
609 773
947 68
137 223
423 974
717 890
488 605
375 812
420 864
813 96
69 845
219 980
786 50
555 218
124 748
667 810
830 220
526 784
223 662
943 581
644 667
414 139
280 788
886 635
595 706
730 599
494 948
586 288
933 84
441 1
832 116
810 669
271 343
397 429
941 347
17 592
21 430
666 236
162 559
870 692
272 543
299 766
434 820
61 375
904 501
311 679
552 128
291 758
406 687
194 290
969 210
881 990
576 554
169 737
56 47
436 328
525 670
37 959
498 33
277 345
469 587
31 957
650 257
722 991
944 916
289 856
133 113
853 644
603 958
324 658
12 696
921 472
373 957
438 806
925 714
158 402
308 124
366 893
381 95
892 268
946 188
131 23
236 920
666 838
885 990
504 832
693 432
311 9
333 685
815 265
406 908
602 650
40 903
486 356
6 385
559 887
508 625
909 744
488 583
589 316
516 36
155 216
468 402
224 736
30 974
936 435
890 546
28 929
456 450
228 397
834 722
292 286
354 144
965 842
662 497
165 185
533 256
336 936
593 560
615 622
477 558
992 374
47 956
246 503
413 473
835 190
202 70
475 492
214 383
341 875
880 441
4 356
632 339
235 232
834 849
853 319
414 789
692 397
752 874
899 108
290 677
297 492
683 708
919 896
98 203
714 913
643 653
212 283
992 446
450 833
302 247
95 652
43 723
56 730
604 890
837 893
510 141
328 200
784 254
39 818
456 689
738 43
349 886
325 348
339 774
125 577
28 155
172 6
877 163
735 424
988 515
325 505
592 588
705 383
842 743
208 241
439 882
283 724
775 543
15 57
261 139
633 224
230 804
230 114
902 900
538 897
423 798
410 22
393 58
340 178
736 484
419 119
373 637
842 91
188 856
147 448
931 716
671 168
463 836
217 373
744 690
277 110
495 622
67 824
679 406
9 423
825 363
541 205
8 326
231 131
189 314
514 127
37 128
230 499
964 447
807 651
144 92
696 575
649 762
406 336
111 350
694 936
649 178
84 592
503 251
722 627
564 243
690 600
370 919
106 277
373 913
863 453
940 566
963 596
271 312
867 318
661 504
261 317
681 280
844 127
530 573
754 101
751 451
700 65
377 742
341 686
598 148
146 481
713 116
20 920
427 887
245 31
398 441
284 23
720 135
149 194
644 902
294 402
296 930
466 673
615 807
302 156
890 383
572 610
434 591
473 796
421 717
826 755
165 53
777 821
124 861
22 767
707 251
176 10
124 642
618 674
392 919
829 289
309 408
834 678
935 315
481 363
967 315
61 76
303 773
832 426
642 789
200 356
47 376
301 107
953 919
780 288
781 553
512 34
896 353
711 838
603 200
145 578
450 205
589 688
914 428
122 563
224 257
854 270
632 162
312 528
24 100
751 741
588 270
774 491
623 428
273 169
563 353
682 20
493 278
644 414
705 765
976 928
29 773
142 597
871 453
68 894
488 819
642 19
96 359
510 654
787 718
823 293
78 512
249 570
790 892
920 438
664 839
374 628
620 451
168 498
903 236
335 335
62 913
353 93
279 798
747 9
459 513
302 536
32 550
50 757
449 969
139 56
815 512
619 378
898 787
811 744
30 154
86 27
74 375
55 288
116 801
233 575
321 470
54 289
955 103
981 347
15 127
338 766
574 956
151 479
750 962
231 715
59 252
677 68
562 732
355 678
476 523
196 797
928 249
29 890
288 945
244 238
16 581
11 525
481 98
12 238
67 178
889 61
365 573
128 863
312 482
484 788
941 679
528 876
863 492
774 158
380 953
396 395
478 342
920 958
439 867
139 441
980 963
501 288
544 628
158 791
54 641
522 2
263 985
813 134
420 530
227 800
491 622
138 904
964 1
805 346
867 943
787 790
914 295
86 401
923 179
135 976
756 593
913 26
585 733
159 941
271 386
684 697
943 821
608 850
822 356
204 632
306 990
366 163
228 387
499 158
565 634
77 328
170 989
290 754
666 448
638 936
769 329
576 720
158 127
513 915
482 716
490 723
649 855
886 877
185 328
970 686
897 55
949 74
979 246
764 652
694 409
531 406
674 114
133 767
240 582
689 657
305 122
388 890
913 281
774 105
544 687
790 449
677 747
458 664
992 229
259 629
574 790
43 255
839 111
29 23
692 653
679 933
774 10
830 694
290 547
799 770
241 596
226 854
286 619
525 286
848 719
914 429
452 892
619 235
11 647
257 638
243 871
578 24
881 351
718 114
897 460
819 82
991 52
935 285
607 403
570 462
129 427
826 581
327 452
751 273
42 943
846 220
821 368
243 645
718 896
695 623
363 521
640 298
509 582
582 123
920 95
520 56
521 353
572 783
740 330
991 717
280 781
936 45
156 122
625 873
26 263
503 324
784 86
621 236
667 146
294 594
240 813
586 761
109 101
487 784
367 422
444 582
210 387
626 365
444 195
245 469
457 684
729 184
769 357
355 380
503 648
909 742
404 502
446 512
539 869
239 905
298 682
494 443
12 64
807 456
258 987
860 650
678 596
834 391
889 132
770 399
716 686
84 127
132 466
575 670
278 813
582 511
439 19
953 450
82 767
905 339
761 709
925 383
312 702
773 208
833 486
542 556
179 562
619 246
963 201
915 248
949 440
758 395
459 718
781 540
428 629
815 132
345 747
450 657
456 230
800 232
715 350
788 830
911 350
19 881
550 934
136 506
317 829
837 711
490 625
195 853
261 17
984 542
699 442
206 98
607 13
265 266
298 988
39 216
345 57
40 894
926 111
344 251
939 124
961 372
748 99
232 944
51 160
429 749
537 570
782 151
583 55
352 816
978 390
968 331
447 15
168 380
126 511
566 8
634 471
380 325
569 547
213 620
706 641
312 250
219 38
401 737
28 688
560 13
86 535
343 468
486 511
783 611
957 293
554 599
763 869
859 275
424 79
830 137
656 86
387 874
123 723
618 150
418 121
98 439
592 377
842 85
887 633
631 787
925 192
329 631
5 196
905 428
210 679
564 865
764 886
746 886
616 307
971 970
364 12
352 955
388 202
47 218
834 613
13 702
740 341
340 744
536 188
179 746
866 679
554 637
572 308
466 132
550 380