128
224
59 43
151 218
110 7
111 151
127 14
19 185
169 183
47 196
75 104
41 218
53 63
180 134
171 212
192 22
18 143
219 76
58 145
165 167
23 51
94 150
160 208
110 201
166 28
44 112
131 84
106 56
18 157
189 189
144 29
82 33
43 172
205 196
188 145
139 211
68 104
136 99
183 21
75 220
145 119
107 51
202 212
106 92
17 167
152 32
67 9
65 109
181 45
177 144
61 187
130 128
66 137
3 24
30 77
19 174
67 221
224 141
81 202
8 97
144 159
224 82
39 64
62 219
204 14
11 41
200 140
40 41
149 42
160 178
215 50
127 57
47 222
197 223
199 76
95 214
10 190
71 145
126 133
139 105
146 149
17 218
161 57
34 181
194 66
134 184
211 132
17 129
129 85
127 200
161 93
189 42
59 132
186 184
40 197
160 57
217 49
50 25
201 180
205 170
117 114
130 103
21 18
8 22
102 6
221 134
99 185
48 29
92 9
212 3
77 19
156 70
67 77
94 43
128 75
85 20
60 214
123 177
103 2
198 204
7 194
210 201
26 33
5 214
41 88
88 214
107 19
59 45
192 24
184 95
194 44
115 30
129 109
206 7
206 179
82 212
20 67
61 45
99 65
34 12
153 122
97 131
12 155
175 203
50 134
74 20
49 188
145 177
168 126
55 149
176 9
8 195
75 68
111 46
5 145
153 157
138 25
159 149
51 109
128 100
115 201
215 163
36 135
212 75
132 42
223 179
146 102
149 221
42 132
138 46
52 66
74 189
186 8
209 12
212 112
111 102
184 102
41 219
108 124
69 16
37 163
194 183
137 215
51 178
122 188
223 45
125 72
105 86
175 89
97 162
201 79
40 160
52 176
27 160
171 191
175 207
2 16
165 138
6 87
91 223
50 89
43 174
32 147
35 206
108 3
15 84
82 150
115 133
197 141
68 143
108 114
222 109
130 162
22 7
25 208
102 170
72 144
216 199
163 122
52 46
125 66
1 78
88 115
210 60
128 150
203 11
39 200
215 40
9 108
143 129
91 20
171 34
35 162
8 69
59 155
114 183
220 210
36 83
101 118
15 4
43 217
110 177
64 196
89 168
175 103
73 41
218 115
170 28
52 49
97 110
203 82
165 70
68 72
25 168
61 39
43 199
127 152
24 62
219 112
5 169
86 173
81 79
63 26
106 114
170 74
96 20
156 132
89 95
203 209
38 40
23 176
14 149
199 37
210 193
20 87
137 201
35 217
55 194
114 33
83 155
202 50
174 133
181 134
3 160
119 136
71 141
183 180
162 157
89 19
125 204
105 133
181 12
221 107
205 206
139 159
136 117
209 85
121 165
219 220
196 113
3 138
125 186
94 158
118 54
177 115
33 153
119 213
164 116
96 144
97 106
79 105
94 63
189 215
99 55
210 71
39 212
80 164
45 173
97 163
2 145
149 131
74 43
119 13
30 86
29 127
64 107
7 157
41 67
147 11
122 4
177 32
88 33
195 4
205 164
166 79
180 186
209 29
5 199
138 34
157 166
32 220
144 134
152 184
201 171
66 194
46 19
1 5
51 68
9 127
103 46
77 58
8 61
183 108
132 96
13 64
37 45
155 52
50 82
11 26
124 172
91 170
190 188
46 16
127 54
15 101
100 91
30 107
152 212
86 155
179 98
218 87
14 148
138 64
101 20
185 97
192 52
42 157
111 87
45 109
13 59
209 112
149 14
90 172
98 175
102 148
48 191
11 62
210 20
125 87
40 85
55 103
8 96
131 214
54 175
98 162
105 82
49 30
192 138
73 65
184 175
212 8
13 94
165 223
114 161
181 25
117 11
127 221
202 129
210 127
80 84
65 56
165 209
85 4
219 30
164 178
204 24
57 88
117 221
86 102
29 42
126 146
52 124
142 125
29 127
28 204
82 92
35 119
172 216
122 166
21 62
120 96
85 176
183 73
45 141
175 73
182 172
90 106
72 103
102 196
6 129
47 183
92 177
77 40
40 199
205 156
132 196
27 216
148 82
64 64
94 110
8 51
58 98
28 129
200 2
196 77
130 114
36 94
66 208
5 106
54 81
37 185
53 160
48 72
113 112
7 206
93 14
128 150
207 28
150 183
29 121
131 30
10 38
123 172
22 223
53 75
80 185
132 4
216 179
171 104
162 177
85 31
190 85
180 45
112 202
3 12
194 5
41 204
139 36
23 160
34 171
106 209
131 109
84 123
64 30
98 1
206 55
127 44
139 179
88 122
156 186
133 125
62 173
200 200
80 222
7 210
168 209
194 171
93 150
69 156
179 166
29 33
220 27
172 6
205 131
127 8
188 131
133 25
176 204
1 31
202 7
16 17
215 82
187 180
7 127
207 57
165 11
89 32
134 36
38 114
38 36
122 1
167 126
26 118
105 122
20 178
224 132
195 87
213 29
42 91
156 24
147 96
131 108
127 40
15 36
25 53
72 18
53 110
143 174
99 120
71 118
73 71
121 139
157 109
168 70
71 195
93 90
162 223
197 160
134 211
196 159
135 139
176 188
120 191
9 218
86 80
207 30
22 104
41 50
84 80
119 27
50 83
116 211
178 88
146 87
74 213
21 209
223 69
44 118
131 52
207 88
3 62
117 120
165 157
169 120
108 159
146 157
18 37
15 195
124 33
57 70
21 174
150 116
18 65
9 148
212 88
11 215
149 223
110 185
28 151
80 135
85 98
164 102
134 178
168 130
210 1
71 7
46 92
218 159
28 2
178 15
185 60
101 109
58 83
69 181
9 21
188 189
118 127
163 123
80 106
124 66
202 66
168 23
157 161
181 184
34 6
71 219
65 171
199 123
125 140
175 5
32 138
194 21
40 132
143 120
109 139
57 87
204 96
205 9
128 34
64 161
39 134
27 104
177 2
98 77
13 144
178 44
58 147
64 193
150 206
88 34
216 16
216 196
207 69
76 110
102 139
47 12
145 169
211 193
42 84
141 54
100 94
97 157
16 160
125 37
14 85
167 5
196 158
72 179
2 19
64 199
158 206
211 174
151 69
142 192
25 58
22 124
24 214
56 135
150 52
172 35
8 114
39 204
143 207
158 17
1 93
215 30
75 73
75 97
142 216
64 166
146 181
65 169
43 216
79 192
139 122
98 147
107 8
126 26
214 155
42 87
119 128
212 193
73 63
65 86
150 1
123 71
53 59
111 95
146 62
158 60
183 31
206 66
39 203
187 124
5 100
82 124
3 70
188 171
4 29
128 153
125 26
96 49
84 78
16 5
139 45
161 194
76 142
35 210
217 93
205 221
192 159
120 194
100 84
13 103
208 140
127 204
166 222
124 121
76 139
222 86
184 158
55 131
171 185
212 35
53 64
32 20
222 23
86 97
202 98
71 57
109 198
132 146
67 32
43 142
42 136
4 97
165 154
3 111
115 86
146 167
150 49
187 19
167 48
212 17
17 58
73 125
31 77
47 98
204 185
111 21
96 210
118 132
140 216
18 30
174 35
68 195
179 30
213 122
173 200
10 189
130 82
186 160
30 8
129 9
64 16
30 31
97 19
162 12
106 51
137 55
86 205
121 136
106 206
129 55
53 138
115 182
92 76
118 121
179 118
2 18
133 127
48 102
145 81
113 122
132 122
49 217
102 169
224 79
150 129
5 203
138 120
160 5
67 149
222 22
43 223
135 47
125 55
148 141
135 133
38 138
30 86
130 3
31 2
81 180
130 182
30 139
77 190
144 15
114 141
132 28
11 139
75 135
193 94
147 199
2 184
113 127
46 114
129 172
211 82
223 116
39 29
127 211
218 46
1 203
58 133
7 68
143 177
74 207
142 92
181 16
51 165
142 192
151 47
139 137
224 10
125 38
38 27
120 127
168 120
105 1
124 207
164 42
31 109
24 45
200 77
60 122
113 201
90 135
23 100
48 118
109 44
155 18
166 50
144 109
42 25
205 37
103 16
175 6
220 70
50 195
146 109
188 131
85 53
41 204
25 184
97 133
99 124
151 40
45 70
20 86
190 224
219 165
111 169
170 106
14 91
172 32
199 136
162 155
60 74
134 84
34 103
89 4
2 15
140 46
180 159
4 18
31 222
54 141
166 95
119 51
185 66
82 159
201 19
89 133
189 95
216 94
197 80
97 70
190 12
115 18
43 214
131 73
211 184
85 24
54 203
75 14
141 156
44 213
47 4
121 11
194 113
104 166
64 72
11 30
84 222
47 222
83 177
70 70
136 154
189 61
5 135
170 145
163 85
133 209
88 126
91 58
14 66
95 77
9 202
202 188
71 24
185 153
72 30
94 79
56 59
139 156
193 180
76 3
40 80
83 224
77 173
153 186
110 23
39 119
96 112
178 166
8 139
95 79
40 188
158 95
118 168
26 183
124 197
185 35
149 44
34 1
88 186
187 70
209 97
60 176
208 13
118 215
151 84
166 191
143 99
157 133
138 183
91 133
27 147
168 175
62 201
48 22
163 10
91 19
106 150
194 185
34 183
48 57
138 213
23 57
183 51
189 96
105 151
101 132
73 44
178 7
20 1
28 54
10 118
72 211
139 138
44 44
192 91
100 106
79 218
162 133
45 222
100 149
148 200
56 92
19 10
98 135
106 125
188 116
114 132
198 124