128
384
315 75
87 186
174 231
111 23
95 206
115 121
169 23
239 292
43 168
201 314
53 63
340 198
299 340
288 246
50 15
187 364
346 273
37 135
375 147
158 86
224 144
206 265
166 316
44 80
99 244
10 24
178 221
221 93
176 381
210 97
267 268
333 100
28 369
235 19
4 264
104 99
279 309
363 316
113 23
11 211
266 20
234 316
113 327
280 160
195 105
257 77
373 205
49 16
61 155
34 64
34 9
163 312
190 141
243 302
35 125
128 173
17 234
104 129
176 383
160 242
359 32
190 347
108 238
235 169
8 268
104 41
149 266
224 338
279 338
255 313
79 254
101 351
103 76
95 150
74 126
7 305
30 197
267 137
50 117
177 314
257 281
354 277
34 66
230 312
275 356
241 225
225 213
191 200
289 157
349 234
283 228
154 312
40 293
320 345
281 369
274 25
137 116
301 170
53 146
98 327
117 210
168 214
38 230
29 198
3 377
304 157
220 73
84 131
237 275
348 134
259 109
158 11
96 75
53 148
92 150
91 81
231 130
294 268
359 322
338 233
186 257
5 278
329 344
280 54
235 243
187 365
224 216
248 319
162 300
83 254
321 45
334 167
46 243
306 20
52 259
125 237
131 129
130 332
89 26
257 195
140 59
175 363
146 38
298 308
209 380
49 145
296 382
183 341
112 361
232 163
235 356
271 238
357 17
57 61
298 313
127 53
243 301
32 4
211 329
183 35
196 231
52 363
100 234
319 83
82 38
245 317
266 4
42 238
20 98
170 317
282 296
241 140
84 272
143 294
88 326
329 283
44 252
261 144
357 67
226 55
361 343
243 242
346 284
95 237
253 264
41 150
47 281
289 130
169 303
40 256
116 240
27 160
363 159
303 335
98 16
5 74
358 119
315 191
18 25
43 270
160 83
35 206
236 195
207 20
114 118
147 229
229 173
4 207
332 178
30 45
194 34
118 39
153 304
102 42
328 144
184 359
99 90
52 334
285 258
225 270
248 371
114 92
32 374
299 363
167 328
279 232
233 268
143 257
187 244
171 2
259 354
360 229
59 283
178 343
156 274
228 19
261 214
367 292
203 281
142 241
96 292
345 200
47 359
73 233
90 115
106 348
84 337
193 142
235 242
357 262
132 72
153 8
157 135
171 231
287 312
344 254
91 304
69 137
150 13
241 239
127 346
202 210
170 266
224 276
124 68
153 127
139 177
134 296
311 176
142 213
359 101
82 65
276 23
201 297
35 57
151 34
274 225
243 315
362 338
206 101
21 230
227 160
23 232
327 333
279 340
34 253
313 371
317 76
9 5
373 300
317 11
333 78
235 63
8 213
17 213
185 37
59 284
68 81
3 266
285 282
222 190
150 22
177 339
97 57
215 85
356 148
96 304
225 202
367 105
286 383
317 87
291 247
370 359
199 372
112 100
141 333
289 291
354 337
117 323
10 331
23 365
350 374
157 191
64 139
295 349
9 99
51 171
346 292
17 32
152 129
131 164
77 292
70 303
116 58
241 125
5 135
362 354
381 134
32 60
144 198
24 152
297 331
194 130
110 211
161 133
339 164
297 287
327 238
77 58
296 317
55 172
324 32
13 320
165 45
251 180
114 274
331 26
92 12
27 202
222 60
206 176
95 118
335 293
356 27
222 267
344 276
310 155
179 322
90 215
238 340
10 352
101 212
249 65
224 276
266 61
207 87
109 173
77 59
81 48
85 302
186 300
66 111
70 116
48 31
331 286
242 212
253 343
40 117
279 135
264 160
67 342
118 175
130 66
105 210
113 190
384 298
361 65
280 47
180 328
333 382
101 191
210 225
21 121
213 299
255 349
330 193
306 319
368 52
1 344
261 369
149 132
155 382
68 50
44 120
249 248
117 349
54 198
61 74
318 274
372 60
238 189
253 159
124 108
82 124
67 215
364 88
346 134
85 30
184 384
149 48
247 137
269 173
335 329
246 140
90 106
200 199
166 324
358 289
303 311
284 241
141 264
200 103
13 156
4 68
155 152
116 274
288 256
318 110
72 179
250 162
156 65
360 194
260 205
98 50
132 254
290 144
5 106
118 273
261 121
341 288
144 328
49 48
71 366
29 142
32 278
175 60
214 151
253 89
227 222
138 230
91 300
374 351
21 107
240 153
100 68
312 243
267 360
162 337
341 191
94 245
84 141
304 170
291 44
130 5
265 268
107 228
55 96
194 331
74 305
99 45
244 27
288 126
258 65
78 87
127 44
331 83
184 122
252 346
165 381
222 45
136 328
144 190
295 210
136 241
130 107
285 246
133 188
371 6
125 321
92 123
236 294
205 291
31 328
124 67
325 345
368 332
289 127
138 199
336 145
55 338
251 212
199 255
271 57
133 11
377 96
6 228
6 210
6 292
154 129
359 350
90 342
297 250
340 306
320 164
67 247
117 189
74 187
60 344
243 192
227 108
287 232
207 164
313 213
72 338
341 302
303 302
131 88
167 86
9 103
121 331
349 237
136 294
295 67
253 26
130 95
133 288
198 339
68 127
39 11
80 380
184 255
169 314
342 336
271 222
310 8
41 146
116 48
55 283
114 179
308 243
146 56
146 343
10 85
85 49
351 37
300 150
163 84
335 376
291 94
213 88
101 253
233 88
172 159
370 285
338 293
15 99
348 33
57 230
117 14
150 340
50 321
105 212
276 312
203 183
21 287
270 377
28 375
80 199
149 322
356 102
230 370
72 66
18 129
167 135
14 188
346 319
380 66
18 271
249 92
325 269
378 83
261 277
73 213
348 93
150 319
67 251
304 138
188 322
138 226
328 151
29 289
85 24
226 358
167 91
65 107
231 59
61 364
207 5
64 170
98 85
104 164
335 24
173 11
217 311
236 32
333 137
192 290
32 33
263 198
379 328
177 226
258 237
77 336
114 140
122 211
224 97
246 174
120 34
56 208
216 292
111 37
300 302
326 331
335 76
17 201
275 65
298 148
173 374
356 286
129 93
112 352
189 229
14 181
135 69
260 350
232 371
2 19
288 199
350 110
275 238
311 37
302 224
57 90
214 28
248 214
120 231
182 180
76 67
232 210
135 108
47 239
94 305
257 253
119 94
363 265
203 161
302 120
384 358
82 85
1 329
171 376
175 352
43 122
290 275
203 296
382 250
150 347
170 279
87 160
244 65
297 63
225 86
54 97
315 135
53 187
335 223
50 382
62 92
119 351
366 322
263 235
59 284
69 100
50 156
259 294
92 43
228 317
384 281
285 314
288 209
116 110
304 165
107 237
129 98
204 110
35 338
217 349
109 285
64 31
56 322
196 148
237 39
336 236
191 108
166 94
188 153
204 107
190 182
344 318
279 35
299 185
244 3
149 224
288 212
254 215
22 65
234 258
359 57
365 166
36 18
131 224
171 334
202 232
132 33
37 282
67 335
83 182
338 231
22 113
59 147
199 80
84 305
209 58
361 189
223 269
207 354
364 249
175 181
96 178
214 4
76 152
338 158
206 163
260 99
147 318
245 346
269 328
138 93
258 114
154 96
254 360
321 233
96 112
30 63
161 115
66 236
138 275
265 343
54 141
313 72
330 46
289 215
245 42
179 118
28 332
214 281
179 22
2 274
133 287
336 166
17 273
17 26
164 154
241 217
294 169
160 111
214 65
197 75
362 376
192 5
195 277
158 374
299 159
135 303
61 343
84 333
231 357
358 266
126 214
98 291
383 130
17 212
194 86
158 43
77 350
48 143
242 205
4 28
235 11
331 295
353 286
115 71
258 88
337 255
302 306
161 172
307 50
255 116
135 29
31 83
378 78
225 107
154 229
135 4
111 337
170 335
110 156
21 240
243 229
110 32
23 271
203 329
192 330
317 326
358 347
280 223
296 120
329 65
220 335
324 330
159 365
280 141
136 173
380 250
273 105
282 167
375 356
112 54
301 300
379 146
134 274
368 45
266 313
365 357
135 176
175 166
28 326
306 163
114 301
284 259
21 181
41 268
25 24
321 325
195 188
87 328
333 70
244 214
254 224
59 261
271 233
42 298
174 219
332 160
135 232
34 27
284 330
294 308
354 103
121 36
290 207
236 238
148 95
324 274
191 382
22 77
230 319
247 275
153 194
50 287
41 83
313 197
285 95
120 126
197 240
161 358
318 12
211 338
363 22
99 169
19 120
117 120
54 363
11 206
45 60
364 341
15 164
153 299
130 273
40 326
384 72
299 318
84 382
271 318
275 369
102 294
104 218
285 29
69 167
106 113
99 341
69 113
120 94
283 250
366 194
63 365
137 234
170 92
103 56
25 377
296 126
158 271
216 59
299 156
225 276
268 195
232 208
179 224
173 77
345 26
142 23
7 279
128 48
242 230
360 267
223 271
264 380
158 95
310 328
250 23
220 5
217 323
85 12
162 257
344 122
283 358
145 161
124 144
208 365
374 183
247 84
326 127
335 99
93 133
298 343
155 5
219 243
328 303
126 105
48 342
227 330
315 243
106 54
2 185
290 247
240 25
202 181
151 153
151 115
285 64
329 311
325 164
169 268
338 167
372 1
124 86
330 54
328 307
363 202
364 140
320 219
164 138
15 186
290 37
301 62
356 245
372 296
24 28
179 362
194 39
234 317
124 180
242 324
358 92