128
448
59 267
151 442
110 231
111 151
351 14
243 185
169 407
47 420
299 104
265 442
53 63
404 134
171 212
416 246
242 143
443 300
282 145
165 391
247 275
94 150
160 208
334 201
166 252
44 336
355 308
330 280
242 157
413 413
368 253
82 33
267 396
205 420
412 369
363 211
68 328
360 99
407 245
299 444
369 343
331 275
202 212
106 316
241 391
152 32
67 233
65 333
181 269
177 144
61 411
354 128
290 137
227 248
254 77
243 174
291 445
448 365
81 426
232 321
368 383
224 306
39 288
62 219
428 238
235 41
200 140
40 41
149 266
160 402
215 274
127 57
271 446
421 223
423 76
95 214
10 190
71 369
350 133
139 329
370 373
241 442
385 281
34 405
418 66
358 184
211 356
241 353
353 85
127 200
161 93
413 42
283 356
410 184
40 421
384 281
217 49
274 25
201 180
429 170
117 338
354 327
245 18
232 22
102 230
221 134
323 185
48 29
92 9
212 3
301 19
156 70
67 301
94 267
352 75
309 20
284 214
347 401
103 2
422 204
231 194
210 425
250 257
5 214
265 88
88 438
107 243
59 45
416 24
184 319
418 44
339 254
129 109
206 231
430 179
306 212
244 67
61 45
323 65
258 12
153 346
321 131
12 379
175 427
274 358
298 244
273 188
369 401
168 126
55 149
176 233
232 419
299 292
335 46
229 145
377 381
362 249
383 373
51 109
352 324
339 201
439 163
260 359
436 299
356 42
447 403
146 102
373 445
266 132
362 46
276 290
298 189
410 232
433 12
212 336
335 102
408 326
265 219
108 124
69 16
37 387
418 183
361 215
51 178
346 412
223 45
125 72
105 86
175 89
97 386
425 303
40 384
52 176
27 160
171 415
175 207
226 16
389 138
230 311
315 447
274 89
43 398
32 147
35 206
108 3
15 84
306 374
339 357
421 365
68 143
332 114
222 109
130 162
246 231
25 432
102 170
72 144
440 423
163 346
52 270
349 66
225 78
312 115
434 284
352 374
427 235
39 200
215 40
233 332
143 129
315 244
171 258
259 162
232 293
59 155
114 407
220 210
36 83
325 342
239 228
267 217
334 177
288 420
89 392
175 103
73 41
218 115
170 28
276 273
321 334
427 306
165 70
68 72
25 392
285 263
43 423
351 376
24 62
219 112
5 393
86 397
305 303
63 26
330 338
170 74
96 20
380 132
89 319
203 433
262 40
247 176
14 149
423 37
210 193
20 87
137 425
35 441
279 418
338 33
307 379
426 274
398 357
405 358
227 160
343 360
71 141
407 404
162 381
313 243
125 204
329 133
181 236
445 331
205 206
363 383
136 341
209 85
121 165
443 220
196 337
3 138
349 410
94 382
342 278
177 339
33 377
343 213
164 340
96 368
97 330
303 105
94 63
189 215
99 55
434 295
263 436
304 164
269 397
97 163
226 145
373 131
74 267
343 237
30 310
29 127
64 331
231 157
265 291
371 235
346 228
401 32
88 257
195 228
205 164
390 303
180 186
433 253
5 199
362 34
381 390
32 444
144 134
152 408
425 395
66 194
46 19
225 5
275 292
233 351
327 46
77 58
232 61
183 108
132 96
13 64
37 45
379 52
50 82
11 26
348 396
91 394
414 188
270 240
351 54
15 101
100 91
30 331
152 212
310 155
179 322
218 87
238 148
138 288
101 20
185 321
416 276
266 381
335 87
45 109
13 59
209 112
149 238
314 172
322 175
326 372
48 415
11 286
434 20
125 87
40 309
279 327
8 96
131 214
54 175
322 386
105 82
49 254
192 362
297 65
408 175
436 8
13 318
165 447
338 161
405 249
341 235
127 221
202 129
434 127
304 308
65 280
389 433
85 4
219 254
388 178
428 248
57 312
117 221
310 326
253 266
126 146
52 124
366 125
253 351
252 428
82 316
259 343
172 216
346 390
21 286
120 320
85 176
183 73
269 365
399 73
182 396
90 106
72 327
102 196
230 353
47 183
92 177
77 264
264 423
205 156
132 196
27 216
372 82
288 64
318 110
8 51
58 98
28 129
424 2
196 77
354 114
260 318
290 208
5 106
54 81
261 185
277 160
272 72
113 112
7 430
93 14
352 150
431 252
150 407
253 345
355 30
10 38
347 172
246 223
277 299
304 409
356 4
440 179
395 104
162 401
85 255
414 309
404 269
112 426
227 236
194 5
265 204
363 36
247 160
258 395
330 433
355 109
308 347
288 254
322 1
206 279
127 44
139 403
312 122
380 410
357 125
286 173
200 200
80 446
231 210
392 433
194 171
93 374
69 380
179 390
253 257
220 251
172 230
205 355
351 8
188 131
133 25
176 204
225 255
202 7
16 17
439 82
187 404
7 127
207 57
389 11
313 32
134 36
262 338
262 36
346 1
167 350
26 342
105 122
20 178
448 356
195 311
437 253
266 315
380 24
371 320
355 108
351 40
15 36
249 277
72 18
277 110
367 174
323 344
295 342
73 295
121 139
157 109
392 294
295 195
317 90
386 223
197 160
134 211
196 383
359 139
400 188
120 191
233 442
86 80
207 30
246 328
41 274
308 304
119 27
50 307
116 435
402 312
146 87
74 213
21 433
223 293
44 342
355 276
207 312
227 286
341 344
165 381
169 344
108 159
370 157
18 37
15 419
348 33
57 294
245 398
150 340
242 65
233 148
212 312
11 439
149 223
334 185
28 375
80 135
85 322
164 102
358 178
392 130
210 1
295 7
270 316
218 383
252 2
402 15
185 284
325 333
58 83
69 405
9 21
412 413
342 127
387 123
304 330
124 66
202 290
392 23
157 161
405 408
34 230
295 219
65 171
423 123
125 364
399 5
256 362
418 21
40 356
143 344
109 139
281 311
428 96
205 9
128 34
288 161
263 134
251 328
177 226
322 301
13 144
178 268
58 147
288 417
374 430
312 34
440 16
216 420
431 293
300 110
326 139
271 12
145 393
211 193
42 84
365 54
100 94
321 157
240 160
125 37
14 309
391 5
196 158
296 179
2 19
288 199
158 430
211 174
375 293
366 416
249 282
22 348
248 214
56 359
374 52
396 259
232 338
263 428
367 431
158 241
1 317
439 30
299 73
75 97
366 440
64 166
146 405
65 393
43 440
303 416
363 122
98 147
331 232
126 250
214 155
42 87
343 352
436 193
297 63
289 86
374 225
123 71
53 59
335 95
370 62
382 284
183 31
430 66
263 427
187 348
5 100
306 348
3 294
412 171
228 253
128 153
349 250
96 273
308 302
240 229
363 45
385 418
76 366
35 210
217 93
429 221
192 159
120 194
324 84
237 103
208 364
127 428
166 222
124 345
76 363
446 310
408 382
279 355
171 185
436 259
277 288
32 20
446 23
86 321
426 322
295 57
109 422
356 146
67 32
43 142
266 360
4 97
165 154
3 335
339 310
146 167
150 49
187 19
391 272
212 241
17 58
297 125
31 77
271 98
428 185
111 245
96 434
342 132
140 216
18 30
398 35
68 419
403 254
437 346
397 200
10 413
130 306
410 160
254 232
129 233
288 240
30 255
97 243
386 236
330 275
137 279
310 205
121 136
330 430
353 279
53 362
115 182
92 76
342 345
179 342
2 18
133 351
272 102
145 81
337 346
356 346
49 217
102 169
224 303
150 129
5 203
362 120
384 5
67 149
222 246
43 223
135 47
125 279
148 141
359 357
38 138
254 86
354 227
255 2
81 404
130 406
30 363
77 414
368 15
114 141
132 28
235 139
75 359
417 94
371 199
2 408
337 127
46 114
353 172
435 306
447 116
263 29
351 211
442 270
225 427
282 357
7 68
367 401
298 207
366 92
405 240
51 165
366 416
151 271
139 137
448 10
125 262
38 27
344 351
168 120
329 1
348 207
388 266
31 109
24 269
200 301
60 122
337 425
90 359
247 100
48 118
109 44
379 18
390 274
368 109
266 249
429 37
327 240
175 230
220 70
50 419
370 109
412 131
85 53
41 204
25 408
321 133
323 124
151 264
269 70
244 86
190 224
443 389
335 169
170 106
238 91
396 32
199 360
162 155
284 74
358 308
34 103
313 228
226 15
364 46
404 159
4 18
255 446
278 141
166 319
119 275
409 66
306 159
425 19
313 133
413 95
440 318
197 304
97 294
190 12
339 18
43 214
355 297
211 184
309 248
54 427
75 14
365 380
44 213
271 228
345 235
194 337
104 390
64 72
235 254
84 446
271 446
83 177
294 294
360 154
413 285
5 359
170 369
163 85
133 433
312 350
91 58
238 66
319 301
9 426
426 412
295 248
409 377
296 254
94 79
280 59
363 156
417 404
76 3
40 80
307 224
301 397
153 410
334 23
263 343
320 112
178 166
232 139
95 79
264 188
158 95
118 392
250 407
348 197
409 259
149 268
34 1
88 186
411 294
209 97
60 400
208 237
118 439
375 84
390 191
143 99
157 133
362 407
91 133
27 371
392 175
62 425
48 22
163 10
315 243
106 374
194 185
34 183
48 281
138 437
23 281
407 51
413 320
329 375
325 356
297 268
402 231
244 1
252 278
10 118
72 435
363 138
44 268
192 91
100 330
79 442
162 357
45 446
100 373
372 424
280 92
243 234
322 359
106 125
188 116
114 132
422 348