128
544
91 171
503 154
494 263
207 471
319 142
339 409
521 503
399 356
427 392
329 250
373 191
436 486
299 276
352 406
18 207
379 108
250 337
133 199
471 339
126 246
352 336
110 201
294 380
428 48
227 212
298 472
274 61
413 29
336 93
306 225
171 12
205 292
220 337
491 147
4 488
392 227
151 501
427 316
209 311
363 435
522 116
362 124
49 103
24 256
67 329
481 237
341 141
401 16
349 219
162 352
162 425
35 312
254 461
83 462
99 317
352 493
305 42
72 353
144 95
480 82
295 416
190 91
428 46
523 233
264 140
456 425
437 490
64 146
279 18
63 377
335 286
325 511
327 268
319 342
362 126
423 529
414 69
75 297
114 53
401 250
65 313
130 373
130 66
518 408
499 452
241 161
193 437
127 392
161 317
189 394
443 484
378 312
8 325
480 537
249 209
242 185
393 244
13 522
181 530
386 135
437 498
296 502
390 294
349 422
67 537
144 381
476 521
148 355
173 499
220 422
163 333
62 11
448 75
405 84
476 246
219 241
71 386
198 460
135 2
210 73
410 353
453 214
329 472
440 374
427 115
251 461
320 184
344 223
130 204
307 62
321 397
302 391
110 499
178 244
372 387
189 237
195 97
450 396
25 346
97 323
332 347
239 107
402 38
330 532
113 92
465 433
360 222
151 469
48 201
40 419
43 228
527 110
197 433
377 221
106 473
415 437
147 109
544 4
19 329
407 131
292 327
436 523
420 42
447 339
114 358
213 157
458 68
138 110
500 514
202 61
314 72
369 460
52 368
463 70
24 326
201 315
524 508
293 400
421 67
194 535
297 279
19 210
346 156
319 173
541 520
105 310
463 473
225 514
297 15
40 320
212 112
507 192
491 127
47 367
66 112
357 362
390 247
27 63
402 345
235 398
192 339
163 110
140 259
495 436
274 406
83 485
389 45
132 335
172 50
30 237
162 386
54 423
89 496
358 362
296 48
88 359
259 122
340 398
381 290
161 526
24 243
466 412
160 470
203 331
519 232
439 8
489 364
303 449
315 116
139 482
35 226
296 165
347 507
18 183
252 50
164 275
293 502
15 452
427 217
110 273
320 420
153 136
111 327
41 425
314 51
234 348
276 401
513 78
363 402
133 486
452 168
89 200
541 103
523 295
191 88
440 382
379 48
517 489
246 429
241 15
479 474
362 210
202 202
160 436
60 164
377 383
331 337
38 328
439 432
78 85
391 517
466 225
436 311
169 9
195 409
23 2
210 257
211 283
330 242
174 389
405 422
227 192
215 136
391 109
439 340
66 285
185 403
509 492
169 5
501 236
285 395
237 366
107 319
104 437
17 277
153 421
155 252
484 369
259 202
349 154
542 286
438 54
145 275
1 185
151 501
420 436
352 112
257 330
431 233
94 447
509 247
195 535
498 135
231 212
208 36
237 205
321 131
258 337
277 131
522 427
87 397
190 310
381 447
512 267
135 61
41 515
307 107
506 132
113 64
216 321
99 324
525 292
454 111
500 58
241 477
485 199
202 130
381 38
448 348
176 454
408 216
425 43
194 258
46 307
321 133
83 292
457 479
455 238
461 410
296 157
215 108
228 416
109 64
453 13
283 500
338 146
171 218
60 236
347 106
542 540
110 80
159 22
431 485
260 347
222 11
504 436
534 59
179 98
122 503
526 404
458 320
421 500
409 353
192 212
458 189
79 23
141 109
461 27
49 176
373 270
58 204
34 47
262 84
144 255
43 126
530 372
445 407
328 309
87 391
392 544
451 342
438 47
450 226
489 498
401 318
96 458
393 129
376 111
212 520
237 126
517 223
498 289
501 153
469 43
543 189
458 321
530 223
368 436
449 184
389 177
501 356
507 222
356 338
332 440
185 440
21 157
118 390
317 74
542 242
116 412
430 445
189 415
124 428
178 28
67 439
76 440
250 38
117 62
376 320
501 16
215 393
45 205
239 361
278 108
474 266
520 231
38 36
102 161
335 151
60 273
45 136
40 295
173 28
228 420
347 184
436 434
32 352
510 142
40 243
250 514
380 225
200 290
132 173
450 338
324 382
66 240
389 106
406 433
133 89
309 352
144 72
113 176
295 78
189 334
192 438
175 444
534 375
189 121
419 510
458 70
347 396
310 63
501 171
496 505
132 132
184 275
75 296
322 369
373 511
158 437
404 205
336 266
35 396
258 325
361 172
267 36
439 32
98 267
74 465
227 77
468 411
352 542
34 129
366 279
511 396
171 243
56 378
508 506
229 221
158 45
264 424
496 158
327 466
424 273
386 523
349 182
389 156
179 422
157 417
156 539
140 198
237 67
31 72
444 131
293 57
48 428
481 543
42 263
464 337
535 178
315 212
359 31
239 409
325 395
281 352
262 420
6 498
358 452
26 257
39 190
314 86
73 122
500 530
256 292
323 119
469 509
330 155
540 24
19 320
291 172
127 8
463 4
377 277
456 274
533 366
463 174
323 408
295 278
393 7
441 43
125 365
8 326
391 419
349 282
66 95
453 64
518 371
68 351
519 395
80 508
88 415
9 410
278 304
15 542
182 456
457 178
148 336
503 411
210 179
148 275
146 56
338 119
426 277
469 401
543 421
236 86
163 244
367 312
419 254
309 472
165 221
105 184
428 479
50 93
114 197
239 259
252 449
377 6
181 174
278 52
50 385
137 212
500 376
523 375
85 159
302 121
252 279
304 135
213 226
100 326
422 338
456 2
242 289
423 423
334 28
346 255
284 482
338 239
185 188
485 269
346 115
389 469
393 21
476 477
246 31
131 539
368 42
412 66
202 162
360 535
189 161
245 472
514 454
39 155
97 523
295 443
509 12
239 229
448 170
162 21
200 292
15 24
205 299
505 407
460 192
269 521
224 386
320 193
295 358
219 392
209 514
162 173
397 272
274 300
442 435
320 513
54 334
536 258
504 368
536 420
431 133
268 110
518 43
303 140
273 393
403 353
234 20
397 86
164 126
385 61
16 160
29 485
366 437
71 325
132 62
72 19
194 211
128 39
254 302
179 398
151 453
206 384
345 58
470 508
56 182
24 487
342 468
428 35
232 498
359 364
431 303
382 497
513 381
535 94
139 41
363 161
494 24
544 294
498 341
257 9
395 152
495 192
491 250
98 179
75 328
542 506
86 251
458 471
503 320
436 97
233 255
257 54
150 129
219 103
341 347
527 191
370 350
254 316
55 351
494 130
135 363
507 92
485 292
434 444
67 326
412 171
452 125
96 57
125 314
32 337
116 430
400 485
235 525
129 162
332 78
291 338
313 125
301 253
416 63
152 482
260 20
525 167
16 76
95 12
390 126
220 377
12 75
190 118
56 318
279 259
267 441
468 451
21 96
160 436
158 183
246 417
74 226
455 505
173 6
388 434
3 64
267 14
10 328
132 481
517 282
195 239
179 534
146 199
86 177
91 115
231 336
404 177
433 314
137 61
319 397
495 322
332 89
207 341
416 210
278 260
492 344
498 126
206 515
196 163
19 286
277 250
493 136
298 381
322 434
314 96
158 264
289 489
224 496
286 511
33 435
226 524
106 51
521 311
22 173
345 456
330 494
33 279
501 330
531 278
92 300
374 249
435 534
66 114
485 223
80 390
113 177
369 90
228 218
273 249
390 73
32 47
22 65
197 523
266 184
256 357
355 501
478 246
491 543
231 303
221 183
148 205
359 389
294 458
62 22
162 323
95 66
369 116
130 438
510 267
77 222
80 303
178 13
420 540
427 523
299 103
161 318
179 391
162 472
305 95
494 338
417 460
275 114
447 404
7 413
543 499
90 78
257 139
506 133
135 388
527 305
362 15
494 412
405 528
339 37
78 160
247 495
75 521
480 394
253 486
262 251
312 223
200 24
361 161
28 367
420 10
543 109
24 365
520 301
348 186
209 425
346 327
375 292
304 182
141 428
123 274
6 434
496 205
330 313
237 229
7 528
111 422
508 6
242 483
306 45
540 387
469 341
169 172
505 344
353 101
99 348
375 104
109 326
180 438
510 416
539 389
271 105
266 234
110 379
44 288
423 40
130 219
252 170
390 212
514 71
185 484
418 15
460 526
212 95
292 50
383 286
310 109
390 447
215 371
281 258
114 159
297 243
377 421
285 95
88 126
165 272
65 454
158 524
435 242
491 54
163 329
339 472
309 56
374 523
427 110
109 540
140 277
111 388
153 395
354 241
520 518
384 456
427 542
436 190
239 254
115 401
38 454
328 346
381 29
197 135
10 305
3 21
37 113
408 62
379 218
302 226
63 141
9 362
10 316
423 248
25 537
520 62
318 175
280 155
203 348
289 84
108 163
104 16
147 384
493 525
473 122
78 535
263 87
224 144
274 102
264 299
95 239
232 412
414 511
438 488
314 55
28 293
217 3
181 364
386 129
216 314
251 166
305 385
124 400
528 397
502 247
151 468
358 383
207 227
221 517
42 535
27 485
155 115
488 335
350 329
336 438
99 42
59 275
426 182
130 281
450 503
400 473
298 213
311 505
311 403
477 352
265 375
165 420
489 108
82 167
436 417
60 406
458 118
136 211
171 138
364 492
512 219
420 266
431 58
226 69
461 30
292 181
404 456
56 220
19 138
386 327
426 445
188 340
434 196
422 476