2
128
106 40
42 62
98 22
77 35
57 4
70 94
91 41
33 70
99 6
8 18
4 32
114 96
48 69
79 54
14 70
126 119
109 40
53 78
61 1
112 118
4 53
83 94
94 115
35 64
121 43
81 124
74 67
91 122
7 41
47 20
111 44
11 91
83 63
41 16
63 24
5 66
77 87
31 42
73 66
105 65
108 57
60 53
123 22
46 1
63 92
21 45
8 31
7 90
93 47
105 27
71 109
92 19
67 122
60 12
59 36
76 38
92 8
91 87
29 8
87 91
100 107
7 107
9 14
68 101
60 45
127 2
25 90
20 92
84 79
103 14
114 50
52 78
57 14
36 86
21 122
48 120
101 55
98 109
68 38
82 127
82 80
1 106
42 20
69 125
99 43
10 84
93 61
33 21
74 68
106 95
62 26
86 34
80 56
14 19
93 95
17 46
47 17
23 88
37 92
84 7
6 93
90 98
26 123
119 99
62 96
65 123
121 23
28 72
78 42
90 42
8 107
87 54
123 109
13 31
72 96
37 78
61 127
47 86
121 37
56 54
5 121
49 125
15 76
69 92
117 30
5 125
8 91
50 3
71 63
33 15
30 70
92 90
68 10
47 60
47 103
113 51
95 33
47 109
109 115
72 97
17 76
93 24
38 15
26 108
77 59
122 106
128 85
68 67
95 114
126 13
88 110
63 54
15 109
34 123
96 105
91 112
52 56
7 89
70 33
69 18
91 62
123 90
19 62
28 113
48 25
125 7
6 59
61 20
39 94
14 6
71 105
117 122
32 124
83 101
28 23
118 118
84 112
79 102
46 106
86 93
2 82
99 7
12 31
27 51
125 40
56 67
16 45
60 47
40 14
19 67
36 8
56 120
120 6
93 37
111 51
1 112
4 99
118 16
2 16
66 126
56 121
64 71
37 123
118 76
9 8
14 44
16 69
35 7
74 128
43 56
50 43
39 53
13 29
68 14
44 5
11 99
126 74
42 34
69 31
110 77
38 123
120 53
64 27
59 9
26 101
65 75
15 103
127 28
3 67
41 47
71 52
17 68
125 58
102 65
88 83
13 126
77 5
50 12
31 109
21 56
81 85
2 96
59 128
123 62
66 35
108 9
86 124
76 83
54 49
19 13
3 32
10 80
36 60
91 66
40 111
121 120
67 122
87 126
121 81
59 59
116 38
67 73
33 14
27 86
63 46
99 65
77 108
16 112
39 107
49 78
89 41
70 28
34 28
25 26
109 83
84 96
120 22
40 24
36 67
110 98
112 80
34 60
59 50
43 98
28 91
47 116
3 116
15 36
16 39
61 124
121 17
91 112
38 2
8 73
68 117
42 51
68 76
110 126
125 24
95 24
114 14
11 116
1 26
23 16
64 84
11 57
100 101
40 9
103 47
82 42
35 123
93 102
70 74
100 66
98 66
89 83
79 100
71 80
125 93
95 60
48 106
116 19
78 28
28 52
74 109
94 109
103 58
82 45
3 53
110 100
119 71
55 69
42 125
20 38
89 115
97 9
92 85
27 41
112 54
93 57
34 58
37 9
115 119
53 117
43 34
89 33
104 15
102 17
11 121
54 99
107 23
107 70
107 6
111 90
59 75
18 93
4 55
101 118
45 25
106 87
58 66
120 34
80 93
50 90
85 104
61 64
126 39
5 104
44 115
65 103
61 82
67 64
8 39
53 52
63 31
11 120
96 2
25 48
94 75
9 50
50 69
113 47
108 118
22 23
104 86
125 37
39 63
100 47
101 25
98 35
55 108
27 22
109 51
69 74
125 78
124 46
18 108
92 125
97 113
20 73
70 16
109 109
79 80
27 51
104 124
86 30
104 112
52 84
34 120
30 31
69 25
76 87
4 40
83 101
24 102
45 94
118 25
74 68
104 100
118 80
95 75
109 70
58 32
26 92
24 55
122 92
79 69
50 82
108 5
54 4
106 98
97 95
122 42
34 98
13 24
49 107
98 29
49 28
61 74
119 84
128 112
47 78
52 97
31 32
101 85
35 78
54 3
45 48
44 78
17 56
101 65
34 71
93 82
98 25
27 88
108 26
71 27
103 122
123 6
25 95
90 59
44 15
61 88
62 104
38 78
31 10
14 65
80 107
18 49
3 45
8 111
70 78
9 45
72 3
50 96
97 11
27 12
25 87
100 87
63 9
36 93
18 50
29 98
28 47
18 30
91 26
12 32
103 20
76 46
22 125
14 118
7 40
2 32
126 101
118 60
109 25
25 126
74 53
95 101
99 113
3 61
10 14
93 112
34 40
30 55
37 43
45 43
82 46
74 79
18 63
11 126
88 35
123 33
87 90
6 58
74 8
118 83
21 82
66 54
122 95
109 30
9 25
72 90
70 18
41 87
80 51
84 39
85 78
72 43
39 77
100 112
84 90
66 104
43 4
30 36
98 10
65 107
34 9
68 103
26 108
61 105
30 16
16 114
93 87
29 4
35 128
115 118
89 53
93 4
56 122
39 25
3 104
3 36
112 71
10 9
50 70
113 80
85 128
65 50
86 93
53 120
93 39
109 53
91 74
56 18
67 95
43 70
70 45
105 53
115 115
61 37
56 45
116 13
45 52
62 2
17 114
122 109
24 102
33 115
47 89
4 114
55 46
55 124
91 31
48 77
17 108
113 73
24 100
85 68
24 18
70 40
3 63
20 26
36 52
12 83
12 16
68 66
61 122
61 23
24 108
100 41
87 84
113 111
56 69
50 79
86 119
118 88
53 9
113 89
60 125
43 72
12 110
9 72
103 70
95 126
49 66
38 8
21 22
118 76
90 39
26 47
30 15
6 82
23 119
42 83
115 84
26 126
65 34
69 39
103 35
37 24
100 74
31 121
96 20
68 57
58 94
104 87
108 109
41 3
99 82
85 85
38 110
82 102
15 23
13 118
57 49
13 29
122 43
21 89
62 88
18 119
53 121
78 33
101 118
35 72
71 119
28 108
100 110
82 114
4 94
103 60
14 115
88 7
29 108
96 90
68 113
81 120
105 30
24 77
19 58
20 89
48 48
69 19
29 22
5 32
115 107
91 128
94 51
6 122
30 101
84 97
85 36
89 61
65 112
10 83
42 29
43 89
76 111
108 104
4 112
7 118
90 98
117 55
20 123
49 49
95 4
18 52
39 106
112 103
89 121
57 2
22 99
91 97
82 70
73 85
53 79
75 14
48 63
69 67
57 117
116 24
120 5
75 30
110 58
4 70
51 60
72 72
30 34
40 111
103 112
68 27
63 14
40 110
76 108
49 5
96 36
28 87
40 102
116 21
31 119
90 81
50 33
24 80
66 64
62 40
47 1
66 109
14 106
91 90
85 11
94 53
46 121
11 85
94 127
105 124
117 66
77 39
99 100
118 36
35 51
76 82
52 13
62 65
118 24
26 75
34 119
127 79
111 9
35 76
7 11
72 124
77 20
34 47
119 23
82 26
73 29
107 124
42 40
61 31
64 86
105 97
77 103
48 59
112 82
7 118
93 78
113 41
97 18
87 87
40 40
112 113
69 90
108 110
2 40
12 65
126 117
33 74
91 80
4 74
34 10
64 126
87 48
38 55
66 124
14 105
35 125
89 103
87 69
84 88
108 96
24 105
84 56
50 46
8 54
120 41
63 55
38 22
102 75
76 39
70 89
16 104
86 104
79 44
44 34
3 24
1 26
128 84
81 50
2 88
103 121
128 37
47 37
58 20
111 6
59 52
94 74
28 51
49 106
94 93
11 96
116 12
121 115
95 74
36 96
33 10
88 33
47 6
69 104
26 52
109 84
103 75
29 2
125 77
107 91
41 118
58 28
1 51
15 95
124 50
63 28
60 22
60 106
28 1
81 53
52 62
8 26
8 36
28 4
112 6
94 25
123 24
52 123
74 66
90 69
116 24
96 47
45 28
24 72
28 104
124 79
37 3
104 44
38 3
48 22
9 13
46 3
36 97
126 109
35 87
49 22
110 17
68 26
44 91
98 71
66 93
21 103
96 124
18 5
127 65
26 7
78 71
9 113
40 6
94 74
92 14
95 73
30 34
99 73
124 68
15 61
32 35
35 127
31 53
4 29
117 29
35 66
100 43
51 11
49 16
84 12
29 50
85 59
83 55
3 78
122 18
10 25
52 45
24 82
97 27
110 85
55 16
23 26
59 73
36 107
88 119
118 116
40 74
46 122
128 49
71 121
66 81
18 117
125 41
71 93
67 52
49 121
68 71
19 126
15 54
104 102
45 93
90 84
39 7
78 38
55 20
31 120
100 48
109 96
88 51
60 26
102 109
18 41
51 36
38 66
90 13
39 6
106 128
89 16
7 38
53 61
58 83
53 29
2 33
125 89
83 56
114 56
36 4
97 87
39 6
24 128
19 62
5 124
62 94
11 68
3 63
128 60
18 52
89 19
84 85
108 38
12 93
94 48
96 62
6 7
67 29
6 85
90 11
80 23
104 90
90 106
25 90
38 42
13 126
60 97
82 39
6 93
4 99
12 99
32 17
105 99
45 111
55 7
121 7
29 96
96 119
73 120
80 110
33 92
107 93
60 60
3 66
25 6
36 36
105 68
53 81
38 97
63 92
103 55
98 4
22 66
122 95
57 73
76 90
36 55