2
224
42 136
10 62
194 182
77 35
217 68
198 222
219 201
97 102
3 70
200 50
36 64
178 32
48 165
15 150
206 6
30 119
141 40
53 206
93 129
16 182
68 85
179 62
62 51
35 160
217 11
209 28
74 163
155 218
199 169
15 180
175 44
171 187
83 223
169 48
223 56
5 66
141 183
223 202
105 130
137 193
140 217
220 85
27 150
78 1
191 92
53 13
8 223
199 90
93 15
9 187
71 13
28 83
67 122
60 172
27 68
12 38
156 8
123 55
29 72
151 219
36 203
7 43
73 78
4 37
92 13
223 162
121 26
20 188
20 175
7 46
114 18
84 142
121 78
68 150
149 218
144 56
69 23
98 13
100 198
50 191
210 48
1 106
170 116
165 189
163 171
106 148
61 189
65 181
138 132
106 159
222 122
214 66
144 184
78 115
157 223
81 14
47 177
215 88
165 28
52 103
198 157
122 130
218 187
87 3
190 64
161 59
185 23
124 200
206 74
90 10
72 43
119 214
91 109
77 31
136 224
5 206
29 127
207 118
185 165
120 150
101 57
81 157
175 76
133 156
149 94
37 93
136 155
178 99
135 127
129 143
126 6
220 26
132 74
143 92
15 39
113 115
191 193
47 141
45 51
168 65
145 204
29 152
6 79
26 12
205 27
154 106
32 21
4 163
95 146
126 205
184 110
95 22
79 13
162 219
64 201
155 80
180 184
7 57
38 129
69 114
155 94
91 58
211 94
220 177
16 217
157 71
102 123
93 52
7 126
46 166
199 73
21 26
32 124
83 165
28 23
54 182
212 16
15 198
110 106
150 125
194 178
195 71
172 159
123 179
157 40
120 131
112 141
156 15
40 110
51 163
132 200
216 120
216 102
93 101
79 115
97 48
68 67
118 112
98 112
66 126
24 185
32 135
197 59
22 108
169 72
46 76
48 37
195 39
10 160
11 88
146 107
135 85
45 125
196 142
12 37
139 131
94 170
42 66
101 159
46 45
6 187
216 149
224 187
59 9
218 69
193 11
175 103
95 92
3 67
105 111
199 20
17 68
61 154
6 161
88 147
205 190
109 197
114 204
31 173
85 120
113 53
130 160
155 224
27 30
162 131
12 9
150 28
172 211
54 177
19 13
195 224
202 80
68 92
59 98
136 143
89 24
195 218
183 222
89 81
27 123
212 38
131 9
161 78
219 214
127 14
99 97
109 76
176 176
39 11
145 174
153 9
70 220
98 124
217 58
205 19
180 64
152 182
72 184
36 163
46 34
48 144
130 156
219 178
203 34
188 219
79 212
99 20
79 196
16 71
29 92
185 81
155 208
38 98
168 169
36 213
202 83
132 108
110 222
157 184
127 216
178 206
203 52
97 154
119 112
96 20
75 57
100 5
136 9
199 79
178 10
163 155
189 166
134 170
164 66
130 66
57 83
143 132
7 16
61 125
223 156
144 74
84 115
174 92
220 148
170 173
30 205
199 218
146 109
163 181
46 68
23 103
23 165
10 29
52 166
25 51
193 41
220 149
155 169
16 150
189 57
194 218
133 169
211 55
149 21
11 194
185 129
72 79
70 177
107 217
214 3
43 183
43 134
203 70
175 90
91 139
146 61
132 55
101 214
205 25
106 215
218 66
216 66
16 61
114 122
53 104
221 192
158 39
197 8
204 147
97 71
157 18
3 64
168 103
149 148
223 127
11 216
64 2
153 80
158 43
73 82
18 69
145 47
204 118
54 183
136 150
125 69
39 127
4 207
101 25
2 99
151 108
187 214
205 115
69 138
29 142
92 142
82 12
188 61
1 17
20 9
38 144
77 77
143 80
155 19
104 28
214 126
136 176
116 116
162 56
126 63
197 217
204 151
100 168
211 197
56 102
205 190
118 153
42 36
8 68
150 208
95 139
109 102
186 96
218 124
152 215
186 124
79 37
146 50
76 133
22 4
10 98
193 127
26 106
34 130
173 184
113 139
194 93
17 156
189 106
151 116
96 208
111 46
116 33
95 192
37 213
195 142
86 163
45 112
140 174
17 88
5 1
2 199
189 18
2 153
123 24
140 90
7 123
135 122
27 102
185 63
90 155
204 175
189 120
158 104
166 46
63 170
142 65
144 107
178 17
131 173
40 143
134 142
41 45
136 163
146 96
97 107
123 172
57 183
68 87
159 105
132 221
50 50
157 66
28 207
82 158
27 218
172 160
7 84
76 142
22 93
110 118
199 104
66 128
158 5
214 92
109 217
185 30
138 213
95 165
67 49
195 93
138 142
29 144
2 200
158 23
69 139
13 43
114 78
170 47
178 159
11 158
152 195
187 65
55 154
102 122
74 72
86 211
85 114
2 86
90 31
205 30
169 89
72 58
38 18
201 215
48 211
148 71
53 206
8 107
135 109
100 80
52 186
66 136
171 164
94 132
194 170
161 11
34 9
164 71
122 140
61 169
126 80
16 178
157 23
157 68
131 32
147 54
89 85
189 36
120 58
167 89
3 104
195 132
112 135
202 9
50 134
49 176
85 64
1 18
182 29
181 88
61 103
141 149
59 202
56 178
131 223
139 6
102 109
137 85
19 211
189 69
120 13
116 205
173 212
94 130
17 50
90 173
24 102
193 83
79 25
132 210
23 46
87 220
27 223
176 45
209 12
209 201
24 196
53 68
184 146
198 72
195 63
20 218
164 84
172 115
108 80
196 2
221 58
93 23
152 140
164 9
151 148
209 175
216 37
18 175
182 87
118 24
149 9
17 185
92 61
171 200
140 142
73 136
71 166
31 222
81 194
6 8
117 86
54 108
122 167
154 175
30 143
198 50
151 87
106 19
19 52
218 158
193 66
165 135
103 195
133 184
164 10
63 153
96 116
132 217
154 158
40 55
76 109
105 99
67 82
117 85
134 206
18 198
143 55
109 22
25 17
77 61
26 11
85 217
222 216
210 151
21 121
206 193
5 182
67 168
39 183
28 172
36 142
18 178
196 126
71 92
14 19
24 135
29 108
128 26
196 209
49 216
105 126
56 205
83 122
148 217
176 176
37 211
93 54
37 160
51 203
27 64
222 147
198 122
30 197
20 97
181 164
89 157
65 16
138 19
138 157
107 185
108 143
44 72
68 80
103 118
154 2
53 23
148 123
145 177
95 164
50 52
103 10
208 39
121 217
57 34
150 163
91 129
178 134
73 21
85 175
11 14
176 63
133 195
185 53
20 56
88 165
203 62
174 58
100 166
51 28
200 72
62 162
200 15
71 144
132 27
191 142
136 14
76 44
209 133
192 4
188 55
168 38
116 213
95 87
154 17
210 1
88 48
162 160
158 104
175 65
2 141
78 138
155 154
53 11
62 21
14 121
75 53
30 63
41 124
21 66
13 7
67 196
54 100
3 211
76 178
148 77
190 1
86 120
26 139
2 87
31 15
79 201
163 108
39 203
104 156
141 116
162 207
183 87
178 186
73 29
139 92
202 200
93 63
96 118
73 193
77 103
80 155
80 18
39 214
93 14
145 9
129 82
87 87
168 40
144 113
69 58
76 142
34 168
204 1
158 53
65 10
27 144
36 106
162 170
192 30
183 112
38 183
66 124
142 105
35 61
89 199
215 165
116 120
108 96
216 137
20 56
18 142
200 54
120 137
95 87
38 54
198 171
108 135
166 25
16 200
86 104
175 76
44 162
195 24
33 58
32 148
113 50
162 88
199 57
96 69
143 5
218 212
175 102
123 116
126 10
188 211
209 10
158 125
171 224
20 76
57 51
95 42
196 32
129 170
88 97
15 6
101 104
90 52
205 84
39 107
93 98
189 77
107 219
201 54
218 220
1 147
143 95
188 114
127 188
60 214
60 170
92 33
49 53
84 30
136 218
8 4
92 196
176 198
62 153
123 152
20 123
74 162
90 133
52 216
96 207
77 28
152 40
60 72
92 15
197 3
8 204
102 195
48 54
41 109
78 163
36 97
158 205
35 23
209 86
110 81
68 58
204 91
194 39
34 61
149 7
160 28
82 133
223 1
186 39
110 39
73 17
136 102
94 42
220 78
223 105
30 162
35 105
28 4
15 61
64 163
163 95
191 21
4 189
21 61
99 2
100 171
115 107
145 80
148 140
29 146
21 155
179 151
35 206
154 50
138 89
84 173
184 50
65 59
110 181
119 80
183 90
123 169
196 43
120 215
182 148
8 74
78 186
224 209
39 153
130 49
114 213
221 169
135 61
3 116
17 121
196 71
83 94
111 54
136 102
141 189
26 148
39 199
206 38
55 20
63 184
164 176
45 160
120 179
92 218
70 205
210 137
147 68
6 130
218 13
7 134
202 128
153 112
199 6
21 29
122 83
85 61
130 129
93 121
83 184
210 24
36 196
161 55
39 38
184 128
51 62
133 124
190 62
11 164
67 31
64 188
210 148
121 211
52 213
204 6
44 189
126 80
160 158
6 71
195 189
198 117
26 107
112 215
40 122
26 202
25 90
38 106
109 158
92 33
18 71
38 61
132 35
12 67
192 17
9 35
77 79
151 103
57 39
189 96
32 87
169 152
48 206
33 156
11 221
188 28
163 98
185 70
132 196
9 196
85 17
6 161
95 28
135 151
66 196
118 194
58 63
121 105
140 26
132 151