2
288
10 136
10 30
66 182
45 35
281 100
6 222
59 233
161 6
131 262
200 50
132 288
50 128
240 37
175 150
206 102
158 87
237 168
277 174
221 33
208 86
4 85
19 62
30 179
227 32
25 139
81 156
138 131
155 250
39 41
271 244
143 140
203 251
19 191
137 112
95 216
197 98
13 215
31 42
265 130
73 161
268 25
28 277
27 182
238 65
95 220
181 109
232 95
71 250
157 79
233 123
7 141
220 179
227 122
220 204
251 164
236 102
60 264
91 247
29 200
183 123
4 75
231 235
41 174
68 69
252 13
191 258
25 122
148 252
116 239
39 78
274 274
180 206
121 142
36 150
53 218
272 216
165 87
162 77
260 102
146 223
114 48
65 138
42 84
261 157
195 11
106 52
157 285
257 277
10 4
138 223
94 282
150 258
80 184
46 211
285 63
145 270
111 81
279 24
37 124
180 231
134 285
154 162
154 123
151 35
286 160
257 251
153 279
220 104
174 138
26 42
200 43
183 182
283 173
205 31
8 256
133 14
125 287
47 150
281 69
184 278
101 153
113 125
15 204
229 188
53 126
101 125
168 283
178 35
39 255
65 207
222 70
92 218
68 10
79 60
79 263
209 179
287 33
15 13
237 115
72 161
241 172
157 280
38 207
26 236
173 251
154 106
32 117
196 99
127 274
30 77
248 110
255 118
143 141
130 251
256 73
283 80
244 152
71 153
70 257
101 114
219 126
91 122
115 286
220 113
272 121
189 103
230 27
221 244
39 222
206 166
167 73
245 282
224 188
147 165
156 119
278 86
116 240
207 230
238 10
54 221
2 114
35 231
12 127
187 51
221 264
216 99
48 173
92 143
72 110
179 99
228 40
56 56
280 134
285 229
15 211
33 16
36 67
246 208
66 16
258 158
152 185
256 199
229 219
214 172
41 104
270 268
144 37
35 135
42 192
235 56
274 267
71 181
205 189
100 270
204 69
11 227
126 266
138 66
69 223
110 109
38 251
248 53
288 283
59 41
58 5
257 203
271 39
95 60
227 195
201 15
135 212
241 260
61 250
198 129
184 179
237 94
141 197
146 12
63 205
213 280
81 181
194 224
219 288
283 30
66 195
204 73
118 156
204 179
278 113
179 45
163 128
138 16
196 284
27 258
72 239
121 152
131 26
87 222
185 241
251 123
148 166
195 137
193 110
27 182
95 206
99 257
205 236
272 112
103 11
241 174
249 73
198 252
258 156
185 26
109 147
148 128
184 214
264 248
36 163
14 2
240 112
258 156
59 114
139 162
124 251
207 244
195 276
79 164
16 263
189 284
281 209
123 48
134 258
8 41
132 21
42 83
132 12
110 62
285 120
95 280
82 14
235 276
161 186
23 176
32 84
43 25
4 165
232 9
7 239
50 138
131 91
93 134
262 74
196 258
194 2
249 275
175 68
135 48
253 157
95 284
240 138
180 115
174 284
284 180
234 45
190 237
7 282
82 269
67 149
110 260
151 71
119 37
138 253
244 262
281 51
129 105
60 181
219 233
176 214
285 281
130 186
101 137
179 183
277 117
43 98
249 65
168 239
102 177
203 217
22 67
267 151
171 198
203 262
15 250
59 11
242 189
196 55
197 246
109 185
234 151
282 194
88 162
16 189
210 218
117 232
157 256
254 39
37 40
172 51
1 231
221 242
3 128
168 199
245 276
255 63
11 248
128 98
281 144
158 203
233 146
18 101
273 143
12 22
182 183
232 182
285 165
7 287
164 175
69 281
34 35
55 204
155 182
173 147
37 42
221 270
60 110
242 44
252 253
225 145
148 41
198 144
205 205
15 80
251 83
72 156
278 286
72 144
180 244
162 88
158 255
69 217
76 183
132 40
147 229
56 166
269 126
182 57
42 196
136 164
150 80
31 139
77 262
154 128
218 28
216 247
282 284
47 229
50 50
140 197
278 68
74 130
193 255
186 106
34 194
269 184
273 171
194 221
145 60
61 234
247 276
192 112
143 110
212 193
159 64
261 21
131 206
150 35
173 48
12 78
241 280
133 97
162 39
189 18
258 249
251 88
108 26
199 123
135 122
187 166
57 159
186 187
76 47
93 120
254 104
70 78
255 202
46 129
240 235
18 81
67 141
168 47
38 238
169 173
232 227
50 288
257 107
59 204
153 23
36 279
287 265
68 253
178 114
253 2
220 143
82 286
155 122
204 192
231 244
236 174
182 157
46 150
263 264
66 288
158 261
278 156
237 217
281 286
202 117
287 133
131 241
3 285
234 206
189 176
162 8
222 55
165 139
77 139
274 142
138 143
274 127
171 94
56 163
91 257
151 250
262 282
74 264
150 19
53 50
66 214
58 159
141 94
9 89
232 282
102 82
9 87
80 179
180 7
213 142
136 75
103 109
228 48
244 90
66 8
11 4
94 228
162 106
33 43
194 265
196 7
218 204
93 9
94 144
16 18
157 151
253 260
259 192
19 86
153 245
93 164
120 186
103 281
3 136
195 68
112 103
74 41
18 38
209 112
53 224
1 210
246 125
53 216
29 71
13 181
187 266
216 18
35 31
171 198
166 77
265 149
179 211
61 197
248 269
180 13
77 52
94 34
177 146
122 77
88 6
129 275
271 57
164 18
87 46
87 124
283 63
144 173
273 76
241 105
56 4
277 4
56 82
38 104
227 159
180 26
164 180
172 19
236 48
196 194
253 282
189 247
216 204
4 73
279 244
177 47
120 165
50 175
246 247
150 56
117 201
81 153
92 125
43 40
172 238
105 136
103 6
255 30
209 258
102 200
213 150
118 44
26 39
90 143
286 111
198 274
23 151
10 115
147 52
154 30
1 258
37 263
135 3
5 56
260 266
127 57
128 244
260 153
154 222
168 23
44 237
9 227
259 178
53 117
230 78
146 102
207 55
77 54
57 81
269 189
58 267
117 57
94 88
210 247
181 249
270 97
197 150
35 40
39 87
156 268
36 174
242 242
228 30
167 156
270 19
216 199
285 44
256 90
4 49
209 184
9 62
152 77
211 186
116 121
144 272
261 179
157 214
5 256
115 43
123 96
62 211
6 218
254 133
180 129
181 260
25 61
33 48
138 115
234 125
107 249
108 79
12 136
164 16
263 278
218 258
245 151
180 123
81 145
255 260
274 148
231 170
208 135
89 217
249 34
54 67
155 33
18 166
41 181
53 15
43 270
272 287
5 35
121 85
52 88
216 197
107 30
78 186
164 38
115 284
72 40
222 98
72 239
263 272
4 187
159 46
40 14
204 44
49 197
288 100
284 215
8 262
244 245
159 279
282 145
146 225
184 80
34 128
190 168
271 193
226 141
110 266
155 26
181 75
222 181
174 89
107 53
222 223
9 92
85 162
109 231
99 164
22 4
163 211
44 146
276 269
158 97
118 24
282 11
258 215
63 143
175 41
67 108
263 75
72 220
109 180
162 207
215 55
82 90
265 125
235 124
266 264
221 95
288 214
265 129
13 39
144 187
80 210
7 214
157 238
145 265
129 18
55 55
72 136
16 209
261 250
204 110
226 136
204 97
222 181
97 234
91 240
4 170
162 170
256 30
119 112
6 119
2 60
46 233
67 61
25 199
183 229
20 280
76 224
248 169
276 56
274 238
8 278
280 169
31 247
70 150
70 235
140 231
166 185
176 232
246 200
143 140
140 34
131 88
257 250
128 116
17 114
226 24
263 217
64 5
175 5
26 116
239 166
59 116
62 106
220 19
177 234
30 189
267 32
148 108
281 275
95 170
260 32
193 234
248 129
239 134
133 136
122 84
13 52
71 75
157 162
253 45
107 155
233 86
186 92
65 51
239 159
220 210
191 284
156 150
124 266
156 129
113 149
212 126
200 154
72 68
28 36
272 134
62 217
91 120
180 155
170 130
186 261
52 88
256 79
109 252
56 136
92 40
284 175
37 195
40 108
134 227
16 118
233 77
206 35
196 97
62 237
227 247
81 278
206 49
68 186
172 283
194 263
194 189
21 231
256 220
210 261
159 97
90 103
174 7
9 241
104 230
62 202
60 142
63 265
62 2
35 105
284 228
239 189
128 259
3 255
191 213
228 61
21 189
35 66
196 43
179 171
145 112
84 204
125 146
181 59
19 87
163 14
26 114
74 25
244 237
280 146
33 91
78 213
279 272
279 58
187 41
228 43
24 183
246 148
200 10
206 218
96 241
103 121
226 49
18 181
285 169
199 29
259 148
241 249
132 103
179 30
15 118
72 198
173 189
58 84
199 135
174 6
247 276
287 184
196 16
237 192
184 147
92 26
6 205
146 9
179 36
38 66
26 269
263 198
170 192
153 240
199 198
117 157
58 115
213 253
2 161
29 57
19 120
242 184
196 100
193 247
135 102
24 32
83 158
101 124
62 254
75 260
163 191
288 220
178 212
57 51
84 85
268 262
76 221
30 272
32 94
102 39
195 125
70 149
282 171
144 55
8 218
186 42
281 186
134 42
269 190
92 225
146 71
198 221
164 99
76 195
192 177
105 259
173 47
119 167
89 263
93 96
64 151
9 216
208 142
257 188
203 221
124 60
163 194
153 38
4 228
105 68
277 209
38 161
255 28
199 55
2 164
22 226
26 31
153 233
44 282
4 247