2
416
202 40
298 158
226 182
237 3
89 260
262 350
187 233
193 38
291 390
136 274
132 128
338 128
336 69
111 150
142 390
350 215
13 232
245 110
285 65
112 246
196 245
179 382
62 371
291 224
217 11
81 348
138 3
347 346
359 41
367 84
15 300
171 315
115 415
9 272
351 408
101 130
237 279
383 298
105 130
105 193
140 57
124 149
347 54
78 289
383 28
245 269
200 415
167 314
285 47
41 91
39 141
220 147
291 58
28 396
187 4
44 198
348 168
347 151
93 296
311 59
196 139
327 395
9 366
164 165
412 205
255 34
217 58
180 92
404 79
359 174
370 402
372 174
25 174
196 118
53 90
176 120
101 375
98 397
324 134
146 319
338 400
225 138
330 276
101 317
227 43
362 52
317 317
225 341
362 4
42 287
382 90
406 66
48 376
46 243
93 63
145 302
47 241
311 248
389 284
148 199
326 93
122 98
282 347
23 99
222 352
385 59
25 247
124 360
206 42
186 170
104 203
343 22
315 237
269 287
104 288
357 302
253 63
271 406
281 165
88 86
389 57
17 285
175 12
229 380
53 286
5 29
72 347
338 259
39 63
129 15
350 358
188 58
4 330
47 284
79 135
241 51
63 257
335 237
269 19
72 193
305 76
93 248
294 303
90 204
365 91
218 298
32 277
228 35
191 274
190 141
408 302
191 342
143 397
162 283
416 105
347 176
180 24
7 345
326 385
133 146
59 222
315 378
371 126
412 17
400 57
157 263
358 219
189 372
71 222
238 358
199 41
117 250
64 412
179 261
380 183
406 22
276 176
399 230
302 266
246 285
194 274
131 135
364 191
91 19
285 200
376 67
240 77
316 175
72 366
307 323
132 168
216 408
344 70
221 229
207 339
385 400
196 99
118 16
162 80
34 318
152 409
384 391
357 155
22 300
105 328
206 236
80 5
227 7
362 320
107 152
114 75
135 181
45 125
196 206
204 229
395 227
94 362
202 34
389 95
206 77
6 283
184 373
288 411
251 233
186 357
257 171
15 391
351 348
99 131
9 175
231 404
401 324
221 58
230 193
152 307
269 30
173 37
402 332
319 237
21 376
49 277
130 352
251 64
283 222
66 291
268 169
278 252
364 83
182 177
147 205
355 416
234 112
324 220
27 226
328 47
57 376
323 186
311 30
121 49
251 59
340 102
227 73
225 174
155 406
223 302
67 161
173 300
272 80
391 299
177 302
345 233
134 124
290 316
153 282
365 403
340 160
376 22
232 56
196 259
334 290
16 400
34 188
283 178
139 258
60 187
15 276
291 20
271 164
208 7
29 28
281 241
187 112
262 290
168 329
132 85
202 147
68 236
206 222
285 216
351 216
402 366
75 276
257 218
311 48
96 212
363 377
36 133
360 169
295 111
82 10
67 283
29 6
390 106
228 258
322 162
57 307
399 4
39 240
221 349
159 316
144 106
148 51
110 380
92 404
74 173
286 13
327 314
18 301
3 117
14 324
279 71
87 261
74 125
372 166
345 115
353 361
92 373
411 201
336 86
61 281
130 346
165 41
243 183
213 117
299 226
313 33
296 271
294 241
395 121
278 195
235 215
139 198
43 6
271 250
379 331
114 93
260 279
5 374
333 217
362 215
26 258
120 322
400 413
18 378
117 296
29 224
382 167
293 296
44 147
129 7
349 242
387 192
392 391
21 308
63 255
395 88
384 98
281 368
382 299
201 370
50 229
49 303
268 342
182 311
360 310
189 293
7 159
356 399
5 249
162 67
87 12
27 54
397 307
5 362
61 206
188 398
306 236
284 157
33 49
52 265
230 240
141 237
271 80
91 275
328 124
214 286
136 240
340 116
2 216
350 351
5 121
332 183
228 200
339 133
120 262
397 222
374 409
42 228
72 4
374 272
127 171
141 134
282 352
250 284
152 55
218 156
47 5
210 146
76 133
278 68
394 130
289 351
122 202
34 66
205 408
337 203
34 349
337 316
285 42
55 20
96 144
47 14
20 257
159 96
261 309
163 110
22 35
45 144
108 366
209 312
229 1
98 263
221 18
34 89
59 376
396 26
103 315
39 122
27 70
89 287
378 251
396 399
157 312
414 264
134 78
31 362
366 129
208 171
18 113
131 365
72 399
262 46
297 301
40 195
370 128
353 203
251 204
185 279
100 55
415 105
132 29
50 82
29 130
124 335
242 254
155 186
108 416
103 276
172 142
54 413
142 406
199 264
194 256
414 165
310 412
269 313
313 190
266 213
319 389
3 17
99 157
74 206
157 176
66 200
190 119
197 203
397 395
338 174
234 335
210 127
203 350
24 99
123 289
183 314
134 186
202 232
214 275
309 370
322 374
154 383
365 222
169 217
200 90
262 18
297 55
16 83
404 327
53 398
72 235
295 205
292 368
308 90
226 200
331 4
30 356
386 266
161 11
66 361
388 327
250 268
381 265
350 240
176 402
93 247
93 388
35 384
339 214
345 21
413 260
312 26
199 281
291 360
163 228
304 135
138 137
402 390
273 336
85 32
193 178
150 157
21 184
125 359
397 53
251 266
184 146
163 383
299 326
326 45
137 85
179 147
93 165
120 365
372 205
269 20
254 2
177 274
58 173
88 326
97 339
175 281
356 338
247 238
119 28
155 255
400 333
401 364
369 393
312 196
53 36
216 306
38 264
163 95
20 250
4 404
44 51
268 400
260 386
93 378
285 247
88 140
36 361
87 404
337 399
56 389
18 271
278 343
406 312
21 297
145 313
284 61
235 136
44 78
393 136
327 262
255 414
401 290
358 72
277 150
342 332
122 231
58 271
158 335
166 50
215 183
234 83
115 52
218 158
129 194
165 327
327 3
325 312
292 138
255 25
288 180
228 409
282 158
136 311
76 173
361 163
227 50
245 341
102 334
82 102
399 119
13 310
121 337
77 285
58 203
181 217
254 408
210 119
21 217
14 385
389 246
131 72
295 375
412 396
164 366
370 146
68 382
327 60
174 275
216 103
61 396
320 314
260 401
305 280
201 190
120 45
19 250
116 185
80 112
37 243
61 406
261 416
243 43
59 416
318 147
102 250
126 293
20 257
277 196
121 349
385 112
394 275
362 381
331 313
76 367
12 8
228 272
295 54
186 226
341 375
372 315
209 81
191 228
338 52
7 330
400 263
313 249
121 258
214 35
27 161
274 38
41 85
181 335
11 366
144 351
197 387
249 405
340 24
88 133
363 382
46 218
228 230
51 220
72 136
126 386
296 399
7 208
356 59
415 366
296 14
172 76
401 293
352 324
316 23
40 134
404 373
351 87
186 273
178 129
408 304
98 160
158 392
239 97
322 237
334 202
251 90
149 107
382 85
14 153
107 341
158 383
297 92
341 354
237 103
67 100
406 36
131 147
300 370
116 205
62 33
278 312
410 11
290 375
383 303
399 361
99 140
327 395
104 124
205 340
226 271
311 87
178 26
233 61
395 220
138 328
253 415
224 246
297 385
77 263
144 59
208 242
199 406
93 174
113 297
97 338
23 407
8 200
304 113
261 282
204 270
194 40
268 289
158 149
129 234
283 272
164 74
98 234
352 190
407 48
70 375
258 92
238 137
163 125
121 295
279 325
148 344
364 416
88 393
20 216
82 174
72 246
120 169
351 55
230 342
102 171
172 231
134 409
368 296
118 72
175 396
396 194
323 216
193 282
64 84
81 146
130 152
263 249
192 197
303 293
410 276
47 166
91 180
158 330
348 275
273 394
126 125
171 320
212 236
185 275
191 138
292 320
289 138
152 353
335 38
229 200
186 276
365 148
327 107
61 130
253 333
107 251
41 278
154 252
385 211
399 159
348 274
63 92
412 214
28 202
124 129
401 181
404 350
328 186
328 388
316 164
176 6
286 217
155 312
340 123
106 322
154 325
180 216
416 47
301 316
248 296
28 104
60 303
325 387
72 236
230 259
272 406
137 141
78 291
36 1
286 13
323 23
209 86
110 209
132 282
396 251
34 7
226 93
181 135
352 124
242 37
383 385
26 103
110 103
265 17
104 6
318 298
316 110
255 9
190 258
163 41
92 196
335 317
288 99
323 95
223 149
132 189
117 29
163 98
132 11
403 107
305 176
404 204
157 242
213 219
371 247
259 46
26 178
234 185
148 13
280 370
33 283
14 21
311 48
119 314
347 393
4 235
24 279
22 180
392 106
398 346
352 113
263 377
162 369
18 309
381 169
135 413
35 20
17 345
68 7
115 414
271 118
232 166
269 125
346 244
231 199
46 166
183 308
415 344
132 16
109 96
184 243
380 90
262 269
306 201
147 4
198 290
410 301
39 262
10 256
377 112
327 294
149 93
58 147
309 189
34 1
157 89
243 120
50 376
260 356
161 279
359 230
152 224
115 62
357 412
318 318
107 228
195 255
192 252
274 84
313 179
84 53
140 198
44 189
30 304
128 62
38 359
291 189
166 277
250 107
144 151
296 250
250 362
377 26
70 106
397 382
284 353
306 7
134 349
68 35
108 195
96 145
9 259
205 47
119 39
25 263
61 320
384 183
137 216
80 206
321 60
43 61
412 348
355 2
153 6
36 260
73 4
277 81
262 65
127 252
391 151
98 324
342 354
90 63
153 169
140 346
100 183