2
480
351 140
259 60
236 39
406 76
299 224
213 44
454 410
60 238
378 284
176 142
306 185
336 161
115 474
280 278
180 361
377 402
20 156
462 255
66 259
202 364
355 286
408 328
216 339
438 113
142 133
126 447
189 461
479 304
327 150
101 26
30 478
427 401
25 408
48 90
59 249
453 413
55 252
132 270
111 89
254 124
221 379
443 282
231 441
105 77
463 205
102 12
74 401
285 98
328 332
59 258
452 32
62 26
283 194
167 265
154 292
389 375
62 351
48 293
183 152
241 165
228 343
49 302
263 205
271 462
56 202
112 27
105 173
405 259
238 443
44 392
255 304
158 316
174 205
480 228
356 241
265 103
455 185
276 109
389 419
442 444
140 73
342 244
118 138
22 355
101 417
266 355
240 295
62 413
19 62
33 246
302 297
349 276
1 16
256 261
306 217
96 445
290 437
80 407
95 454
153 195
390 419
421 150
105 2
434 124
63 466
369 236
154 109
383 26
477 158
286 302
375 381
267 184
210 218
462 176
191 134
242 101
424 182
250 49
183 75
44 118
61 412
353 86
393 128
112 389
285 397
210 179
298 348
234 379
86 87
74 148
221 315
248 36
16 369
84 70
444 479
187 376
411 412
461 323
59 92
103 215
9 312
266 178
52 371
76 137
458 149
284 70
335 404
105 350
292 61
291 127
59 478
22 341
281 3
55 211
94 157
425 454
469 82
23 40
453 98
48 430
118 203
371 452
478 347
193 290
407 4
416 338
353 310
70 25
312 125
235 277
281 51
251 141
133 273
180 457
243 99
278 232
174 168
204 171
34 268
332 313
143 140
42 15
449 111
39 280
235 145
76 36
196 326
176 200
471 228
176 233
198 453
464 371
12 59
414 397
199 265
229 341
404 142
228 372
253 266
43 7
411 471
394 478
188 442
197 178
189 244
282 258
88 138
149 451
196 434
367 266
218 468
127 14
129 354
257 381
11 172
260 293
162 173
290 349
134 358
47 194
121 328
452 80
337 472
50 53
425 417
318 34
276 316
47 404
189 176
305 200
347 436
12 28
128 174
376 134
51 294
327 44
14 170
475 350
161 45
274 457
333 464
11 128
299 409
403 360
104 99
431 322
54 314
349 182
7 117
315 410
410 33
325 295
203 319
165 235
235 438
212 439
421 94
438 240
22 361
119 478
459 421
319 385
254 60
86 261
176 272
62 457
176 386
272 250
96 436
5 203
265 88
161 206
181 471
317 202
223 307
71 73
247 390
457 372
321 414
152 16
205 213
344 381
470 135
22 438
442 26
160 227
113 192
304 293
182 12
367 404
190 437
477 308
218 325
199 58
259 223
425 463
307 289
235 169
295 257
126 257
154 285
355 267
476 50
431 50
413 189
325 474
18 321
301 235
38 371
165 296
113 109
278 292
269 385
460 84
33 105
212 186
261 86
324 256
7 147
177 419
335 22
284 224
214 456
331 251
346 15
66 331
475 216
142 264
120 121
219 24
97 430
81 357
387 405
4 393
423 181
203 277
202 6
373 415
461 223
186 198
237 251
48 231
466 61
366 457
53 104
352 149
405 433
377 311
229 381
223 171
81 297
319 154
302 211
88 154
433 145
352 189
268 271
292 125
332 49
454 384
25 325
405 429
277 301
260 25
73 354
67 25
171 386
178 344
116 138
18 69
282 241
129 421
31 292
66 234
341 39
10 237
363 414
185 32
106 444
408 51
318 475
75 360
380 253
223 367
262 240
435 415
352 436
356 383
247 421
8 459
331 17
215 85
302 272
116 280
107 44
330 296
390 404
175 289
48 398
175 309
29 2
244 381
437 119
155 75
411 162
406 261
179 140
345 352
283 333
151 390
248 480
205 157
276 380
317 323
297 363
152 325
364 395
97 192
385 251
139 187
413 64
447 463
75 183
206 358
35 357
267 154
228 471
310 23
242 146
346 58
29 369
255 264
155 223
328 59
474 466
117 278
401 83
132 475
137 337
224 44
85 10
197 313
353 27
207 114
44 72
44 72
312 170
208 466
392 55
396 257
40 32
54 440
466 185
306 123
394 50
166 478
411 362
310 155
260 37
141 304
460 56
247 292
225 454
149 8
380 65
265 291
96 190
122 434
247 428
76 160
349 241
157 151
474 339
178 254
375 318
429 226
245 195
389 341
41 58
348 292
474 4
103 89
194 224
394 440
171 469
119 391
101 147
414 95
5 111
220 251
300 40
477 64
106 257
404 18
314 143
310 307
147 412
268 212
155 181
171 198
42 161
460 142
307 393
108 184
23 199
434 322
238 302
257 344
79 180
233 264
195 62
91 341
473 230
72 20
282 114
217 323
146 196
337 324
109 444
27 3
163 333
197 272
154 453
7 232
25 240
368 219
301 330
79 166
79 22
185 232
7 273
427 152
468 283
347 448
246 374
323 280
226 39
424 379
11 430
3 35
189 242
125 362
91 75
47 169
96 103
272 454
375 218
477 234
20 344
74 138
237 396
289 334
434 232
104 444
182 458
351 242
219 475
475 309
70 393
349 37
15 141
11 389
230 7
15 250
222 88
259 458
3 67
311 436
171 415
271 224
264 13
465 3
8 332
311 429
244 180
337 259
192 347
39 421
226 53
62 447
140 320
297 142
259 479
449 429
285 112
172 69
124 28
71 3
359 253
303 123
432 160
253 15
378 291
308 475
344 369
314 355
81 130
17 339
128 337
159 285
448 202
353 444
229 295
446 460
67 141
454 371
300 226
385 197
388 212
64 123
453 377
478 53
26 366
263 25
222 421
309 62
14 53
25 242
347 342
93 414
354 66
304 173
163 80
242 423
292 305
65 264
201 62
188 98
427 322
122 41
262 303
102 147
355 478
388 222
211 353
27 85
290 330
129 453
409 370
267 92
194 331
227 266
393 286
363 211
127 357
251 260
51 224
406 405
93 186
18 304
58 44
260 347
245 388
191 46
278 457
137 343
308 236
1 92
41 235
174 168
111 425
427 161
40 353
438 133
58 327
436 115
243 215
333 359
122 44
404 271
20 413
6 199
168 6
162 208
240 336
375 223
280 322
255 191
66 212
323 123
411 278
109 173
364 441
51 358
356 327
20 376
259 25
446 426
382 128
153 14
463 400
236 134
113 362
324 178
446 167
300 376
316 280
420 72
240 342
301 116
188 320
363 446
217 200
263 118
327 288
3 181
207 110
186 319
472 30
16 437
68 187
204 255
338 143
198 97
4 18
84 64
338 318
29 74
38 164
63 236
451 418
289 177
47 474
367 390
375 254
218 314
312 421
441 169
435 158
265 311
176 221
374 385
410 274
330 447
437 392
75 407
201 363
455 120
228 341
29 123
466 247
308 297
59 268
465 366
426 122
196 121
342 441
25 143
106 354
110 63
137 184
341 210
418 188
329 165
400 357
159 386
475 467
202 406
254 59
291 199
180 358
191 393
318 215
55 423
440 36
357 449
91 90
178 28
277 26
193 68
254 351
453 249
337 47
46 463
105 336
181 284
85 372
68 402
458 122
216 290
158 445
258 248
54 435
148 202
460 212
269 105
82 114
353 291
160 398
145 136
125 325
419 209
88 358
2 418
479 90
227 28
54 356
148 459
310 295
52 161
26 192
265 459
305 10
141 336
279 285
471 404
2 281
4 441
158 358
378 29
447 476
56 372
351 203
222 52
369 273
84 394
464 349
245 161
230 385
16 28
190 359
303 63
159 179
23 189
56 401
217 374
396 272
265 139
347 358
190 235
150 274
21 5
14 265
37 243
41 405
142 102
283 317
164 441
15 59
21 422
459 237
315 246
381 451
256 247
328 446
353 349
111 245
225 124
381 262
238 422
58 251
395 340
87 79
172 101
137 193
394 467
429 228
104 329
70 360
447 269
197 192
9 307
436 234
302 337
367 59
150 424
309 416
155 268
14 326
240 22
38 154
360 339
253 336
59 323
87 26
463 283
89 472
109 44
97 282
252 463
340 273
278 40
209 432
307 94
277 67
468 187
92 219
397 344
74 455
186 160
352 41
442 440
32 422
356 128
95 127
462 434
272 259
346 480
82 44
93 358
110 432
416 201
171 204
417 116
179 474
276 50
34 109
362 65
403 237
192 17
235 173
323 26
303 188
25 384
103 470
134 85
293 421
285 463
145 93
99 323
87 246
244 120
354 477
57 148
233 248
165 468
293 359
365 467
418 390
371 40
251 376
124 63
316 281
398 460
373 16
174 459
133 290
99 6
286 155
26 391
274 190
378 438
68 262
297 5
43 59
396 165
434 40
228 141
320 17
121 212
384 166
63 36
455 33
41 133
59 66
43 332
127 292
162 66
73 330
422 468
388 338
24 341
249 123
1 88
139 473
171 42
31 233
77 5
265 470
137 195
407 179
399 406
470 80
471 415
409 413
274 188
142 297
48 390
420 400
349 430
265 39
472 295
144 68
171 280
409 308
475 336
358 393
261 220
344 251
26 144
55 171
331 68
467 250
329 278
169 197
228 305
108 91
119 251
158 162
402 87
341 268
294 218
180 74
309 395
196 206
58 123
376 388
62 235
29 391
32 70
459 131
374 86
221 365
208 251
46 130
209 386
269 22
475 449
447 176
363 34
381 293
28 277
72 90
31 101