2
576
543 140
451 348
428 327
310 364
395 416
309 332
262 218
444 46
570 476
368 526
114 89
240 257
307 90
184 86
564 265
377 402
404 252
174 255
450 355
490 268
67 94
24 328
312 339
246 305
238 37
126 351
573 365
479 304
327 534
389 314
222 190
139 497
313 312
48 186
539 537
453 29
55 348
228 366
111 473
542 220
509 91
443 378
327 345
105 77
175 493
390 396
554 401
189 290
136 236
347 546
68 224
446 122
571 98
359 553
442 196
197 375
158 63
48 485
279 152
433 453
516 247
145 494
71 205
79 78
440 298
496 507
393 365
501 259
334 155
236 200
351 304
446 508
366 493
288 516
68 145
265 7
263 281
372 205
485 323
154 348
44 73
150 436
310 522
118 67
101 225
266 451
528 7
254 317
499 542
129 438
110 393
445 372
97 112
448 453
306 25
96 349
98 245
80 407
191 70
345 291
294 35
37 246
489 290
434 412
255 562
273 236
250 13
479 218
573 350
94 302
375 189
75 472
306 26
174 368
95 518
530 389
424 566
58 337
279 363
44 406
349 316
65 470
201 416
112 197
189 205
498 563
394 444
330 571
470 375
362 436
317 315
248 36
304 177
372 454
540 287
283 184
27 220
77 227
59 188
295 119
393 216
554 82
532 179
76 425
554 437
284 166
47 404
201 350
4 445
99 415
155 382
22 53
473 99
151 403
286 445
521 550
85 370
503 40
549 2
336 526
310 491
563 356
190 59
1 194
503 100
32 530
353 502
454 121
24 29
523 181
473 339
155 429
133 81
468 553
531 99
374 136
462 360
492 75
418 364
140 217
335 44
42 111
545 495
231 568
523 49
172 420
388 326
272 392
279 36
368 233
6 165
368 467
396 155
414 109
391 553
325 149
20 238
132 564
157 362
427 103
411 471
394 94
92 538
485 370
573 148
474 450
184 138
341 451
292 50
559 554
26 180
127 494
417 258
353 573
491 76
548 197
546 365
290 61
326 70
431 194
217 328
68 272
337 280
146 53
329 129
30 226
180 28
143 20
285 368
17 200
443 436
396 412
224 558
472 422
51 198
39 140
398 554
283 158
257 429
82 457
429 560
107 32
11 121
499 168
488 387
239 226
246 506
61 470
487 405
315 410
26 225
421 295
203 127
453 331
427 534
212 151
517 190
54 528
310 553
119 94
363 229
319 481
158 252
374 69
80 560
350 553
80 194
272 154
192 148
485 491
553 568
65 494
181 567
317 490
415 307
455 73
535 198
553 564
321 222
56 400
205 405
248 285
470 519
310 534
538 218
448 515
209 384
304 389
374 492
175 212
94 53
285 500
122 133
487 442
355 415
137 559
115 385
139 457
199 449
414 161
538 285
547 171
92 146
431 338
509 477
421 474
402 129
397 523
134 179
261 488
17 397
470 4
77 481
460 276
225 297
308 186
453 278
228 544
295 531
177 227
431 22
572 128
22 264
523 155
442 207
66 331
475 408
334 552
312 217
123 408
385 430
465 261
3 117
100 297
519 277
395 373
298 390
373 319
77 319
474 390
525 539
144 423
370 349
270 553
437 392
256 245
117 145
377 119
133 477
415 75
177 105
319 346
494 115
88 442
433 433
256 381
268 271
100 509
44 241
358 480
505 37
21 45
181 397
164 313
169 450
259 217
555 2
562 344
116 522
210 549
378 337
225 517
31 196
450 522
437 231
298 237
267 318
281 320
10 444
504 51
318 187
267 168
188 253
511 175
70 144
147 319
352 244
260 383
439 133
200 171
235 497
407 373
110 560
116 568
299 44
42 488
102 308
79 289
432 14
463 501
29 482
244 381
149 503
59 459
507 258
502 165
179 332
537 160
187 525
151 486
440 192
397 541
372 476
125 227
489 459
152 517
364 395
193 384
193 251
139 571
509 64
159 559
267 567
14 454
515 165
363 250
228 183
214 23
530 338
250 442
221 273
255 456
539 319
136 155
570 274
21 374
209 179
228 475
41 241
224 428
277 10
101 505
65 315
399 18
524 72
332 168
216 458
496 178
200 55
204 65
328 224
438 536
274 89
306 315
202 530
166 478
411 266
406 347
452 229
237 400
172 440
439 388
321 358
437 392
284 65
457 483
288 190
314 434
151 44
172 352
445 337
253 151
474 531
370 350
183 30
45 226
341 483
485 533
137 346
348 292
282 100
199 569
290 512
298 440
555 469
215 295
101 339
318 575
293 111
220 347
12 136
573 352
490 353
308 498
122 527
214 403
51 412
268 212
347 565
75 198
330 161
364 430
499 105
300 88
215 391
434 226
526 302
449 440
79 180
233 72
3 446
475 53
281 38
264 500
474 210
121 227
242 484
529 36
13 252
123 99
67 429
197 464
154 69
199 232
121 432
176 123
301 522
175 454
559 310
377 328
391 369
427 56
276 379
539 160
54 86
131 568
514 327
328 91
395 526
195 515
381 242
509 554
187 555
431 169
288 103
368 550
471 218
477 42
20 440
74 522
525 204
385 334
530 136
296 348
86 362
159 338
27 91
187 213
70 489
253 229
15 45
203 485
134 103
399 154
414 472
547 362
99 355
119 52
363 415
271 320
72 301
81 99
392 140
311 333
52 564
433 67
480 59
423 37
34 245
62 447
140 32
105 238
259 95
161 45
381 304
364 453
28 316
551 291
455 157
495 507
144 352
445 495
282 291
404 187
536 465
506 547
369 34
209 51
128 241
543 381
544 202
257 444
517 103
158 268
259 525
70 275
300 514
193 5
100 20
64 507
357 569
478 149
26 558
71 25
222 37
405 62
110 533
505 50
59 534
189 318
354 258
16 77
67 80
530 39
100 17
545 456
9 446
476 482
427 418
506 521
454 207
6 435
163 382
484 222
211 545
411 565
98 426
513 165
505 466
75 476
482 43
227 362
489 574
267 211
415 69
155 164
147 32
22 309
285 378
402 496
346 236
356 443
533 292
479 334
182 553
233 535
20 332
193 380
329 331
462 168
399 41
331 545
520 353
150 229
154 423
148 499
531 503
237 359
218 140
116 271
116 221
102 7
552 294
258 304
48 144
471 319
184 226
159 575
450 308
227 27
27 374
397 557
172 57
339 262
68 327
404 184
547 505
62 522
94 320
249 14
463 16
332 518
113 362
516 562
542 167
12 568
412 280
420 456
336 54
13 404
380 416
459 350
217 392
167 310
135 288
195 469
303 398
282 415
184 222
400 149
260 283
12 543
434 431
294 193
484 306
468 160
146 222
509 362
38 548
543 44
259 34
385 561
431 90
271 486
183 542
506 314
120 517
153 553
243 446
169 23
176 509
182 193
26 562
426 63
533 392
555 215
297 363
71 24
324 341
509 507
178 439
116 297
251 268
273 366
138 314
388 313
246 441
505 143
298 354
206 255
41 184
341 210
418 284
233 165
496 165
543 98
475 83
394 22
350 539
387 487
276 70
95 393
510 23
535 231
248 36
357 161
91 570
370 508
277 26
97 68
62 63
165 537
145 431
430 367
393 240
277 92
181 372
356 114
266 314
216 386
350 445
546 440
438 339
244 10
364 212
77 297
274 114
257 291
544 110
529 232
221 229
323 401
472 550
386 34
287 474
419 508
342 260
244 75
22 487
532 257
122 480
553 267
17 106
429 432
87 381
87 308
482 281
4 249
254 262
282 413
159 572
344 372
255 11
318 148
369 273
276 490
176 253
53 65
230 481
496 316
286 455
495 63
159 371
311 285
56 17
121 86
12 464
457 139
347 70
286 139
342 562
501 389
110 553
325 339
329 117
526 486
571 317
548 153
111 155
309 38
171 429
123 54
189 451
64 535
520 350
545 157
207 341
417 316
189 166
526 518
154 347
299 148
87 271
172 197
425 481
106 467
333 228
392 521
550 456
351 365
101 192
393 307
532 234
494 145
271 443
534 424
213 128
443 172
398 38
240 118
518 346
456 147
445 144
539 419
471 314
79 571
377 472
301 332
1 90
348 271
532 177
566 40
305 432
211 574
469 451
564 283
92 315
301 536
458 263
378 352
448 329
346 248
224 518
452 224
479 223
366 434
272 355
346 576
82 428
573 550
302 432
128 393
171 300
225 500
563 474
276 434
226 493
554 449
307 429
96 209
523 461
515 218
111 284
217 192
7 86
38 181
389 37
573 559
337 93
483 323
567 54
52 216
546 477
537 148
329 56
357 276
389 167
365 371
322 6
563 328
539 472
508 351
508 377
206 268
469 112
462 459
37 386
99 6
286 59
26 487
562 382
186 246
548 550
489 293
427 347
492 261
242 424
36 45
224 113
313 116
96 70
447 132
455 417
137 37
347 162
523 332
415 4
450 258
553 234
422 276
4 338
408 245
57 315
289 280
427 473
267 522
415 137
77 293
553 86
329 195
119 275
399 406
278 272
87 127
505 509
274 380
142 105
48 198
420 208
349 142
553 39
88 391
48 164
555 472
121 308
91 240
454 489
69 28
56 155
26 432
535 171
235 548
275 154
41 566
361 389
132 209
300 91
23 347
254 450
114 375
53 76
486 506
564 554
405 491
4 302
346 411
472 4
254 43
29 295
32 262
555 35
470 278
125 365
496 251
238 34
497 290
557 406
91 545
255 368
459 130
93 101
412 565
552 90
31 5