2
64
42 40
42 62
34 22
13 35
57 4
6 30
27 41
33 6
35 6
8 18
4 32
50 32
48 5
15 54
14 6
62 55
45 40
53 14
61 1
48 54
4 53
19 30
30 51
35 64
57 43
17 60
10 3
27 58
7 41
47 20
47 44
11 27
19 63
41 16
63 24
5 2
13 23
31 42
9 2
41 1
44 57
60 53
59 22
46 1
63 28
21 45
8 31
7 26
29 47
41 27
7 45
28 19
3 58
60 12
59 36
12 38
28 8
27 23
29 8
23 27
36 43
7 43
9 14
4 37
60 45
63 2
25 26
20 28
20 15
39 14
50 50
52 14
57 14
36 22
21 58
48 56
37 55
34 45
4 38
18 63
18 16
1 42
42 20
5 61
35 43
10 20
29 61
33 21
10 4
42 31
62 26
22 34
16 56
14 19
29 31
17 46
47 17
23 24
37 28
20 7
6 29
26 34
26 59
55 35
62 32
1 59
57 23
28 8
14 42
26 42
8 43
23 54
59 45
13 31
8 32
37 14
61 63
47 22
57 37
56 54
5 57
49 61
15 12
5 28
53 30
5 61
8 27
50 3
7 63
33 15
30 6
28 26
4 10
47 60
47 39
49 51
31 33
47 45
45 51
8 33
17 12
29 24
38 15
26 44
13 59
58 42
64 21
4 3
31 50
62 13
24 46
63 54
15 45
34 59
32 41
27 48
52 56
7 25
6 33
5 18
27 62
59 26
19 62
28 49
48 25
61 7
6 59
61 20
39 30
14 6
7 41
53 58
32 60
19 37
28 23
54 54
20 48
15 38
46 42
22 29
2 18
35 7
12 31
27 51
61 40
56 3
16 45
60 47
40 14
19 3
36 8
56 56
56 6
29 37
47 51
1 48
4 35
54 16
2 16
2 62
56 57
64 7
37 59
54 12
9 8
14 44
16 5
35 7
10 64
43 56
50 43
39 53
13 29
4 14
44 5
11 35
62 10
42 34
5 31
46 13
38 59
56 53
64 27
59 9
26 37
1 11
15 39
63 28
3 3
41 47
7 52
17 4
61 58
38 1
24 19
13 62
13 5
50 12
31 45
21 56
17 21
2 32
59 64
59 62
2 35
44 9
22 60
12 19
54 49
19 13
3 32
10 16
36 60
27 2
40 47
57 56
3 58
23 62
57 17
59 59
52 38
3 9
33 14
27 22
63 46
35 1
13 44
16 48
39 43
49 14
25 41
6 28
34 28
25 26
45 19
20 32
56 22
40 24
36 3
46 34
48 16
34 60
59 50
43 34
28 27
47 52
3 52
15 36
16 39
61 60
57 17
27 48
38 2
8 9
4 53
42 51
4 12
46 62
61 24
31 24
50 14
11 52
1 26
23 16
64 20
11 57
36 37
40 9
39 47
18 42
35 59
29 38
6 10
36 2
34 2
25 19
15 36
7 16
61 29
31 60
48 42
52 19
14 28
28 52
10 45
30 45
39 58
18 45
3 53
46 36
55 7
55 5
42 61
20 38
25 51
33 9
28 21
27 41
48 54
29 57
34 58
37 9
51 55
53 53
43 34
25 33
40 15
38 17
11 57
54 35
43 23
43 6
43 6
47 26
59 11
18 29
4 55
37 54
45 25
42 23
58 2
56 34
16 29
50 26
21 40
61 64
62 39
5 40
44 51
1 39
61 18
3 64
8 39
53 52
63 31
11 56
32 2
25 48
30 11
9 50
50 5
49 47
44 54
22 23
40 22
61 37
39 63
36 47
37 25
34 35
55 44
27 22
45 51
5 10
61 14
60 46
18 44
28 61
33 49
20 9
6 16
45 45
15 16
27 51
40 60
22 30
40 48
52 20
34 56
30 31
5 25
12 23
4 40
19 37
24 38
45 30
54 25
10 4
40 36
54 16
31 11
45 6
58 32
26 28
24 55
58 28
15 5
50 18
44 5
54 4
42 34
33 31
58 42
34 34
13 24
49 43
34 29
49 28
61 10
55 20
64 48
47 14
52 33
31 32
37 21
35 14
54 3
45 48
44 14
17 56
37 1
34 7
29 18
34 25
27 24
44 26
7 27
39 58
59 6
25 31
26 59
44 15
61 24
62 40
38 14
31 10
14 1
16 43
18 49
3 45
8 47
6 14
9 45
8 3
50 32
33 11
27 12
25 23
36 23
63 9
36 29
18 50
29 34
28 47
18 30
27 26
12 32
39 20
12 46
22 61
14 54
7 40
2 32
62 37
54 60
45 25
25 62
10 53
31 37
35 49
3 61
10 14
29 48
34 40
30 55
37 43
45 43
18 46
10 15
18 63
11 62
24 35
59 33
23 26
6 58
10 8
54 19
21 18
2 54
58 31
45 30
9 25
8 26
6 18
41 23
16 51
20 39
21 14
8 43
39 13
36 48
20 26
2 40
43 4
30 36
34 10
1 43
34 9
4 39
26 44
61 41
30 16
16 50
29 23
29 4
35 64
51 54
25 53
29 4
56 58
39 25
3 40
3 36
48 7
10 9
50 6
49 16
21 64
1 50
22 29
53 56
29 39
45 53
27 10
56 18
3 31
43 6
6 45
41 53
51 51
61 37
56 45
52 13
45 52
62 2
17 50
58 45
24 38
33 51
47 25
4 50
55 46
55 60
27 31
48 13
17 44
49 9
24 36
21 4
24 18
6 40
3 63
20 26
36 52
12 19
12 16
4 2
61 58
61 23
24 44
36 41
23 20
49 47
56 5
50 15
22 55
54 24
53 9
49 25
60 61
43 8
12 46
9 8
39 6
31 62
49 2
38 8
21 22
54 12
26 39
26 47
30 15
6 18
23 55
42 19
51 20
26 62
1 34
5 39
39 35
37 24
36 10
31 57
32 20
4 57
58 30
40 23
44 45
41 3
35 18
21 21
38 46
18 38
15 23
13 54
57 49
13 29
58 43
21 25
62 24
18 55
53 57
14 33
37 54
35 8
7 55
28 44
36 46
18 50
4 30
39 60
14 51
24 7
29 44
32 26
4 49
17 56
41 30
24 13
19 58
20 25
48 48
5 19
29 22
5 32
51 43
27 64
30 51
6 58
30 37
20 33
21 36
25 61
1 48
10 19
42 29
43 25
12 47
44 40
4 48
7 54
26 34
53 55
20 59
49 49
31 4
18 52
39 42
48 39
25 57
57 2
22 35
27 33
18 6
9 21
53 15
11 14
48 63
5 3
57 53
52 24
56 5
11 30
46 58
4 6
51 60
8 8
30 34
40 47
39 48
4 27
63 14
40 46
12 44
49 5
32 36
28 23
40 38
52 21
31 55
26 17
50 33
24 16
2 64
62 40
47 1
2 45
14 42
27 26
21 11
30 53
46 57
11 21
30 63
41 60
53 2
13 39
35 36
54 36
35 51
12 18
52 13
62 1
54 24
26 11
34 55
63 15
47 9
35 12
7 11
8 60
13 20
34 47
55 23
18 26
9 29
43 60
42 40
61 31
64 22
41 33
13 39
48 59
48 18
7 54
29 14
49 41
33 18
23 23
40 40
48 49
5 26
44 46
2 40
12 1
62 53
33 10
27 16
4 10
34 10
64 62
23 48
38 55
2 60
14 41
35 61
25 39
23 5
20 24
44 32
24 41
20 56
50 46
8 54
56 41
63 55
38 22
38 11
12 39
6 25
16 40
22 40
15 44
44 34
3 24
1 26
64 20
17 50
2 24
39 57
64 37
47 37
58 20
47 6
59 52
30 10
28 51
49 42
30 29
11 32
52 12
57 51
31 10
36 32
33 10
24 33
47 6
5 40
26 52
45 20
39 11
29 2
61 13
43 27
41 54
58 28
1 51
15 31
60 50
63 28
60 22
60 42
28 1
17 53
52 62
8 26
8 36
28 4
48 6
30 25
59 24
52 59
10 2
26 5
52 24
32 47
45 28
24 8
28 40
60 15
37 3
40 44
38 3
48 22
9 13
46 3
36 33
62 45
35 23
49 22
46 17
4 26
44 27
34 7
2 29
21 39
32 60
18 5
63 1
26 7
14 7
9 49
40 6
30 10
28 14
31 9
30 34
35 9
60 4
15 61
32 35
35 63
31 53
4 29
53 29
35 2
36 43
51 11
49 16
20 12
29 50
21 59
19 55
3 14
58 18
10 25
52 45
24 18
33 27
46 21
55 16
23 26
59 9
36 43
24 55
54 52
40 10
46 58
64 49
7 57
2 17
18 53
61 41
7 29
3 52
49 57
4 7
19 62
15 54
40 38
45 29
26 20
39 7
14 38
55 20
31 56
36 48
45 32
24 51
60 26
38 45
18 41
51 36
38 2
26 13
39 6
42 64
25 16
7 38
53 61
58 19
53 29
2 33
61 25
19 56
50 56
36 4
33 23
39 6
24 64
19 62
5 60
62 30
11 4
3 63
64 60
18 52
25 19
20 21
44 38
12 29
30 48
32 62
6 7
3 29
6 21
26 11
16 23
40 26
26 42
25 26
38 42
13 62
60 33
18 39
6 29
4 35
12 35
32 17
41 35
45 47
55 7
57 7
29 32
32 55
9 56
16 46
33 28
43 29
60 60
3 2
25 6
36 36
41 4
53 17
38 33
63 28
39 55
34 4
22 2
58 31
57 9
12 26
36 55