2
672
543 620
451 156
428 327
118 172
395 320
117 332
358 602
444 622
186 92
176 430
114 665
48 353
115 282
376 278
276 73
89 18
20 540
174 447
66 163
490 460
355 478
120 40
408 435
534 593
526 37
222 639
573 269
191 16
423 438
293 26
510 382
43 401
121 216
48 186
251 537
645 605
343 636
516 78
399 377
542 124
413 91
635 186
231 153
201 653
463 493
6 300
74 593
573 194
136 620
251 258
356 224
62 26
187 578
647 457
154 388
581 567
350 543
624 581
567 152
433 357
516 439
529 590
359 301
655 366
248 106
496 603
201 557
501 259
334 347
44 488
63 496
254 412
366 205
192 132
356 625
361 199
263 89
660 493
389 515
58 636
620 553
438 148
310 138
406 643
485 321
458 547
144 583
158 509
115 350
513 342
302 201
541 564
289 400
256 549
114 313
384 61
194 149
80 503
287 358
345 99
6 131
517 150
585 2
530 28
351 370
369 524
442 109
287 602
381 542
478 494
183 189
555 376
210 506
78 368
191 422
338 197
424 182
346 337
183 75
236 406
445 604
257 86
585 416
16 293
285 493
114 467
10 540
42 91
374 663
458 436
413 123
632 36
304 177
372 358
252 479
91 568
411 220
653 323
635 668
487 119
489 600
458 370
340 371
460 41
362 245
476 646
239 308
9 542
484 253
99 607
59 190
502 341
281 483
535 115
478 349
233 166
277 562
407 616
261 194
528 622
310 203
467 548
382 347
289 194
599 388
128 530
449 502
70 601
312 605
43 661
281 147
155 429
37 561
372 169
627 99
662 136
174 456
12 555
130 172
620 601
431 620
330 207
449 399
135 88
331 49
76 612
196 230
368 104
663 612
272 617
582 261
80 83
588 635
510 589
7 457
517 437
404 46
516 180
445 650
139 103
27 87
586 94
188 154
197 178
93 340
666 546
472 618
629 259
580 338
175 458
122 564
223 398
609 66
449 381
587 460
356 485
546 269
578 61
422 646
239 386
313 232
260 656
49 88
242 629
425 417
414 418
180 508
143 116
573 464
497 488
251 52
300 124
320 78
184 614
51 294
327 236
398 458
91 446
545 333
274 169
621 560
587 128
395 601
115 168
392 483
527 514
534 26
637 182
103 21
123 26
314 321
133 583
107 223
357 523
427 630
20 247
517 478
246 240
406 361
407 670
171 133
511 577
158 348
86 261
368 80
158 553
272 290
464 250
384 148
101 11
649 664
257 494
469 375
605 202
607 211
71 649
343 582
553 372
129 510
632 496
589 117
248 189
278 39
310 534
58 410
544 35
401 672
400 197
374 204
271 308
286 341
285 500
122 37
199 250
547 31
617 463
19 193
523 169
103 161
30 161
442 573
67 171
572 338
239 146
413 381
325 570
594 609
397 43
518 467
165 392
497 109
182 388
173 577
556 276
609 585
308 378
357 374
420 256
583 531
273 323
239 598
92 32
406 360
619 251
154 111
642 523
91 24
238 264
600 121
411 408
577 46
657 261
291 405
388 201
135 661
395 373
586 486
277 319
173 223
570 198
333 539
48 423
562 157
558 361
149 296
640 53
213 625
185 503
229 573
31 363
561 297
607 346
110 211
664 154
433 433
352 93
172 271
388 605
428 145
166 576
313 133
501 525
85 13
356 313
457 258
547 217
555 482
562 536
20 426
18 453
186 241
417 229
511 4
162 138
149 327
586 333
459 414
185 416
298 540
600 627
126 475
171 552
284 61
415 175
358 432
627 415
544 244
644 383
247 133
392 267
331 305
599 661
590 656
404 88
395 332
42 392
6 212
271 289
144 14
463 501
317 290
244 189
533 215
443 651
219 162
118 549
467 44
537 256
571 141
343 294
344 384
13 349
468 284
509 611
297 171
440 613
460 11
1 192
97 443
43 187
605 160
63 271
75 471
398 646
611 69
267 154
324 279
502 119
434 338
58 58
509 369
543 168
251 415
232 347
186 274
405 662
305 467
132 379
137 529
224 620
469 490
101 121
641 603
111 402
140 168
332 648
408 74
16 658
488 247
204 545
520 608
534 152
274 665
402 411
394 626
358 190
315 458
310 155
260 421
429 400
460 632
247 196
33 262
53 392
380 257
265 99
192 670
122 338
535 524
76 256
349 433
445 535
90 627
562 350
375 318
621 34
149 195
101 53
329 154
444 580
282 580
7 473
578 128
10 440
651 85
23 199
389 339
606 479
293 495
28 539
12 520
573 160
586 545
212 114
26 527
22 307
435 28
652 212
155 661
651 6
618 545
76 334
211 9
12 376
503 583
242 514
430 14
545 344
559 84
329 456
483 350
91 245
377 614
456 404
474 306
409 419
50 484
625 132
493 636
507 195
547 621
581 176
634 453
391 520
409 48
176 219
397 138
463 646
79 118
377 424
295 657
43 344
468 667
347 160
630 182
227 376
130 135
424 91
587 142
483 323
189 530
413 458
667 75
431 73
192 7
368 358
663 410
573 330
404 248
362 234
429 588
481 430
50 232
392 636
374 74
159 434
603 571
91 597
646 393
541 37
399 237
395 389
518 295
591 250
414 280
355 170
195 163
599 244
267 319
79 512
264 109
273 195
8 236
119 525
628 660
433 355
96 155
615 613
322 533
62 63
140 416
105 334
451 575
449 45
93 400
556 357
508 28
551 387
263 541
111 219
528 544
445 495
570 387
308 91
248 369
26 259
657 130
593 435
32 241
351 669
640 106
353 348
133 103
62 268
643 45
358 371
588 130
193 485
388 500
448 507
69 473
94 53
602 558
359 505
126 37
501 638
14 53
313 146
155 246
285 126
162 642
496 77
643 560
434 231
388 209
65 456
9 158
380 482
43 610
314 41
646 15
6 531
67 190
4 222
307 161
219 469
2 42
417 645
601 178
75 188
386 139
515 266
297 94
75 211
31 261
251 548
147 128
406 213
189 282
306 496
442 524
164 443
437 580
287 238
86 361
425 343
500 140
481 668
233 427
78 264
15 329
139 161
328 545
246 517
154 423
340 595
147 503
237 455
410 524
20 367
212 317
582 583
456 390
450 16
144 528
279 31
184 418
63 383
162 308
227 315
603 566
109 77
268 345
531 550
68 423
116 280
67 25
62 522
286 512
537 302
367 16
332 422
305 266
132 466
446 359
108 376
124 88
324 264
432 54
13 500
476 128
651 542
25 584
263 310
423 672
483 661
15 14
282 319
280 414
112 53
644 91
300 639
50 623
102 481
4 114
180 352
242 30
221 266
614 356
447 236
355 130
97 369
143 378
559 294
663 542
218 506
504 517
345 553
339 446
361 215
560 413
566 1
314 658
138 255
341 584
363 23
585 459
263 600
36 149
221 27
562 439
404 393
155 76
273 366
522 506
580 409
246 345
409 431
202 546
14 543
329 376
437 114
34 572
41 69
592 261
639 482
571 371
202 598
446 347
291 295
180 70
575 297
414 311
55 615
56 612
357 257
187 666
370 220
565 410
289 356
542 255
165 441
625 239
238 271
585 528
565 92
469 468
260 210
650 314
24 578
254 253
162 440
246 531
532 10
268 20
365 9
274 402
449 99
640 14
241 424
413 133
515 209
472 646
290 322
287 186
227 412
438 260
52 555
118 583
436 257
602 672
265 75
401 586
45 240
471 285
663 212
290 377
292 633
350 454
282 509
639 380
248 276
639 299
30 628
81 465
84 10
464 349
629 65
134 1
304 604
286 167
15 447
543 179
407 93
632 17
601 470
396 176
73 235
347 646
190 427
438 274
309 101
494 265
37 627
137 213
430 294
379 317
68 249
495 347
213 326
363 141
123 630
189 67
64 535
40 254
161 349
399 341
321 220
477 358
46 614
442 347
107 148
663 175
268 485
521 481
10 83
621 132
584 137
70 648
543 653
101 576
201 499
244 522
590 49
79 635
534 520
309 512
539 172
14 134
528 406
614 538
360 435
541 144
443 611
663 314
463 91
89 664
589 332
385 378
252 463
340 657
182 520
497 48
19 382
181 547
660 667
284 219
301 152
362 71
90 352
256 425
442 344
416 230
548 128
479 127
462 146
656 643
538 480
562 428
189 70
302 48
608 585
267 108
609 500
179 570
180 434
322 493
650 65
595 525
192 401
523 653
419 506
495 284
313 384
583 374
326 85
293 133
669 559
241 477
387 419
375 438
52 24
258 573
633 52
425 152
453 276
5 71
653 371
226 294
83 136
539 280
220 159
412 89
590 652
565 304
270 267
613 194
291 198
94 251
122 391
274 574
666 150
644 646
393 197
139 347
204 549
626 424
36 237
512 497
217 404
672 358
543 612
551 33
137 517
155 258
235 428
31 100
450 546
73 42
614 84
388 146
504 341
441 411
577 280
235 665
555 234
223 425
173 101
457 182
617 483
311 179
111 214
278 560
87 223
601 29
178 188
46 9
528 486
420 304
637 526
169 519
88 391
144 260
363 472
313 308
283 624
358 393
165 508
152 251
602 624
151 651
139 68
659 538
425 278
169 389
132 209
108 91
599 251
350 162
594 663
341 76
486 26
468 650
405 491
100 206
442 123
184 580
62 43
317 487
320 358
75 323
566 182
413 365
304 635
526 226
497 194
173 310
91 641
159 368
459 130
573 101
124 85
552 186
127 197