2
704
223 396
67 284
300 519
438 172
203 32
53 12
326 346
380 494
506 604
176 462
306 409
112 129
243 90
56 22
692 137
505 274
532 572
558 127
450 355
362 652
451 478
664 72
120 403
630 625
302 101
446 607
573 557
95 112
7 214
133 698
350 638
267 241
569 120
432 314
539 89
261 285
567 284
420 686
687 345
670 348
445 411
315 378
327 409
489 333
687 621
326 332
618 657
637 482
72 364
155 674
516 416
318 378
699 34
423 41
442 452
389 183
222 703
624 549
471 408
241 453
388 567
145 302
519 141
143 654
504 362
688 315
137 301
53 195
398 539
236 136
287 688
382 508
686 301
416 516
4 657
329 391
583 537
52 461
677 259
474 476
620 457
150 52
118 266
246 515
101 545
650 387
528 391
254 509
691 670
385 54
622 9
445 500
545 560
320 581
178 89
416 93
546 565
208 663
127 518
537 227
358 483
677 182
233 226
50 220
191 434
273 172
506 77
31 410
701 350
286 174
439 701
267 280
626 538
302 112
351 134
402 5
680 374
186 209
599 299
492 150
29 60
321 598
201 416
304 197
61 589
370 499
586 700
138 571
534 503
682 244
637 379
248 676
48 497
180 6
92 31
155 184
91 540
77 291
251 380
551 375
265 216
234 210
276 435
76 105
234 53
348 230
495 660
201 542
452 445
611 607
475 62
86 629
665 163
279 275
542 125
649 166
341 242
439 616
677 514
80 206
630 491
499 420
510 59
321 258
503 228
160 338
353 310
326 377
472 605
651 373
25 659
539 429
197 273
340 233
147 483
502 136
334 296
556 139
354 236
460 217
527 684
618 175
289 239
551 56
139 561
428 164
516 262
592 72
599 292
304 41
134 101
176 467
460 91
670 173
391 425
389 213
404 366
452 692
605 298
107 39
155 599
266 30
220 218
101 114
509 468
218 2
632 458
469 451
548 498
623 298
218 372
511 686
33 258
33 637
619 204
36 133
98 301
162 317
518 326
431 386
89 648
388 80
465 216
530 309
9 449
606 290
180 476
271 212
29 368
145 648
571 244
76 668
544 302
280 422
627 70
103 76
78 554
219 542
65 45
210 137
557 176
427 32
651 57
307 40
424 515
47 354
54 186
317 598
487 661
315 474
26 481
613 167
331 127
5 459
235 214
596 151
389 382
246 336
438 553
375 222
363 485
575 481
670 252
374 453
208 48
286 297
592 194
464 282
384 468
37 683
41 696
129 430
373 439
125 106
351 563
391 73
343 262
553 372
577 286
120 80
333 405
440 221
662 199
566 406
26 602
384 67
593 576
560 261
310 44
431 660
670 117
29 372
442 645
39 314
227 223
457 559
691 193
139 9
455 1
414 481
666 93
611 555
668 530
175 338
637 669
357 666
146 385
333 587
390 435
261 616
657 13
470 4
269 673
12 20
33 425
564 698
581 470
612 544
359 147
241 291
111 598
316 320
342 8
267 27
442 527
642 459
603 472
462 168
440 473
251 536
257 110
593 133
643 501
36 297
7 277
651 117
170 262
501 511
269 63
538 70
589 475
528 487
242 349
14 41
181 264
640 437
437 529
633 375
389 669
671 395
241 681
575 474
238 371
280 570
433 177
640 317
12 527
164 317
172 241
422 352
569 357
149 301
181 77
676 569
105 2
323 409
683 194
178 280
564 522
146 293
698 145
673 69
671 196
386 202
437 103
618 365
459 62
665 704
202 636
632 371
638 251
75 680
444 253
255 367
134 400
659 191
608 692
260 575
183 645
136 683
107 49
343 629
174 368
628 440
363 556
106 360
166 180
335 609
496 590
271 629
349 290
116 253
277 375
187 523
379 322
566 485
371 204
409 608
635 397
343 294
312 448
653 477
692 284
445 483
169 75
408 517
364 523
129 704
257 315
587 699
637 448
479 367
11 247
334 646
643 677
235 314
484 183
86 471
530 530
250 698
605 17
575 328
603 63
392 155
378 274
213 374
81 691
100 91
297 433
96 300
469 330
613 249
577 699
79 402
588 328
460 488
408 394
176 306
456 567
524 193
136 32
566 216
82 665
370 379
458 466
678 222
155 586
470 91
644 549
557 528
236 376
375 644
65 550
309 584
476 129
73 675
160 702
250 306
23 620
684 480
445 657
701 663
602 531
114 542
375 670
429 674
405 99
677 533
9 282
412 548
474 548
519 633
546 64
298 568
683 277
343 487
293 403
510 191
229 623
92 667
652 584
637 352
42 673
180 114
250 655
662 19
499 476
12 404
539 309
267 582
650 673
428 238
371 233
492 664
151 647
626 98
526 622
513 568
591 692
41 200
3 702
219 501
473 294
200 372
666 530
249 611
562 676
209 292
205 700
251 419
643 237
581 528
154 389
455 40
441 496
304 443
493 586
239 326
175 502
697 200
391 305
171 248
276 379
603 544
374 150
323 376
386 199
264 539
587 14
643 323
509 306
125 362
187 427
687 361
224 39
624 678
343 90
285 682
468 184
586 202
333 204
641 78
402 200
680 284
214 682
671 82
283 91
507 469
518 553
189 101
591 109
75 229
262 359
271 26
606 152
291 234
355 227
311 52
491 287
399 64
328 429
145 611
520 12
375 397
564 564
561 451
32 635
39 293
354 309
382 255
460 672
553 110
259 223
225 45
573 688
108 197
412 316
103 291
327 541
47 187
400 608
701 495
602 35
148 315
344 529
634 163
561 482
273 115
704 561
223 637
544 394
129 316
5 295
606 396
131 13
646 595
620 642
385 517
36 532
192 443
421 121
606 277
602 238
455 665
94 677
597 702
430 85
313 434
379 278
189 510
354 130
400 269
131 144
146 231
676 337
673 392
457 574
28 418
107 546
378 265
518 335
262 307
419 638
36 94
275 289
667 629
482 362
257 613
505 402
203 540
34 171
291 554
41 382
267 211
223 5
475 100
403 96
406 117
93 506
274 368
90 236
356 571
661 612
543 526
310 41
361 407
212 12
321 316
393 651
590 616
655 361
11 353
520 417
534 613
218 167
276 307
467 631
237 487
538 76
308 207
116 29
678 391
40 294
66 432
240 656
343 255
312 354
671 191
130 500
99 347
27 374
13 493
364 249
275 262
388 647
532 504
675 505
254 10
158 320
441 462
271 144
12 646
561 42
132 690
606 231
332 632
668 408
484 392
656 118
13 340
60 544
203 30
409 520
103 566
135 608
387 469
47 462
474 607
504 606
592 405
196 283
396 223
50 175
678 1
292 690
404 416
530 670
445 234
486 612
159 684
515 610
513 561
367 282
527 230
247 478
698 506
120 389
89 169
627 62
169 279
48 637
694 641
666 498
234 447
405 392
491 215
361 299
135 88
644 661
317 187
498 311
52 617
59 140
81 46
202 314
324 249
246 377
185 271
234 418
14 639
169 504
213 594
162 412
681 101
432 293
351 226
667 403
138 86
542 283
131 39
596 518
351 201
190 535
471 423
312 548
421 545
411 698
434 572
405 410
673 196
62 319
421 25
17 623
174 623
201 304
661 92
181 308
356 370
202 122
152 578
670 637
418 376
630 147
308 394
556 340
589 681
658 370
1 35
288 174
17 552
541 677
643 17
344 358
450 610
479 666
483 508
598 260
244 587
406 551
340 321
186 288
297 203
657 362
301 304
599 317
151 436
354 153
516 57
510 326
666 349
287 508
152 244
63 395
190 532
305 529
212 490
112 509
53 129
230 353
432 124
670 647
623 383
95 499
439 669
120 401
313 470
204 464
9 331
219 262
158 523
86 370
373 261
238 425
453 467
137 245
654 166
187 637
548 281
431 347
309 614
43 621
379 310
445 451
704 663
8 158
545 157
591 277
481 124
61 230
654 198
538 667
427 20
599 271
364 325
617 673
298 19
589 676
392 329
486 392
351 557
613 256
73 499
532 554
686 593
143 635
150 680
597 640
59 556
206 422
240 182
390 538
264 339
573 16
27 355
471 378
271 379
697 344
173 524
257 218
476 399
148 689
438 104
625 496
659 190
213 195
436 667
92 59
365 664
74 391
314 544
128 649
218 120
288 454
4 544
31 479
302 178
528 35
346 448
594 364
637 102
558 432
128 649
491 556
673 628
243 346
468 370
290 45
554 577
563 557
416 593
395 13
131 218
111 476
665 704
199 662
166 117
453 357
61 239
209 93
163 451
439 694
180 24
34 93
665 660
649 376
549 340
453 39
621 627
578 582
627 72
603 152
188 351
508 313
654 12
405 112
526 139
165 66
163 198
158 123
218 167
562 62
506 374
100 422
361 677
363 347
108 325
498 296
676 365
608 689
377 308
160 262
511 324
327 33
521 549
219 34
11 76
159 580
514 322
297 234
358 20
580 466
408 373
121 443
33 24
427 473
395 586
95 201
205 421
233 86
265 515
183 275
655 406
150 464
23 511
697 381
594 636
206 297
304 326
36 400
413 526
233 103
408 327
368 612
107 664
57 372
475 240
6 425
645 220
248 667
90 304
407 43
235 676
339 602
361 438
297 69
260 593
236 27
215 603
638 386
626 695
117 460
294 122
180 234
405 491
260 558
90 27
600 324
62 299
285 423
32 646
555 355
534 86
381 109
48 379
494 674
433 610
493 22
91 673
319 560
459 642
413 613
28 309
296 90
607 581