2
736
447 268
227 508
300 551
342 652
171 224
373 12
678 378
604 686
634 540
304 718
434 25
112 513
723 410
88 374
340 457
25 274
724 252
46 287
290 611
426 460
323 286
472 264
664 563
438 561
366 5
30 63
253 141
63 240
39 374
613 378
94 638
651 305
377 696
80 666
59 505
389 381
55 348
132 718
175 569
30 28
573 59
315 314
423 377
553 461
239 429
102 332
554 241
125 194
200 204
347 482
196 736
350 250
347 482
455 9
538 708
37 375
254 351
176 677
215 728
625 453
644 727
273 462
231 621
143 654
88 714
624 283
201 237
21 35
206 699
44 8
671 304
606 188
654 45
352 356
36 241
297 679
455 57
628 173
677 259
314 28
236 201
534 436
662 42
470 131
5 1
138 675
304 231
350 221
275 702
65 534
206 361
477 660
417 592
320 581
338 633
96 573
98 629
496 23
671 454
377 675
454 515
101 22
233 450
466 508
415 530
305 108
378 269
255 282
349 574
126 686
471 221
523 568
338 506
78 496
223 454
658 677
456 22
698 689
471 651
684 374
445 252
481 310
9 224
592 357
61 717
306 531
202 316
586 27
86 151
522 532
605 443
472 548
464 657
500 422
572 671
59 504
187 28
77 195
251 668
39 535
649 344
554 338
148 627
364 233
42 149
28 134
79 724
681 542
644 669
451 703
603 510
470 277
25 547
695 499
478 733
297 614
341 338
439 488
229 66
208 270
438 459
627 516
670 59
545 578
727 260
544 82
257 502
582 505
312 541
267 277
537 51
155 365
389 593
116 105
147 547
598 72
494 488
588 427
546 620
492 25
367 524
330 623
289 175
391 600
715 145
140 516
196 294
144 72
375 484
176 521
518 37
592 275
12 667
190 45
39 681
69 405
468 622
516 20
61 170
107 39
315 471
42 734
252 410
69 626
157 468
634 162
728 714
437 227
644 114
271 170
58 564
575 14
449 354
257 509
11 588
36 549
322 77
546 573
486 102
463 130
569 360
292 48
561 216
274 469
329 545
638 610
596 700
623 308
317 368
81 328
219 340
140 540
416 174
376 390
275 326
519 332
174 298
603 734
513 141
690 329
173 80
203 32
43 313
563 584
680 131
399 386
470 26
189 150
199 53
539 698
378 545
517 39
107 383
37 107
11 726
436 407
69 126
662 112
438 489
695 606
619 581
255 577
606 668
726 69
720 16
254 585
48 34
624 378
640 660
485 139
137 408
545 206
533 695
541 234
671 723
327 41
567 582
617 660
1 94
728 720
109 245
56 157
502 679
22 630
90 506
32 227
177 64
656 709
22 684
431 692
158 21
733 212
90 101
135 90
195 351
297 303
83 353
683 73
519 705
702 609
698 733
323 139
60 466
335 306
637 253
485 282
498 481
493 587
70 115
165 264
465 461
566 36
301 1
108 84
193 73
180 154
293 502
516 352
455 339
145 355
591 630
124 576
598 104
651 667
218 79
194 171
27 248
206 328
248 313
635 664
609 78
305 165
67 85
4 521
647 149
363 501
42 486
565 639
589 479
570 294
557 27
464 583
274 157
398 9
693 296
160 565
597 465
217 663
37 221
447 683
369 297
671 634
46 499
536 122
241 593
416 61
108 367
132 605
524 17
102 480
537 261
533 397
725 13
324 25
457 258
195 313
555 130
210 88
628 234
210 133
90 113
417 421
479 36
290 490
53 391
458 77
651 254
473 128
490 60
376 435
318 571
11 360
700 221
447 79
678 656
211 255
256 116
676 735
151 229
712 427
107 433
503 245
174 464
372 152
11 12
586 552
70 596
175 33
304 622
111 245
29 546
500 285
661 439
507 299
155 482
214 261
179 716
505 576
667 365
727 678
600 576
493 669
660 668
189 227
553 523
472 581
332 235
353 480
161 123
267 539
605 480
63 271
683 55
334 614
419 325
555 506
388 311
438 311
466 626
538 282
413 497
351 232
219 191
200 379
314 466
405 406
433 467
164 379
9 497
480 652
309 298
421 697
97 123
495 562
236 296
332 648
280 170
368 498
360 567
364 161
296 32
566 728
722 729
594 731
714 338
646 286
123 330
246 443
676 5
493 176
524 312
311 68
481 678
53 328
732 417
489 515
448 542
730 658
23 588
652 736
413 561
285 23
378 19
690 318
23 446
717 34
245 291
325 213
457 378
540 676
282 516
455 729
322 448
138 344
299 53
343 199
101 115
446 479
133 399
284 379
332 488
413 576
266 225
52 210
602 79
150 147
595 604
364 404
315 501
11 102
42 577
524 142
691 233
108 312
631 615
690 226
366 590
289 632
79 340
329 168
643 478
315 501
345 166
168 148
154 402
249 195
466 36
561 644
269 668
219 387
547 397
101 400
250 389
519 328
217 112
720 123
589 522
623 422
687 278
569 328
167 305
11 632
340 571
27 96
502 246
707 536
642 71
424 155
459 206
707 675
317 178
285 394
699 395
79 649
672 135
464 326
439 474
445 266
308 472
586 298
717 556
321 110
626 8
488 348
214 682
511 18
123 59
635 85
454 201
221 613
335 685
203 37
646 647
527 218
606 376
3 586
195 323
695 84
555 447
655 256
616 653
273 3
712 396
87 653
596 308
17 195
480 219
455 389
354 245
94 223
620 96
297 78
643 479
385 461
413 528
716 293
444 476
295 643
135 605
47 731
176 64
413 143
506 131
20 347
376 113
58 483
433 354
561 339
96 433
287 733
224 490
289 156
229 71
62 588
675 333
70 339
396 482
481 165
100 500
736 699
101 57
446 533
410 494
359 729
190 645
725 638
622 501
57 114
571 342
189 510
162 258
112 557
227 80
210 551
580 209
513 680
265 222
700 162
715 546
154 393
454 367
294 563
131 574
676 702
403 353
699 565
98 74
609 325
153 82
363 220
290 139
387 42
361 574
203 563
383 581
219 324
435 736
150 565
61 314
18 464
666 716
516 27
277 388
575 654
470 201
137 247
340 12
513 188
585 203
238 232
47 457
555 481
680 705
534 5
282 39
468 211
243 247
461 7
634 300
660 591
500 285
326 327
296 102
2 144
304 240
375 575
696 194
543 127
386 340
131 667
603 598
365 109
332 89
115 454
612 263
532 376
547 121
190 106
446 192
249 238
431 112
76 614
529 106
4 178
670 135
108 536
220 696
132 40
48 470
717 660
732 512
523 542
121 200
135 566
391 608
291 309
719 590
410 511
696 414
688 629
36 283
652 479
466 47
6 513
516 722
660 736
498 670
541 618
134 164
671 12
35 450
545 17
303 218
15 486
119 190
602 378
696 517
345 425
51 350
201 55
336 349
54 321
506 82
426 639
245 360
139 279
297 683
519 88
388 533
573 507
210 439
372 169
443 716
593 718
330 282
36 665
630 313
249 623
618 674
526 127
521 664
629 306
98 636
393 485
656 229
479 130
155 115
298 86
94 379
67 423
660 326
575 41
638 87
663 519
248 676
133 257
91 250
562 188
149 218
673 292
670 415
421 89
529 207
398 111
585 464
533 508
277 372
36 178
682 698
184 418
638 541
674 728
54 499
404 426
716 564
717 137
242 626
225 259
96 622
593 168
573 389
675 113
248 198
514 418
159 186
99 284
726 260
500 267
22 167
180 225
730 384
361 459
273 74
205 592
183 61
23 20
674 185
356 409
382 358
90 29
543 412
312 20
671 75
510 180
465 689
628 458
336 253
405 97
550 609
688 732
670 199
239 95
383 83
503 253
440 593
281 470
268 592
489 427
155 486
606 619
438 498
565 261
238 233
581 51
329 21
270 486
219 733
580 601
79 571
341 6
427 621
475 182
701 451
96 119
200 702
225 125
687 277
609 188
733 454
462 326
698 219
299 180
215 143
268 293
713 609
522 627
493 260
296 457
198 392
63 621
581 512
233 531
52 106
206 49
47 667
598 8
149 384
411 588
526 678
368 726
550 154
104 531
637 624
475 99
503 538
207 347
537 440
141 588
33 570
124 79
500 209
310 136
593 720
723 606
661 355
84 699
732 411
717 632
298 455
730 64
480 425
410 280
128 38
356 160
95 479
462 594
176 35
218 32
242 428
637 166
46 208
352 41
619 556
161 404
275 378
468 18
66 365
522 193
627 141
352 721
107 77
67 282
335 284
313 576
199 438
230 469
133 69
509 15
625 157
419 163
535 374
404 600
2 413
281 116
553 632
101 660
197 391
429 19
162 6
595 360
667 312
92 63
380 89
302 268
245 720
654 43
581 546
643 582
222 187
186 263
306 286
186 726
676 614
233 101
107 315
684 261
626 40
324 493
128 113
25 372
320 166
639 164
711 33
9 421
443 194
683 12
703 356
226 130
233 682
454 564
260 402
312 149
665 123
641 56
235 153
651 554
543 553
717 517
585 214
201 515
631 147
15 86
502 240
215 223
185 669
274 668
558 585
80 486
708 208
29 430
585 679
248 391
720 228
395 56
665 596
571 560
230 585
645 220
312 123
666 720
279 427
651 324
275 218
297 470
425 325
164 497
492 635
151 475
126 34
18 55
117 76
102 346
660 10
53 459
356 206
442 123
632 356
670 395
61 231
128 710
43 515
470 534
413 109
496 27
142 514
305 258
77 406
91 1
639 368
459 482
573 389
92 469
232 26
127 293