2
768
351 332
67 732
620 327
118 364
395 224
693 140
646 218
636 430
186 668
560 718
114 473
624 65
115 90
760 662
180 457
377 18
20 444
750 639
258 355
490 652
67 670
24 712
120 147
630 305
46 421
510 159
381 365
479 496
711 726
389 122
414 766
139 689
697 120
48 186
731 537
69 29
439 348
228 558
495 89
350 28
509 91
443 378
711 153
105 653
367 493
6 12
746 401
189 674
520 236
347 738
260 416
254 698
763 482
743 745
58 580
5 567
158 447
432 101
87 536
241 453
516 247
721 494
647 397
655 654
632 490
112 123
393 365
309 643
334 539
620 392
351 112
446 508
558 109
96 132
644 337
73 391
71 281
372 205
677 515
346 540
236 457
150 628
310 714
502 643
485 609
266 67
720 199
62 509
307 158
129 438
494 201
61 564
481 688
256 645
690 601
672 157
290 53
272 599
767 262
729 483
102 227
37 54
681 98
50 220
255 178
657 236
634 205
287 602
381 542
478 302
375 381
459 664
690 218
750 176
479 710
146 581
424 182
634 337
279 171
44 22
349 700
257 470
393 32
304 5
573 13
306 179
394 252
330 571
470 567
746 436
509 123
248 420
304 369
756 70
540 287
91 376
219 604
77 611
635 380
103 695
393 408
362 274
148 179
76 617
746 53
284 742
431 20
393 734
388 637
291 415
155 382
22 629
473 99
727 595
478 61
521 358
469 370
119 616
549 194
720 526
502 491
755 164
766 635
385 386
503 676
32 146
545 310
262 505
408 221
331 373
281 339
731 237
709 81
84 745
531 291
758 520
270 744
684 267
610 556
140 601
719 428
234 495
737 495
231 376
715 49
748 228
388 710
464 584
279 36
560 41
582 549
560 83
12 731
606 109
7 745
709 725
404 430
708 372
157 170
235 103
219 471
586 94
668 538
677 178
573 724
474 642
760 522
725 259
484 50
367 746
26 564
703 686
225 642
545 381
299 268
740 5
738 557
98 637
326 262
47 386
217 520
260 464
529 472
722 245
521 321
222 34
372 412
719 596
285 752
209 584
251 436
588 220
224 174
88 38
435 390
423 140
398 170
91 158
641 45
658 649
621 368
683 224
11 121
307 552
104 3
623 610
438 698
61 662
103 405
699 26
26 609
421 679
11 511
69 139
43 726
20 151
325 190
630 336
310 169
119 670
171 229
511 97
158 60
758 261
464 176
542 745
272 194
656 538
192 724
677 491
169 184
641 494
373 759
317 682
415 691
71 73
151 582
169 564
129 414
56 592
589 597
56 93
278 711
118 726
154 26
448 323
209 576
304 581
566 108
751 212
286 53
285 692
122 709
487 250
355 31
329 175
115 385
523 649
583 641
606 737
154 285
547 363
92 338
431 146
701 669
613 474
210 129
397 331
326 371
69 680
401 397
86 4
269 97
652 84
225 489
308 378
261 86
228 352
679 147
753 611
47 598
572 512
214 456
331 539
58 399
450 715
283 24
718 552
120 601
123 600
577 430
465 69
3 693
676 681
327 661
11 373
490 582
373 703
269 703
474 582
333 155
528 615
178 733
654 553
53 8
640 629
693 337
185 695
517 93
607 75
753 105
703 730
686 307
664 442
241 625
256 573
268 271
676 701
236 49
742 288
313 613
405 237
181 589
164 697
169 258
259 409
363 194
370 536
500 522
210 741
378 721
33 133
223 196
66 714
245 39
490 45
651 126
281 320
202 444
504 627
702 763
267 552
188 637
319 175
646 528
147 511
736 436
644 191
631 709
392 363
235 113
407 373
494 176
692 184
107 428
42 296
678 308
79 97
432 398
271 309
413 674
52 381
341 695
59 459
123 450
310 357
563 716
729 544
379 141
727 486
56 768
13 733
564 92
317 227
489 75
536 133
748 587
1 576
1 59
523 379
509 64
735 559
267 183
590 646
323 549
363 634
36 375
598 599
722 146
58 442
221 81
63 456
155 319
520 155
378 274
21 374
593 755
420 91
425 241
224 236
277 586
101 313
449 699
399 402
332 456
332 552
24 650
496 178
200 247
588 65
520 608
438 344
82 89
690 507
586 146
742 94
219 74
406 155
260 37
45 592
748 632
631 4
513 358
437 200
92 257
265 99
96 190
698 434
535 620
172 352
253 145
445 727
474 339
370 734
375 414
45 610
533 675
101 533
521 538
732 100
282 484
199 377
674 128
298 440
747 469
23 487
101 723
702 575
293 303
28 155
204 328
765 736
490 353
500 498
122 719
598 403
435 28
268 596
155 565
267 390
522 545
364 622
499 297
684 280
599 199
434 34
526 686
257 248
271 756
233 648
195 62
283 629
89 38
456 500
90 210
121 611
242 484
721 228
13 636
507 99
67 429
389 80
346 645
583 616
121 48
752 315
109 522
175 454
559 118
185 136
583 561
235 56
276 187
539 544
54 278
131 376
706 519
712 283
395 526
387 515
573 626
317 170
379 747
623 169
96 295
560 166
87 26
477 618
212 248
650 522
525 12
385 718
530 328
488 156
86 362
159 146
219 475
571 597
454 681
253 37
207 45
203 293
326 679
399 538
414 280
547 170
291 163
119 52
747 607
463 320
456 109
465 675
584 524
503 525
436 756
49 643
288 251
423 613
418 53
638 63
332 416
489 622
67 95
161 45
189 112
364 645
220 316
551 291
71 541
303 507
528 352
637 303
90 291
404 763
344 273
314 163
177 34
17 243
128 433
543 573
544 394
449 252
709 487
542 268
259 333
262 275
684 130
577 5
676 212
256 507
741 569
670 149
602 174
647 217
606 421
21 638
302 725
121 242
443 150
765 702
738 258
208 653
643 272
146 39
484 401
545 456
201 446
92 290
619 226
506 713
646 15
582 435
739 190
676 414
595 161
603 565
674 42
705 549
313 82
75 284
482 619
227 170
297 574
459 403
31 453
347 164
723 416
598 693
93 762
594 688
154 428
740 59
725 676
95 526
758 169
41 727
20 524
385 572
329 331
462 360
15 41
523 737
712 353
150 37
346 231
724 499
147 695
45 359
602 140
116 79
308 413
294 583
168 678
642 496
240 336
87 511
376 610
735 575
450 116
611 27
603 566
13 749
748 57
339 70
452 711
404 760
355 697
62 522
94 704
249 590
271 592
332 134
689 554
708 370
158 551
396 760
604 664
228 72
720 54
397 404
764 32
651 350
217 200
359 310
135 96
387 661
687 206
282 607
760 222
208 149
260 91
396 351
242 623
678 193
676 306
84 160
338 222
509 554
422 356
351 44
451 226
193 369
431 474
463 678
183 158
314 698
504 709
537 745
51 446
169 215
752 509
374 577
218 370
618 639
725 200
171 407
681 363
263 600
324 725
509 507
370 55
692 105
251 460
81 558
138 506
4 121
246 633
697 719
490 546
590 447
233 760
341 402
610 92
233 165
304 741
159 674
283 83
10 22
542 347
579 679
84 70
287 585
702 215
535 423
248 612
357 737
91 186
370 700
277 602
97 68
62 255
741 345
337 239
622 367
585 432
277 668
757 564
740 690
266 506
600 2
350 445
738 440
630 339
628 394
172 212
461 489
466 690
65 291
160 686
145 232
605 421
131 593
472 358
2 226
95 90
227 700
534 452
628 651
22 487
532 449
698 480
169 651
401 490
429 48
663 573
279 500
482 665
580 441
254 70
666 605
159 380
536 180
63 395
318 340
369 81
276 298
560 445
437 449
422 97
496 316
670 263
303 639
159 371
311 669
440 209
505 86
588 272
265 139
155 70
478 523
150 754
309 197
686 745
133 339
329 117
142 486
379 701
356 537
303 155
693 230
363 429
315 438
189 67
64 343
136 542
353 541
15 149
225 700
381 358
526 710
730 155
683 340
87 271
364 389
425 289
106 275
717 420
200 137
742 264
735 365
293 576
393 307
724 618
494 337
463 251
534 424
405 704
251 748
206 614
624 118
134 730
648 339
637 336
731 611
87 698
463 379
761 88
685 716
193 666
540 655
148 561
566 40
497 48
19 190
661 643
564 283
92 699
109 728
266 71
570 352
256 521
730 248
608 134
452 32
287 223
174 434
272 739
730 768
274 236
189 166
110 240
704 201
171 300
417 692
371 474
276 626
226 493
362 65
115 45
96 401
523 269
323 26
495 284
25 768
7 470
422 373
197 613
573 367
145 477
291 515
183 54
628 408
546 477
729 148
521 56
549 276
581 359
557 563
130 582
563 136
539 472
508 735
316 569
590 460
277 112
462 459
421 578
99 198
286 59
602 295
370 382
570 438
740 358
489 101
427 539
492 453
242 232
420 45
32 497
505 308
96 454
255 516
263 609
713 37
155 546
331 524
415 388
450 642
745 426
230 660
196 722
600 437
441 507
481 472
235 473
267 330
415 521
77 677
361 278
713 3
311 275
15 214
662 464
87 127
121 317
274 572
526 105
240 198
612 208
157 334
169 423
664 583
432 740
747 280
505 692
283 48
454 297
261 604
248 347
218 624
151 747
427 164
83 154
617 182
361 5
516 17
684 667
599 347
638 66
114 375
245 652
678 698
180 170
21 683
4 494
538 411
472 196
62 43
605 679
224 454
171 227
470 86
125 557
688 251
622 34
113 98
173 22
283 353
447 560
267 706
285 293
604 757
744 666
31 581