2
800
671 140
259 220
76 359
246 396
779 64
533 364
454 570
700 78
58 764
656 622
306 665
496 641
435 474
440 118
340 361
697 562
500 156
782 575
66 579
522 44
195 606
408 648
376 659
278 433
622 133
606 127
349 301
319 784
327 310
101 666
670 798
427 721
505 408
48 570
539 569
613 733
375 572
132 750
431 409
734 604
541 539
283 442
391 601
425 717
463 525
582 332
74 561
605 578
168 652
699 258
772 512
542 346
283 674
647 265
634 132
69 375
222 351
368 613
503 792
81 165
68 663
49 142
423 205
271 142
56 522
752 27
585 493
725 419
718 123
684 552
255 304
478 476
654 45
640 708
36 721
425 103
135 25
596 109
229 419
602 284
140 553
662 724
598 138
342 515
261 577
266 515
80 295
542 733
339 382
193 726
302 617
29 436
641 176
96 421
146 697
256 285
450 117
560 247
255 454
313 515
230 579
581 310
425 322
594 764
703 786
689 556
154 269
543 346
797 638
766 142
535 221
427 184
690 538
782 496
191 294
562 421
424 342
730 49
663 75
364 118
61 252
673 566
73 768
112 69
605 77
210 339
298 188
74 539
726 407
234 468
701 795
88 676
336 369
724 550
444 639
667 56
91 92
621 163
59 732
583 215
9 792
106 658
532 531
396 457
138 629
124 390
175 564
265 510
132 541
611 127
379 478
182 21
121 3
535 531
734 317
745 294
309 402
503 40
133 98
48 270
278 523
211 452
638 27
513 770
567 324
96 498
353 630
70 25
632 605
555 117
121 51
411 781
453 113
20 137
563 419
758 392
494 168
44 331
194 108
652 313
783 300
362 335
129 431
359 760
235 465
76 356
516 486
336 520
151 708
656 713
678 613
304 371
332 699
254 77
359 105
389 341
404 302
228 532
733 586
43 167
251 471
74 318
508 762
37 658
669 244
122 98
408 778
469 291
676 274
367 586
378 308
127 334
609 354
417 541
491 12
260 293
482 333
610 189
294 198
47 514
441 168
612 400
497 632
690 373
105 257
158 34
116 636
367 724
189 336
465 680
347 276
172 28
608 334
216 454
531 614
167 524
334 330
475 30
161 365
754 617
173 464
651 288
299 569
563 40
104 579
271 2
54 794
29 662
327 597
315 410
410 33
485 295
363 159
325 75
75 278
692 599
741 94
438 240
662 201
279 318
779 101
319 385
94 700
246 421
496 112
382 457
496 66
752 410
576 276
485 203
105 728
1 46
21 791
637 682
543 467
551 73
567 70
457 212
321 254
632 16
365 213
24 61
630 775
22 758
602 506
160 707
433 512
304 453
502 492
687 244
510 437
317 628
58 325
39 378
579 223
745 143
787 769
555 169
295 577
126 97
634 285
355 267
796 210
271 50
253 509
645 314
498 161
141 555
38 531
485 616
753 429
758 292
749 65
460 244
193 585
692 26
421 246
644 416
7 467
17 259
175 662
124 224
374 616
331 411
346 15
226 651
795 536
142 744
600 601
539 344
737 430
721 357
227 565
324 233
583 341
43 757
202 166
533 575
781 63
186 678
77 411
528 71
146 221
366 297
373 104
192 309
85 113
217 311
229 541
543 11
81 137
319 634
302 51
408 634
113 145
512 189
108 591
612 605
12 529
454 384
185 645
245 269
757 461
580 185
553 674
547 185
11 66
18 664
116 778
498 229
122 561
769 581
351 132
386 714
661 39
650 397
683 94
665 192
106 444
728 211
318 475
395 680
540 413
543 207
742 240
435 415
352 756
196 703
87 581
168 299
171 17
695 405
462 112
596 120
107 524
330 776
550 724
655 289
688 398
495 629
189 482
244 541
437 439
795 75
571 162
726 741
179 620
345 192
283 493
311 390
568 640
365 317
116 220
157 3
617 203
632 5
684 75
97 672
65 91
299 187
253 224
127 783
395 23
526 678
515 37
267 634
228 631
150 343
402 306
346 218
509 529
575 744
155 223
168 219
314 466
757 118
241 83
452 635
457 177
64 524
565 330
357 793
513 507
687 114
364 232
684 72
312 10
368 466
232 535
236 97
200 192
214 440
626 665
626 283
394 690
6 158
571 362
150 635
420 37
301 784
620 536
407 132
545 774
149 328
60 385
425 611
576 190
602 754
407 428
236 800
669 241
157 791
154 659
178 574
695 478
109 66
565 515
549 661
41 698
188 452
634 164
263 409
354 64
714 760
491 149
759 711
741 467
254 95
325 431
220 571
460 680
637 224
746 737
84 338
634 623
790 467
787 252
428 692
315 341
651 358
42 161
620 782
627 73
428 504
503 199
274 162
78 462
737 24
399 20
713 584
195 702
251 181
153 230
72 20
122 274
377 163
786 196
497 164
269 124
667 323
323 493
37 752
154 773
327 552
345 240
688 539
141 490
719 646
719 342
665 392
167 593
107 152
788 603
667 608
726 534
483 600
226 519
104 379
491 430
483 35
669 722
125 362
411 395
207 329
736 423
272 454
215 378
157 554
180 24
714 458
557 396
609 334
114 712
264 604
342 298
191 562
219 315
475 629
710 233
509 197
655 781
651 69
710 7
175 90
382 88
99 138
483 707
471 596
171 735
751 64
584 493
625 3
8 652
631 269
84 340
17 739
672 667
359 581
226 533
222 607
620 320
297 302
579 319
449 749
605 752
12 389
444 188
391 3
39 573
623 123
112 640
413 335
58 771
468 635
504 689
794 675
561 290
177 339
608 177
639 765
128 202
353 124
389 295
126 780
67 301
454 531
140 66
65 197
388 532
384 443
773 377
318 533
666 46
423 25
222 261
789 702
14 693
25 402
187 502
733 254
354 386
784 493
3 400
242 743
132 625
385 104
201 702
188 418
747 162
442 521
422 783
422 787
675 798
388 62
51 673
667 405
610 650
449 613
249 690
107 732
514 491
387 266
393 126
683 691
287 677
411 260
211 384
246 85
733 186
498 784
58 364
740 667
565 388
31 366
278 137
297 343
628 236
161 572
361 395
14 648
271 425
107 481
360 353
118 293
538 167
276 595
83 215
13 199
602 44
564 431
180 413
326 359
648 486
482 208
80 496
55 703
120 162
735 31
66 52
323 603
571 598
749 653
364 761
51 518
356 167
500 536
579 25
446 426
62 128
633 494
623 240
396 294
753 682
324 18
286 647
620 56
796 120
260 712
80 662
781 436
28 480
523 606
57 520
583 118
647 768
163 21
207 110
666 159
792 190
176 277
388 347
684 735
18 143
198 97
4 178
84 384
658 158
189 714
678 324
383 76
291 98
449 497
207 314
207 550
55 734
378 794
632 261
281 649
755 478
745 311
656 381
694 65
90 434
330 767
757 712
395 247
361 43
295 120
708 501
669 763
786 247
308 617
59 588
465 366
266 762
676 121
342 121
185 783
106 514
750 63
777 344
661 690
738 508
9 645
560 677
159 546
475 467
362 86
254 379
451 519
340 678
191 233
798 375
215 103
440 516
517 769
411 730
658 348
437 666
193 548
94 351
293 569
17 207
206 623
585 656
341 124
85 532
708 82
458 122
536 450
638 605
418 248
534 275
148 522
140 692
269 585
242 114
353 611
320 558
785 456
765 325
579 49
408 38
482 418
159 570
67 348
374 36
148 459
310 295
532 1
186 352
585 779
465 490
141 336
599 125
791 564
2 121
164 761
158 198
378 669
767 796
216 692
31 363
702 692
209 433
244 394
784 29
725 1
70 65
336 668
190 679
783 543
799 499
503 509
696 81
377 214
76 592
105 459
507 358
350 715
790 594
661 325
174 585
677 243
201 565
462 742
443 797
484 441
495 539
501 742
619 77
155 246
221 611
256 727
168 606
193 509
751 405
385 124
541 262
718 742
378 731
235 20
727 719
12 421
457 513
714 627
589 68
424 9
230 680
287 749
37 32
9 787
436 394
462 177
207 379
470 584
309 256
155 588
174 166
560 182
678 474
360 19
93 336
379 323
567 666
623 603
249 632
589 684
577 602
412 783
180 433
118 40
689 272
627 414
437 387
148 667
412 59
237 504
394 615
26 160
32 201
762 280
32 102
516 608
255 127
142 434
112 259
26 800
82 204
413 518
590 112
736 201
171 524
257 116
339 634
276 370
34 589
202 65
243 717
672 497
395 13
483 506
623 508
505 704
263 470
774 405
133 261
605 303
785 413
419 323
247 246
244 280
34 797
697 628
713 568
325 308
133 359
365 307
418 70
211 680
91 536
284 223
796 441
78 780
53 496
654 299
293 450
579 326
446 475
506 711
594 30
218 278
388 582
137 5
203 699
236 645
434 520
68 781
160 497
761 212
544 166
63 36
615 193
361 613
219 66
523 12
447 292
642 386
73 330
742 628
228 178
24 661
249 443
641 408
139 153
171 682
671 233
717 485
425 630
297 195
247 19
559 246
310 400
631 735
729 573
114 508
302 137
368 550
580 560
509 270
265 679
152 135
464 68
171 440
249 468
635 496
38 393
741 700
344 571
186 624
695 651
331 548
787 250
649 118
9 357
388 625
588 91
759 251
158 482
242 407
501 428
454 538
20 394
789 715
516 526
538 763
376 68
62 715
669 711
32 230
619 771
54 406
61 365
208 571
46 450
529 546
429 182
635 449
127 176
363 194
701 453
508 277
72 570
191 741