2
928
63 396
867 828
332 71
374 748
235 352
853 300
102 26
540 910
282 60
112 46
242 537
80 97
19 90
408 566
468 777
57 754
244 924
654 575
290 323
618 524
899 766
824 72
792 659
278 145
718 389
414 31
221 493
351 240
807 54
805 346
830 862
171 369
153 824
240 442
443 857
37 413
695 156
708 558
815 57
926 828
445 411
155 890
199 505
201 77
783 77
422 684
234 817
349 386
712 588
123 450
740 160
158 506
315 866
359 425
218 580
325 663
286 479
848 485
279 120
785 133
420 279
113 654
167 685
335 174
344 682
848 155
137 77
885 675
238 539
172 456
191 720
414 476
270 333
256 772
452 113
201 871
615 537
820 77
293 451
474 636
204 393
86 340
694 266
86 3
805 481
458 67
272 167
766 541
499 94
609 246
206 809
189 820
417 304
192 5
50 665
864 253
130 21
816 823
287 198
121 163
678 579
453 22
41 290
786 540
383 466
785 812
570 269
927 282
797 190
286 846
855 221
171 56
466 282
174 48
479 294
434 229
168 886
250 209
247 331
44 854
797 828
737 662
393 32
16 261
221 301
178 147
522 572
426 283
854 823
330 628
189 763
856 580
720 401
788 262
732 127
187 824
27 220
557 419
251 572
903 695
873 152
138 690
20 787
44 873
682 373
572 166
431 724
745 222
196 829
707 223
27 894
118 277
409 675
919 883
318 893
649 486
117 82
471 136
869 514
304 622
182 171
83 612
190 123
129 386
23 836
608 274
97 22
774 729
696 765
683 309
729 627
795 141
709 337
276 873
147 803
790 552
270 872
236 459
66 588
140 313
719 44
810 815
65 655
615 760
491 593
140 292
292 6
432 296
567 4
240 713
102 101
336 371
268 795
126 557
679 265
869 469
308 46
580 372
701 266
427 263
859 791
778 446
92 506
741 658
509 276
666 834
600 298
277 163
164 626
719 138
890 884
607 494
1 258
161 701
747 812
260 901
674 109
418 765
614 454
495 418
729 232
324 624
753 824
786 917
521 577
126 706
756 28
271 756
285 656
529 104
539 84
76 284
192 718
120 102
243 838
519 268
366 138
187 190
33 45
402 777
845 752
555 672
779 121
723 360
776 547
687 610
630 58
893 822
775 309
923 314
218 737
805 807
875 63
69 203
331 470
52 471
293 830
438 144
22 233
503 94
779 485
703 705
542 892
598 389
272 816
926 713
848 802
592 90
160 660
293 715
425 568
257 718
469 919
157 490
447 883
807 521
439 582
297 276
769 190
664 112
77 661
120 925
758 711
310 214
666 602
928 163
241 480
176 709
470 556
495 916
734 373
509 468
250 101
743 90
291 703
425 367
659 545
587 713
551 897
926 289
794 925
675 107
476 146
111 242
925 829
453 26
498 33
493 747
358 531
133 648
305 557
86 260
397 897
44 20
161 41
532 26
261 278
356 736
647 691
273 643
591 726
892 384
54 680
427 411
282 559
130 811
411 440
142 808
408 185
123 792
449 654
113 709
227 469
740 873
455 85
811 117
810 774
725 863
525 223
346 102
781 475
912 263
914 349
366 617
757 488
704 277
437 817
281 663
581 93
607 107
177 713
447 282
558 243
216 378
465 785
480 317
556 687
804 765
108 465
678 864
249 453
437 685
341 717
420 921
105 322
323 505
107 770
786 888
84 298
338 549
154 113
161 5
799 260
770 202
725 519
362 269
43 798
25 608
810 444
824 211
766 219
715 168
60 573
127 367
166 464
915 543
800 372
548 671
631 389
168 651
203 529
919 469
622 240
148 728
907 44
10 40
486 724
207 545
592 334
911 757
93 194
372 893
565 919
859 491
603 98
438 805
627 428
345 544
891 717
343 870
56 352
909 541
372 188
381 35
521 587
792 613
780 235
801 640
449 731
427 347
829 864
223 751
587 791
590 550
579 5
491 858
580 471
470 23
882 850
58 474
509 145
383 584
603 479
520 123
282 18
693 406
177 915
452 763
73 113
608 876
341 170
805 921
865 347
239 818
492 296
588 72
664 266
880 338
744 471
684 321
488 448
726 664
658 249
722 731
586 402
678 926
795 554
918 27
196 229
141 688
748 24
55 484
289 6
117 328
700 801
649 483
320 670
442 274
215 236
76 800
861 753
797 23
602 83
274 798
311 414
781 354
661 835
133 245
137 250
572 132
346 516
615 665
258 128
234 472
363 309
343 519
357 435
766 31
517 111
124 123
748 200
477 480
330 833
724 690
154 591
822 499
179 508
460 660
635 693
203 294
298 769
108 654
275 873
908 88
55 327
210 802
526 910
577 856
815 372
841 264
259 734
763 437
313 518
168 244
506 594
537 803
658 644
753 228
589 732
315 867
131 749
37 880
730 613
103 616
281 16
176 539
749 234
47 358
751 438
601 552
327 433
651 56
148 475
507 32
278 822
195 632
642 231
808 443
843 910
355 195
925 754
29 42
59 299
399 809
736 295
656 358
727 378
637 170
852 216
426 426
109 620
353 46
850 232
712 764
214 362
255 434
187 283
699 245
582 393
349 613
687 77
43 485
678 679
879 602
190 376
323 298
67 675
343 916
203 127
47 640
712 525
145 899
808 140
215 685
532 564
593 291
864 635
71 613
610 21
510 799
396 832
393 462
803 31
673 77
381 16
716 165
540 156
135 643
295 573
623 827
208 288
413 367
218 483
276 123
504 785
218 195
913 610
657 787
640 625
159 317
640 170
481 476
325 839
190 844
483 109
38 915
396 450
353 613
228 628
32 27
709 249
222 693
858 174
775 793
798 5
181 734
398 885
281 722
795 694
861 350
98 898
336 493
643 912
402 167
612 433
193 392
681 414
380 834
587 450
698 681
454 175
486 147
131 62
868 926
51 97
571 149
290 906
865 5
889 338
395 796
770 587
483 746
73 158
651 883
607 645
635 356
115 416
502 245
701 666
466 752
762 108
196 123
309 132
351 494
470 745
361 535
404 140
577 700
297 523
878 904
239 585
331 353
296 833
822 69
570 583
820 403
915 87
749 519
218 172
84 911
916 669
742 615
808 390
610 176
912 560
151 447
216 482
95 735
610 916
803 251
795 694
877 781
76 697
371 518
164 679
724 152
419 537
62 298
222 672
473 430
303 848
876 742
625 266
548 306
478 423
556 344
412 728
420 712
496 86
525 660
764 320
107 254
153 392
775 374
135 544
99 661
463 270
698 159
536 318
464 85
36 315
652 671
338 143
678 833
228 274
788 288
594 190
541 746
582 612
415 12
227 738
897 689
79 666
143 838
279 830
218 538
440 869
505 777
307 254
681 759
528 765
118 417
250 882
458 831
565 872
139 791
905 107
775 280
68 917
189 347
114 407
180 553
571 684
401 174
10 378
4 537
214 345
25 687
522 482
590 159
649 728
245 850
130 316
201 197
528 389
767 642
91 19
266 886
702 891
131 711
340 358
543 777
702 567
535 295
344 420
677 289
443 218
210 572
533 410
769 356
94 607
69 185
625 559
366 623
521 496
405 860
149 20
4 850
810 538
440 450
30 413
738 472
630 19
340 458
428 404
813 745
82 178
1 3
736 366
849 552
157 325
483 305
568 710
450 674
319 186
195 572
598 228
340 523
246 679
276 897
154 384
713 459
561 10
685 592
599 605
215 756
226 921
356 89
702 102
762 317
287 252
888 180
479 299
926 20
273 273
212 426
656 925
181 513
230 865
176 828
542 615
879 63
607 531
151 605
632 913
921 214
236 880
393 11
475 614
30 747
886 242
469 837
462 649
645 691
809 117
814 646
731 61
708 409
591 155
309 518
139 301
731 598
477 419
832 23
104 862
65 285
399 757
417 860
701 134
846 582
474 27
523 276
87 303
908 677
457 289
490 819
589 292
712 137
6 616
383 333
773 672
841 243
500 330
398 273
687 315
150 232
341 896
731 652
270 710
624 22
70 186
136 883
701 144
315 707
55 698
335 827
665 248
141 236
801 762
732 559
148 177
86 712
145 816
435 638
597 131
884 891
540 315
141 312
458 455
90 512
448 649
410 184
896 774
644 768
831 447
622 50
848 707
58 64
818 716
701 486
846 880
672 457
267 108
65 20
563 378
532 82
98 237
490 65
307 205
832 209
875 525
483 794
527 540
857 416
551 854
198 693
101 165
221 367
273 509
387 835
887 214
212 56
450 925
345 52
201 248
261 148
69 39
237 819
802 166
307 424
315 728
188 415
892 633
78 236
213 464
366 171
901 802
227 422
798 571
698 295
114 30
442 406
68 678
521 869
139 123
588 677
850 776
164 109
480 465
345 692
224 6
159 196
807 609
617 901
475 386
267 588
639 4
290 2
681 106
166 116
228 754
88 149
825 475
257 376
11 825
363 234
127 521
429 5
201 342
905 899
23 243
783 886
246 144
887 223
249 125
562 700
174 649
848 70
196 400
669 430
521 103
664 647
848 164
875 344
729 852
315 752
390 169
709 860
536 667
378 80
87 235
779 484
883 922
777 374
393 517
804 209
844 763
855 763
926 98
402 727
245 12
774 634
180 554
789 11
516 462
90 827
696 868
606 875
157 455
320 774
267 419
54 182
253 205
240 475
302 642
497 546
877 342
475 129
191 560
139 2
93 453
124 789
616 730
735 773