2
960
351 140
259 540
236 519
886 556
779 224
693 524
454 410
60 238
378 284
176 142
306 665
816 641
115 474
760 278
180 841
377 402
20 636
942 255
66 739
682 844
835 286
408 328
696 339
438 113
622 613
126 927
189 941
479 304
327 150
581 506
30 958
907 881
505 888
48 570
539 729
453 413
55 732
612 750
111 89
734 604
701 859
443 762
711 921
105 77
943 685
582 12
554 401
765 98
328 812
539 738
452 32
62 506
763 674
167 745
634 772
389 375
542 831
48 293
663 152
241 645
708 823
529 302
263 205
271 462
56 682
112 507
585 173
885 259
718 923
44 392
735 304
638 316
174 685
480 708
836 721
265 583
455 665
756 589
869 899
922 924
620 73
342 244
118 138
502 835
101 417
266 835
720 775
62 893
499 542
513 246
302 777
829 756
481 496
256 261
306 217
96 925
290 437
80 407
575 454
153 675
870 419
421 630
105 482
434 604
63 946
849 236
634 589
863 26
957 158
286 302
375 381
267 664
690 218
942 176
671 134
722 581
424 182
250 529
663 555
44 598
541 892
833 86
393 608
112 389
765 397
690 179
778 828
714 379
86 567
554 628
701 315
248 36
496 369
564 70
924 479
667 376
411 412
461 803
59 572
103 695
9 792
746 658
532 371
76 617
938 629
284 550
815 404
585 350
772 61
291 607
539 958
22 821
281 483
535 211
94 637
905 934
469 562
503 40
933 578
528 910
118 683
371 932
958 827
193 770
887 484
416 338
353 310
70 505
792 605
715 757
281 531
731 621
133 273
660 937
723 99
758 712
654 168
684 651
34 748
332 793
143 620
42 495
929 111
39 760
715 625
556 36
196 326
656 200
471 228
176 233
198 933
944 851
12 539
414 877
199 745
709 341
404 622
708 372
733 746
43 487
411 471
394 478
668 922
677 178
189 724
282 258
568 138
149 451
676 434
367 746
218 948
127 494
609 834
737 381
491 652
740 773
162 173
290 829
134 838
47 194
601 328
452 80
337 472
530 53
905 897
798 34
756 796
527 404
669 176
785 200
827 436
12 28
608 174
856 614
51 774
807 524
14 170
475 350
641 45
274 457
813 944
491 608
779 889
883 360
104 579
431 802
54 314
829 662
487 597
315 410
410 33
805 295
203 319
645 715
235 918
212 919
901 574
438 720
502 361
119 478
939 421
319 865
734 60
566 261
656 752
542 937
656 386
272 730
576 916
485 683
745 568
641 686
181 951
317 682
223 307
71 73
727 390
937 372
321 414
632 16
205 213
824 861
470 135
502 918
922 26
640 707
593 192
304 773
182 492
367 404
670 437
477 308
698 325
679 58
739 223
905 943
307 769
715 649
775 257
606 737
154 285
355 747
476 530
431 530
893 669
805 474
18 321
781 715
518 371
645 296
593 589
278 772
269 865
460 84
33 105
692 186
261 86
804 736
487 147
177 419
815 22
764 704
214 456
331 731
826 15
66 331
475 216
142 744
120 601
699 24
577 430
81 837
387 885
484 873
903 661
203 757
682 6
373 895
461 703
666 198
717 731
528 231
946 541
846 937
53 584
832 629
885 913
377 311
709 861
223 651
561 297
319 154
302 691
88 634
433 625
832 189
268 271
292 125
812 49
934 864
505 805
405 429
757 781
740 505
553 834
67 25
171 386
178 344
116 138
18 549
762 721
609 901
31 772
66 714
821 39
490 237
843 894
665 512
586 444
888 51
318 955
75 360
380 253
703 367
262 720
915 895
352 436
836 383
247 901
8 939
811 497
215 565
302 752
116 760
107 44
810 296
870 884
655 289
48 398
655 309
29 482
244 381
917 119
635 75
891 642
886 741
179 140
345 352
763 333
151 870
248 960
205 157
756 860
317 803
297 843
152 325
364 395
577 192
385 251
139 187
893 64
927 943
75 183
206 838
515 357
747 634
228 951
790 23
722 146
826 58
29 849
255 264
155 703
328 539
954 466
597 758
401 563
612 475
617 817
224 44
85 10
677 313
833 507
207 594
524 72
524 552
792 650
688 946
392 55
396 257
520 32
54 920
466 665
306 123
394 530
166 478
411 842
790 155
260 37
621 784
940 56
247 772
705 934
629 8
860 65
265 291
96 190
122 434
727 428
556 160
829 721
637 151
474 339
178 734
375 798
429 226
725 675
869 341
521 538
348 292
474 484
583 569
674 704
874 440
171 469
599 871
101 147
894 575
485 111
220 731
780 520
957 544
106 737
884 498
314 143
790 787
627 412
268 212
155 181
651 198
522 161
940 622
307 873
108 664
23 199
434 802
718 302
257 824
79 180
233 264
195 62
91 821
473 230
72 500
282 594
697 803
626 676
337 804
589 444
507 483
643 813
197 272
154 453
7 232
505 240
368 699
301 330
559 646
559 502
185 712
7 753
427 632
468 763
347 928
246 854
323 760
706 519
904 859
11 910
3 515
189 242
125 362
571 555
47 169
96 103
752 934
855 218
477 234
20 824
74 138
717 396
769 334
914 712
104 924
662 938
351 722
219 475
955 789
70 873
829 37
15 621
11 869
710 487
15 730
222 88
739 938
483 547
311 436
171 415
271 704
264 493
465 483
8 332
311 909
244 180
817 259
672 827
39 421
226 53
62 447
140 800
297 622
259 479
929 429
765 112
172 69
604 508
551 483
839 733
303 123
912 160
253 495
858 291
788 955
344 849
314 355
561 610
17 819
128 817
159 765
928 202
833 444
709 295
926 460
67 141
454 851
300 706
385 197
868 212
64 123
933 377
478 533
26 366
263 25
222 421
789 62
494 533
505 242
827 342
573 894
354 66
784 653
643 80
722 423
292 785
545 264
201 62
668 98
427 802
122 521
262 783
582 627
355 958
868 222
211 353
27 565
290 810
129 933
889 850
267 92
674 811
227 746
873 766
843 211
607 837
731 740
531 224
406 885
93 186
18 304
538 44
740 827
725 868
671 526
758 937
617 343
788 716
1 572
521 715
654 168
591 425
907 161
520 353
918 613
538 807
916 115
723 695
813 359
602 524
884 271
500 413
486 199
168 486
642 688
240 336
855 703
760 802
735 191
66 692
803 603
411 758
589 173
364 441
531 838
836 327
20 376
739 505
446 906
862 128
633 14
463 400
716 134
113 362
324 178
926 167
780 376
796 280
420 72
720 822
781 596
188 800
843 926
217 200
743 118
327 288
3 661
687 590
666 799
952 30
16 917
68 667
204 735
818 623
678 577
484 498
84 544
338 798
509 554
38 164
543 236
451 418
769 177
47 474
847 870
375 734
698 314
312 901
921 169
435 638
745 791
176 701
374 385
410 754
810 447
917 392
555 407
681 363
455 600
708 341
509 123
946 247
308 297
59 268
465 366
906 122
196 121
822 441
505 143
106 354
590 63
617 184
341 210
418 668
809 165
880 357
159 866
475 467
202 406
734 539
771 679
660 838
671 393
318 215
535 423
440 36
357 929
91 570
178 508
277 26
673 68
254 831
933 729
337 47
46 943
585 816
661 284
565 372
548 882
458 122
216 770
158 445
738 248
54 915
628 202
940 212
269 105
82 114
833 291
160 878
145 616
605 805
899 209
88 358
2 418
479 90
227 508
534 836
628 459
790 295
532 641
506 672
745 459
785 490
621 816
279 765
471 884
482 281
4 441
638 838
858 29
927 956
536 372
831 203
702 532
369 273
84 874
944 829
245 641
230 865
496 508
670 839
303 63
159 179
503 669
56 401
697 854
396 272
265 139
347 838
670 715
150 754
501 5
494 745
517 723
521 885
142 102
763 317
164 921
495 539
501 422
939 237
315 246
381 451
256 727
328 926
353 349
591 725
225 124
381 742
718 902
538 731
875 340
87 79
172 581
617 673
874 467
909 228
584 329
550 840
927 749
677 192
9 307
916 234
302 337
847 59
150 424
789 896
635 748
14 806
240 502
518 154
840 339
253 336
539 803
87 506
463 763
569 472
109 524
577 282
732 463
340 753
758 40
689 432
787 574
277 67
948 667
92 699
877 344
74 455
186 160
832 521
922 440
32 902
836 608
95 607
942 434
272 739
346 960
82 44
573 358
110 432
896 201
171 684
417 116
179 474
276 50
34 109
362 65
883 237
672 17
715 653
323 26
303 668
25 384
583 470
614 565
773 421
765 943
145 93
99 323
567 246
244 600
354 477
537 148
713 248
165 468
773 359
365 947
898 390
371 520
731 856
124 543
316 761
398 460
853 496
654 459
613 770
99 6
286 635
26 871
754 190
378 438
548 742
297 485
43 539
876 645
434 40
228 621
800 497
121 692
864 646
63 516
455 33
521 613
539 546
523 332
607 772
642 66
553 810
422 468
388 338
24 821
249 123
481 88
619 473
651 522
31 713
77 485
745 470
137 195
887 659
399 406
470 80
471 895
889 893
274 188
142 297
48 390
420 400
349 910
745 39
472 775
624 548
171 280
889 308
475 816
838 873
261 220
824 731
26 624
535 171
811 548
467 730
809 758
169 197
708 785
108 91
599 731
638 642
882 567
821 268
294 698
180 554
789 875
196 686
538 603
856 388
62 235
29 871
32 70
939 611
854 86
701 365
688 251
46 610
689 866
749 22
475 929
447 176
843 514
861 293
28 757
552 90
31 581