32
160
39 48
130 19
52 21
57 28
65 12
104 23
144 76
150 128
55 116
34 11
150 85
47 36
88 39
60 15
127 102
31 38
150 160
56 73
20 144
100 116
27 76
10 11
23 160
10 109
147 75
152 136
159 38
11 119
108 102
5 75
43 35
112 64
34 39
136 85
22 108
41 81
55 82
91 77
81 132
26 99
46 17
74 77
86 116
35 34
57 39
108 132
105 91
35 138
129 43
62 22
150 134
134 44
56 64
152 8
67 49
139 113
97 52
29 23
40 95
56 128
5 35
99 109
157 6
86 125
48 19
18 69
25 152
112 112
87 135
151 26
24 129
138 120
53 38
142 124
4 69
91 8
103 30
116 131
35 73
127 114
123 145
22 19
8 5
2 126
139 153
151 2
153 160
122 77
69 135
40 72
44 131
111 18
32 98
149 98
10 115
51 5
131 72
23 138
108 25
136 86
49 126
120 73
158 113
150 66
87 29
138 130
31 120
20 62
58 40
159 99
154 81
103 157
24 158
6 131
22 141
57 102
139 48
14 136
160 35
41 86
64 50
88 126
10 139
28 99
18 58
37 11
139 140
39 2
137 45
133 30
25 61
3 3
140 16
138 139
83 51
96 18
132 23
143 141
1 42
111 50
100 148
93 110
127 131
111 135
15 115
36 40
47 38
74 26
85 84
4 7
6 100
24 137
154 39
150 27
80 100
76 19
87 8
160 85
139 111
59 153
65 94
64 112
131 138
9 88
93 13
94 98
144 150
74 137
28 63
3 107
3 79
158 121
118 157
46 96
139 104
89 44
70 24
27 40
1 67
127 93
79 93
30 94
82 136
71 109
38 105
87 72
55 116
33 13
113 78
108 91
53 68
6 122
92 64
34 124
131 32
89 81
124 150
15 77
125 117
57 35
61 144
106 116
99 10
128 83
119 107
14 12
47 51
5 10
147 38
133 149
70 93
69 65
83 115
142 47
71 38
113 132
21 91
119 152
100 118
74 91
64 119
102 142
42 106
151 28
16 124
16 117
56 116
21 10
71 2
89 141
72 41
144 124
131 102
115 103
59 61
33 155
51 6
136 92
143 127
119 158
122 6
114 49
122 135
59 64
8 19
44 79
59 28
43 62
1 29
4 60
89 36
86 12
41 61
103 23
59 94
53 52
99 38
133 92
12 63
155 52
81 71
2 139
130 44
40 2
105 75
61 65
142 18
76 54
111 19
109 9
144 1
93 114
38 65
46 82
127 72
133 47
14 134
57 15
50 129
17 26
43 109
90 25
127 6
78 77
56 26
117 39
58 49
24 128
113 69
49 111
13 53
157 58
26 54
73 107
22 121
132 64
69 94
120 35
131 70
143 58
127 100
128 25
148 151
152 133
92 72
83 104
124 80
33 21
5 137
160 58
97 3
121 6
96 113
72 98
54 55
155 20
154 122
76 13
113 99
17 44
42 100
19 5
51 51
58 87
28 57
144 156
59 136
1 27
88 105
124 13
159 119
33 24
80 140
68 64
111 85
107 152
56 157
157 138
80 54
64 107
142 47
134 40
54 135
66 14
111 30
26 109
148 90
4 99
70 71
3 20
27 141
43 82
138 39
91 57
124 154
35 105
72 8
17 126
14 82
139 156
143 4
104 2
94 139
101 35
82 135
86 108
147 128
62 156
39 152
84 2
146 118
139 89
158 155
54 43
108 32
39 91
68 14
92 33
25 64
67 106
70 152
53 57
151 114
84 29
106 8
31 123
157 9
51 154
35 137
69 142
40 139
72 107
24 36
139 48
131 77
153 41
100 78
129 91
63 52
119 8
91 149
2 88
29 85
81 95
61 21
77 100
31 20
79 55
87 89
134 58
6 159
130 105
76 98
35 138
21 26
18 112
14 51
39 75
135 151
41 67
44 117
7 74
9 117
160 95
45 6
152 50
4 121
27 111
90 61
120 143
86 9
126 132
60 36
78 66
26 118
133 101
107 11
47 115
127 78
81 11
83 105
93 118
65 119
100 27
51 60
41 9
100 6
12 31
41 121
97 98
78 101
39 56
143 117
42 141
34 123
151 117
67 115
106 3
105 46
61 156
137 101
36 76
138 47
107 50
7 75
148 116
47 58
44 29
14 85
9 79
79 31
67 17
146 13
20 90
58 112
117 66
85 152
141 62
70 119
144 76
65 131
64 111
60 107
139 105
63 19
23 14
50 90
30 67
102 81
28 31
33 17
96 117
8 108
50 110
99 33
57 3
35 120
114 126
98 124
70 33
143 93
46 64
54 75
2 27
156 29
57 60
77 24
16 117
3 97
66 101
2 122
104 68
114 57
34 51
52 103
115 34
67 160
129 152
75 130
18 102
31 106
1 107
1 48
63 4
16 160
104 49
154 79
117 107
135 22
29 59
156 144
92 63
15 61
54 89
62 104
62 92
49 62
71 50
141 5
53 157
5 28
45 158
107 33
104 113
54 4
11 50
147 135
112 2
67 37
122 128
12 56
92 61
149 2
142 130
6 66
126 42
125 42
39 71
75 14
56 128
50 98
17 36
72 160
69 10
69 63
138 80
118 69
12 106
70 25
107 107
90 104
149 55
146 59
157 60
73 84
59 122
22 108
29 125
107 130
135 47
64 144
127 53
52 10
30 153
35 137
99 124
80 119
50 65
18 47
156 122
2 87
115 23
34 143
20 140
144 154
27 47
137 25
99 60
34 129
52 100
137 22
64 56
141 145
153 158
31 148
119 33
74 73
87 139
87 106
151 103
131 49
149 107
73 120
6 138
120 89
78 96
111 13
151 91
157 143
120 60
3 110
124 108
54 82
87 140
28 77
114 158
125 135
137 69
94 14
78 85
103 155
20 85
39 42
47 36
57 6
127 91
115 90
70 40
11 28
51 70
136 5
100 132
139 76
40 72
89 150
28 63
144 79
147 55
152 33
122 80
70 88
10 56
49 112
95 59
139 146
1 115
22 100
86 160
47 158
103 7
147 130
70 2
48 88
56 71
153 17
151 94
136 32
150 24
143 116
115 122
133 115
108 154
54 65
153 132
62 95
138 80
96 79
82 15
7 9
86 31
58 76
124 33
139 113
57 122
101 11
115 73
125 94
67 50
158 59
21 92
26 158
11 121
109 124
136 115
5 93
145 62
40 140
94 18
125 22
11 65
32 125
137 28
90 43
109 88
134 1
51 159
31 61
119 139
57 126
93 61
58 109
154 97
120 119
147 84
141 157
148 44
154 157
104 83
39 52
42 12
53 92
42 115
25 33
93 81
158 57
13 88
5 38
56 156
156 42
80 8
39 99
52 32
95 155
146 6
78 28
49 2
119 91
116 143
123 48
95 152
104 139
79 140
16 135
136 44
48 87
51 118
25 134
149 120
160 7
125 78
34 13
111 24
135 67
39 97
146 133
89 122
144 39
101 159
45 108
42 93
66 125
50 91
98 71
82 98
109 78
47 142
90 157
37 97
63 75
33 81
48 153
42 31
32 14
61 108
154 135
40 59
99 122
21 36
64 102
133 12
19 51
25 141
48 61
77 142
136 141
62 55
134 135
117 37
149 17
16 14
151 88
72 89
49 125
157 144
66 1
155 117
52 19
97 131
111 45
112 86
57 46
140 30
20 96
98 40
145 114
53 135
41 157
96 121
121 124
104 58
124 130
14 47
20 142
17 130
58 129
56 115
46 67
16 65
3 114
105 147
99 29
153 11
57 120
3 17
83 106
107 79
107 120
125 126
134 14
95 31
14 22
17 59
89 33
123 123
18 99
141 148
160 5
158 56
125 160
105 79
137 51
157 83
42 154
80 15
7 14
78 20
68 94
78 28
126 72
150 15
43 2
2 42
6 31
97 130
30 73
49 38
123 77
152 5
70 71
19 108
117 128
127 24
62 76
83 59
20 72
74 62
105 75
135 110
106 103
80 7
16 160
45 138
76 68
14 18
139 33
125 127
160 124
22 93
39 104
152 90
47 65
151 151
139 157
100 116
100 51
123 115
82 39
124 158
106 138
47 116
42 11
114 73
134 135
6 45
78 29
134 156
93 157
146 103
153 118
59 124
8 53
78 90
123 74
119 100
83 37
56 124
47 9
68 53
16 73
129 125
101 102
121 65
130 106
40 123
95 130
118 103
22 36
64 16
141 54
115 63
122 42
26 8
83 125
92 98
38 60
62 10
34 54
107 3
160 146
157 94
115 115
68 8
22 3
23 2
88 9
64 49
51 121
89 133
85 20
102 154
112 35
36 145
89 14
147 88
31 16
53 145
130 153
24 151
27 78
24 115
86 119
35 136
79 155
140 35
47 81
61 158
116 128
14 44
141 32
3 11
47 87
27 16
111 82
38 138
159 61
124 84
19 30
92 129
25 71
36 71
24 128
68 139
95 81
54 107
112 88
149 31
46 15
46 157
128 116
6 126
16 129
49 67
158 140
35 22
83 102
124 106
69 31
116 3
143 9
141 127
128 129
157 13
15 74
9 142
29 14
107 77
14 28
143 44
39 49
65 121
151 61
66 59
91 21
94 106
61 74
72 60
75 100
73 121
13 113
103 42
159 81
150 12
140 132
55 19
20 152
139 42
52 45
133 14
97 66
119 158
11 62
57 117
33 1
78 46