32
1024
871 944
738 51
340 469
825 188
257 1004
616 407
304 684
438 672
55 596
770 939
438 53
591 68
440 295
316 527
895 902
1023 742
822 736
792 137
180 592
324 436
571 940
842 875
599 256
522 653
851 267
568 264
319 134
331 759
428 646
261 299
523 259
16 320
994 807
456 149
374 780
585 945
695 402
795 269
657 292
922 483
558 465
746 877
598 52
611 2
697 871
300 196
105 315
515 74
97 971
222 470
726 806
390 396
184 160
664 840
451 561
299 1009
1 20
861 599
72 447
600 768
293 899
963 397
189 454
470 285
400 691
754 101
473 120
496 656
279 135
471 730
696 769
714 696
789 550
270 860
996 869
603 264
743 542
660 931
995 105
191 370
795 945
470 243
40 965
898 318
75 345
23 770
89 736
442 877
261 711
712 232
556 291
495 274
832 130
181 802
234 371
147 5
291 616
247 330
556 121
648 630
465 670
376 553
382 817
406 642
503 93
874 34
383 344
308 190
474 488
991 707
858 113
711 125
728 958
454 259
54 77
889 518
747 240
46 104
32 451
745 534
544 594
568 926
938 875
92 387
338 58
69 171
171 780
295 898
713 749
133 766
825 1021
259 547
236 304
650 267
755 371
800 274
964 343
175 877
193 266
239 530
324 308
701 494
63 995
367 775
719 499
516 520
495 774
42 730
53 692
996 807
38 772
56 1001
90 231
854 283
496 68
812 819
375 488
288 437
459 655
187 153
129 702
672 624
451 714
329 504
381 301
286 418
48 342
394 137
572 223
419 43
291 207
862 665
694 125
78 128
779 264
281 908
966 952
507 392
641 835
895 1021
111 157
414 158
498 808
295 45
6 713
87 296
919 948
961 589
49 14
716 827
277 996
710 218
924 192
610 540
3 480
537 113
636 950
271 109
733 565
153 739
253 240
10 148
163 970
736 211
983 427
14 236
399 723
453 298
915 38
837 917
518 349
5 129
275 275
238 1007
839 390
721 68
629 731
215 792
676 950
1002 635
352 1015
870 750
714 298
23 604
336 860
496 853
184 500
981 458
775 194
441 589
584 137
656 188
867 870
979 519
795 957
129 123
947 998
872 636
271 895
215 606
730 710
434 913
186 391
347 960
584 787
524 143
923 156
331 766
1 285
260 796
217 388
918 140
361 765
775 631
635 990
213 340
675 646
229 860
12 575
795 596
337 295
738 235
450 44
1000 450
329 235
221 545
622 114
684 982
879 435
589 489
400 801
829 50
422 33
910 434
607 680
5 943
974 742
153 399
786 129
849 90
363 45
634 985
159 294
942 13
728 506
501 103
282 305
152 704
337 37
113 943
717 117
861 666
858 1014
41 619
118 889
708 480
933 318
440 67
611 358
79 314
863 580
416 121
884 567
824 197
604 936
115 296
28 976
961 885
965 1001
480 58
865 163
537 774
480 977
840 66
310 919
379 148
474 794
268 333
337 67
529 940
1002 644
211 5
595 147
890 535
124 345
592 988
507 104
737 987
56 553
28 365
447 407
513 920
176 780
228 512
847 757
427 824
376 637
829 970
784 694
480 907
14 47
870 520
150 583
482 206
111 510
570 557
916 58
452 67
838 679
579 660
411 1005
459 786
618 263
731 377
956 186
259 969
232 104
465 382
686 946
587 796
431 132
328 322
190 779
389 3
434 967
662 844
947 96
606 540
359 312
916 290
498 150
235 729
254 699
86 939
620 672
711 27
804 14
348 993
793 736
995 202
678 632
21 601
727 626
116 61
938 8
351 411
157 585
115 410
259 201
325 878
872 11
904 651
24 228
619 816
963 589
1017 617
196 14
193 923
639 308
983 552
315 309
962 472
893 53
881 127
253 181
1005 100
191 884
751 215
87 345
6 26
934 1023
642 105
12 834
3 650
117 986
178 432
270 115
903 139
167 759
265 419
940 245
519 106
105 245
320 191
589 326
216 498
324 857
603 335
666 605
984 783
566 137
190 836
252 68
974 418
826 214
837 741
459 331
847 563
575 142
753 139
467 969
637 790
801 215
100 443
819 60
201 361
196 390
172 447
457 121
865 258
334 677
999 792
1007 821
330 557
962 59
695 405
3 307
170 803
521 270
221 316
329 421
676 524
810 847
971 242
967 811
500 276
463 474
44 445
270 373
1001 207
431 671
611 433
978 781
212 474
26 432
789 354
853 440
877 638
262 823
880 204
609 355
480 47
828 523
491 73
895 467
279 302
114 890
734 67
646 945
540 671
353 305
1024 181
744 876
818 1006
675 673
185 259
3 664
306 830
162 796
902 33
239 157
334 352
22 43
418 667
988 957
313 316
237 312
496 981
163 289
962 837
962 122
72 964
786 377
770 947
148 647
979 386
803 288
737 824
331 130
466 294
63 778
609 299
65 80
255 228
368 192
40 305
314 111
245 75
487 1014
1021 635
636 976
1020 415
239 733
214 569
862 680
862 924
433 446
199 498
525 453
725 893
645 764
173 958
875 417
8 337
406 4
971 18
979 967
432 194
675 645
762 512
300 600
412 733
21 610
206 546
38 930
414 682
669 586
615 519
1003 622
856 384
626 802
401 580
744 832
773 394
453 511
906 752
86 293
460 106
902 665
651 939
570 40
597 215
626 187
733 604
809 564
987 410
342 364
989 61
171 738
455 623
224 336
351 309
628 810
414 505
451 41
419 1020
80 1015
210 705
178 943
284 986
482 247
371 823
610 335
884 780
48 314
379 271
649 729
579 252
514 993
756 964
9 150
960 88
141 145
793 318
63 52
279 545
298 649
343 907
983 202
663 7
515 17
277 139
745 856
390 234
824 121
174 832
271 109
919 411
253 687
728 316
739 1006
860 12
630 178
919 588
380 557
594 894
573 871
9 293
702 398
526 501
519 699
308 789
807 202
175 36
889 902
351 603
883 186
614 488
363 508
51 742
40 645
612 612
491 620
904 168
1017 406
668 511
80 975
275 887
152 449
922 16
326 248
618 184
433 208
671 795
715 722
513 755
342 100
342 832
719 222
999 711
627 642
198 706
592 472
568 743
921 465
759 222
712 352
406 120
559 52
915 250
773 403
1004 90
502 321
921 196
542 895
906 144
512 79
850 79
551 393
822 447
858 556
668 545
907 49
665 442
101 555
691 873
957 670
963 434
990 859
629 508
730 510
651 217
589 476
296 115
869 93
561 702
648 204
222 530
253 886
971 353
416 637
201 348
282 139
781 248
998 385
755 703
895 381
919 459
857 190
573 701
282 109
378 929
312 599
435 564
461 381
916 876
1018 93
200 275
231 980
522 204
341 252
906 211
633 801
669 465
990 217
141 248
325 518
152 636
92 586
176 552
967 67
404 960
159 603
210 390
558 732
593 898
983 475
84 591
251 752
31 216
968 171
463 268
688 615
904 780
176 55
307 118
121 710
53 280
288 263
669 846
994 237
719 952
711 803
519 961
530 549
153 474
720 615
741 383
205 620
138 381
674 445
498 795
130 551
50 418
813 718
239 782
954 957
709 641
735 203
577 241
752 729
714 447
320 430
829 524
26 967
904 699
387 378
469 516
928 518
933 716
211 147
473 141
80 157
781 814
360 333
30 87
38 743
533 357
149 337
880 174
279 760
872 665
113 317
157 16
834 65
731 21
212 179
161 291
335 941
80 694
249 110
780 286
852 288
642 1000
625 498
149 903
233 1021
544 345
313 700
360 122
764 66
142 975
244 302
241 578
218 321
248 467
430 3
752 257
291 370
233 915
867 381
793 75
377 312
419 689
1011 778
811 751
843 952
701 62
230 942
639 447
238 886
913 667
889 641
923 155
1010 131
45 852
512 837
926 888
125 320
553 111
73 339
861 915
266 538
976 495
455 590
942 692
452 830
334 316
446 232
470 431
363 514
258 874
326 159
737 450
478 265
561 550
603 397
440 869
934 391
339 364
981 256
31 408
62 364
723 507
596 168
938 958
681 171
807 1006
330 519
432 807
784 992
333 362
364 772
206 274
139 545
637 95
800 668
502 861
7 200
344 602
367 257
535 23
427 317
4 756
836 435
539 595
402 871
956 766
618 138
15 756
682 651
850 457
294 327
294 301
526 637
902 892
893 413
914 295
729 918
27 540
328 565
110 730
411 42
471 4
179 485
760 860
111 585
292 405
912 585
705 413
197 582
281 65
994 170
360 699
63 386
214 391
950 324
96 336
365 566
339 543
26 74
378 136
659 669
540 546
230 220
958 426
802 214
491 771
384 850
445 446
211 659
836 136
982 931
471 322
472 809
864 497
883 217
633 517
885 148
38 90
368 995
516 145
185 1006
915 568
831 336
1013 17
994 825
152 951
731 622
248 179
406 87
675 264
303 283
780 163
431 817
253 798
788 768
942 972
749 832
515 555
143 503
571 112
303 722
38 10
319 285
188 724
371 862
988 673
121 743
836 551
536 64
324 299
831 241
246 555
48 760
85 191
238 655
302 541
352 340
550 670
624 737
369 995
574 332
643 694
51 454
220 586
517 543
884 323
783 105
877 831
864 961
1021 77
591 298
617 942
637 142
587 237
878 956
207 428
263 849
97 313
279 317
898 795
859 757
94 618
861 970
424 700
907 420
777 473
717 369
391 330
511 977
566 364
908 772
791 147
596 888
459 874
180 333
645 14
65 738
631 926
683 30
601 565
449 353
14 142