32
192
167 48
98 51
148 149
121 188
1 108
168 151
48 44
54 96
55 20
130 171
182 53
79 132
184 167
188 143
191 70
191 38
118 96
88 137
52 80
132 116
59 172
138 107
87 192
74 13
83 75
56 72
127 134
11 183
172 70
5 171
139 3
16 128
98 167
72 21
54 76
137 177
119 146
91 13
145 36
26 99
110 81
170 109
86 52
99 66
121 103
44 132
169 123
67 74
97 11
94 22
86 102
70 12
56 160
88 72
67 177
43 177
129 20
93 23
136 63
88 128
37 3
67 13
189 6
86 93
16 51
178 165
25 56
176 144
87 135
87 26
120 129
10 56
21 166
78 28
100 37
155 136
39 30
148 99
35 105
63 114
27 49
86 115
168 133
130 126
75 25
151 2
25 32
58 109
69 7
136 168
44 99
175 146
192 2
53 98
106 115
19 5
35 104
119 10
108 57
8 182
145 158
56 41
62 177
150 130
183 93
106 34
63 152
52 62
154 168
159 131
90 49
135 189
24 126
70 131
182 77
121 6
107 48
46 168
32 67
105 22
160 82
120 94
42 43
156 67
18 186
5 107
43 140
167 66
73 45
5 126
121 189
3 35
108 48
10 139
179 179
32 18
132 151
111 173
1 138
111 82
132 116
61 46
63 35
111 7
79 179
4 8
47 6
106 154
117 180
100 103
38 132
120 169
154 103
22 27
48 132
108 179
55 168
96 181
11 15
187 89
1 190
160 48
3 74
73 184
125 173
94 162
176 86
138 137
188 159
163 43
99 79
94 25
118 189
14 128
75 8
25 76
70 56
187 72
129 131
63 61
111 29
30 158
114 40
103 109
6 137
23 168
87 180
1 13
177 14
140 59
85 36
6 154
92 64
98 92
3 32
25 177
60 118
143 45
157 117
25 35
61 48
10 148
35 74
160 83
151 171
142 44
79 19
69 42
147 166
133 21
6 29
5 129
147 19
174 111
135 6
17 4
53 91
23 152
164 54
42 187
32 55
38 174
138 106
23 92
144 156
112 21
184 180
149 10
7 130
185 141
8 9
16 124
99 38
83 135
91 189
129 187
115 38
168 60
15 191
151 158
26 134
178 81
122 135
91 192
136 147
140 143
155 156
75 126
65 29
68 156
25 4
22 12
41 189
71 55
59 94
85 148
35 134
101 28
76 63
27 84
17 39
98 171
66 172
104 2
73 43
157 161
110 50
172 22
111 51
141 169
16 33
189 114
166 97
142 114
159 40
5 175
142 102
25 79
146 1
81 90
43 109
58 153
159 38
174 77
152 122
117 167
26 113
152 64
17 101
177 47
13 53
29 26
154 54
105 171
54 57
68 96
165 190
120 131
99 166
79 122
159 4
160 185
116 119
56 5
92 104
51 104
156 80
1 181
5 169
32 122
33 163
25 6
160 17
8 130
54 87
59 20
90 26
76 77
145 3
145 44
170 4
19 133
147 19
186 23
188 25
144 92
187 40
97 27
56 169
156 173
63 23
1 24
48 140
164 64
15 117
107 184
184 189
125 10
80 118
32 75
14 175
38 8
86 135
34 14
175 190
186 45
20 58
132 131
6 103
3 20
91 173
75 82
170 7
155 57
188 186
3 9
40 40
81 126
46 114
139 92
175 132
136 66
190 139
5 67
114 71
150 12
115 32
158 156
103 120
84 98
114 86
171 25
190 59
150 107
44 96
7 27
100 14
92 161
25 160
35 138
102 184
149 25
87 114
52 189
42 136
95 27
93 73
51 90
3 73
69 46
40 139
72 139
24 36
107 48
67 13
185 169
68 14
65 155
191 116
151 40
123 53
130 24
189 53
113 63
125 53
109 164
63 52
175 87
151 153
6 26
166 63
66 41
76 130
3 74
117 26
178 48
78 179
71 139
39 55
73 35
172 181
7 42
105 53
192 63
13 70
88 178
132 153
91 79
154 93
24 143
118 73
62 68
60 4
78 162
58 150
5 101
11 75
15 115
127 78
49 139
147 9
189 150
161 87
100 187
51 124
9 41
68 70
172 191
73 121
161 2
78 37
103 152
175 181
138 173
66 187
119 21
3 179
42 35
137 142
93 188
137 101
100 12
42 79
11 178
7 43
180 148
143 154
172 125
142 117
105 79
175 95
163 49
82 13
84 26
154 48
85 162
21 184
173 62
134 55
112 140
161 99
160 111
124 139
43 137
127 19
23 174
114 186
30 67
6 177
156 31
33 113
192 53
104 44
178 110
163 97
121 131
67 88
50 62
98 156
6 97
175 29
78 160
86 107
98 155
92 61
185 188
45 56
48 21
163 97
130 133
66 58
72 4
18 121
66 115
148 71
83 130
163 160
161 120
75 66
82 38
191 138
33 43
65 144
63 36
112 64
168 49
186 111
53 11
39 182
189 59
124 80
188 95
111 157
22 185
94 168
94 92
113 126
7 178
141 133
21 61
5 60
109 190
171 33
8 81
22 68
139 146
147 7
48 66
35 133
122 128
172 88
92 93
85 98
142 34
38 34
94 106
157 74
103 135
107 174
88 128
114 98
81 68
104 192
5 10
5 191
138 176
86 37
140 170
134 153
75 43
186 40
149 151
114 123
157 28
105 116
27 26
22 172
157 189
171 34
7 47
96 16
31 53
52 42
94 57
3 169
99 188
16 119
18 129
50 175
28 26
162 119
115 183
98 79
52 76
176 58
123 79
73 25
131 188
66 33
52 132
73 22
128 88
141 17
89 190
191 116
23 161
42 137
23 11
87 74
151 135
3 145
21 75
169 24
70 106
120 185
46 192
15 45
87 155
61 175
24 124
163 110
156 76
118 50
87 12
124 45
18 126
189 103
73 37
126 14
14 117
7 59
116 85
167 74
111 36
121 134
31 155
51 186
102 40
43 60
115 38
168 133
36 36
43 108
72 168
121 150
156 191
16 143
83 55
88 1
154 80
6 184
42 120
49 16
159 91
75 82
1 51
86 36
86 128
15 30
167 7
179 130
6 66
80 152
120 39
25 81
119 94
136 32
22 184
47 52
147 122
5 147
44 90
182 1
25 68
30 191
74 80
192 143
146 143
103 137
182 191
90 108
92 33
11 113
25 58
37 171
51 41
125 158
131 178
158 155
53 60
26 126
139 25
141 156
168 51
165 29
49 62
8 12
94 18
189 182
139 33
160 189
73 156
26 11
13 184
38 129
115 63
127 61
87 75
89 126
125 61
154 45
186 161
120 151
51 116
141 189
148 172
58 93
8 83
103 20
138 140
149 60
74 147
185 33
29 81
158 25
13 184
69 70
24 60
28 74
176 40
71 3
20 128
95 27
82 70
110 28
81 130
87 155
84 79
187 112
31 24
136 107
15 76
176 39
136 76
176 183
115 118
185 6
53 88
96 7
157 14
34 45
15 184
71 99
135 65
82 165
89 90
144 167
165 127
77 172
10 61
34 189
178 27
2 103
178 98
173 14
175 14
58 189
69 1
95 11
65 49
176 25
138 127
192 174
125 140
26 7
8 59
3 58
149 4
32 134
101 12
147 147
89 77
144 157
77 110
168 13
158 23
38 167
21 101
149 145
112 46
151 184
104 153
49 125
29 144
66 1
155 85
148 51
161 163
79 109
80 54
185 110
76 30
84 96
2 104
113 114
149 71
105 125
96 25
57 188
168 186
188 2
78 15
116 110
177 2
90 65
56 83
46 3
176 129
99 178
41 19
163 61
153 139
57 120
35 113
115 10
171 175
75 56
189 190
38 46
191 127
174 118
81 27
121 65
155 91
114 67
173 148
192 5
94 56
125 128
41 111
9 19
93 83
138 154
144 175
7 142
174 180
132 62
14 124
126 40
22 111
171 66
66 170
70 31
33 2
158 137
113 38
155 77
184 101
38 135
83 108
149 128
95 88
190 172
83 187
84 104
106 62
41 171
103 110
10 7
112 39
144 96
77 106
172 132
78 82
75 161
189 95
96 156
54 157
135 136
152 90
111 65
151 151
43 125
68 116
132 51
155 83
18 103
60 190
42 138
143 180
170 139
146 137
102 7
102 109
142 125
6 124
189 29
82 103
153 22
27 156
72 53
46 90
27 170
151 132
179 165
120 156
111 73
164 85
144 73
65 157
5 70
89 65
162 170
40 123
63 130
150 135
182 4
96 80
45 118
19 31
154 10
186 72
147 29
28 98
102 92
62 170
34 22
107 3
192 146
189 62
83 147
68 136
22 35
23 66
24 105
96 177
115 153
121 69
181 148
38 154
112 163
4 145
185 174
147 184
191 16
117 81
162 57
88 183
155 174
120 179
86 87
35 8
47 27
140 99
47 177
125 158
148 192
174 140
173 192
3 171
15 183
123 176
111 82
38 74
63 157
124 148
51 30
28 161
57 167
132 103
24 128
68 171
127 49
182 171
48 56
21 127
110 143
110 29
96 20
166 158
176 97
113 99
126 140
67 182
179 70
156 10
5 31
52 131
143 41
173 63
160 1
189 77
15 170
105 110
189 78
75 45
46 60
143 44
71 81
33 57
151 61
66 155
91 117
158 106
29 138
168 60
11 36
137 89
13 113
7 10
63 145
118 108
76 68
151 147
148 56
11 170
116 77
5 78
65 162
183 94
171 30
153 53
129 161
142 142