32
352
39 112
258 19
244 21
345 348
225 268
200 215
304 268
182 192
215 20
2 139
22 277
239 132
24 135
92 239
255 38
319 6
150 224
24 105
244 80
100 180
59 12
106 11
343 288
266 269
19 331
120 40
255 6
171 343
204 326
293 107
11 259
112 224
130 199
328 85
278 140
265 49
215 82
59 205
17 36
122 99
14 241
138 333
310 20
323 162
345 263
268 68
233 91
291 10
289 331
94 278
118 70
38 332
152 96
248 232
195 81
43 209
33 180
189 343
264 223
152 320
197 131
35 77
285 38
86 221
16 243
210 197
25 248
176 240
55 135
183 314
216 225
170 248
117 70
238 92
4 101
59 200
231 94
276 227
131 73
159 210
27 17
54 115
328 293
66 94
75 249
55 290
185 288
186 13
69 135
104 72
236 163
335 178
320 322
53 162
42 211
19 133
291 72
247 266
76 313
72 150
273 126
152 169
126 49
182 194
183 285
266 66
159 312
308 126
282 72
287 35
282 17
167 285
152 126
262 227
86 333
25 70
171 240
238 296
288 131
137 118
64 114
248 286
74 267
60 67
338 58
101 267
75 268
263 226
41 173
101 190
153 189
323 323
140 208
266 75
51 115
256 178
292 151
111 13
65 234
143 114
292 244
93 78
159 3
303 263
175 115
164 328
15 134
10 154
53 340
228 103
166 132
280 105
346 103
182 123
336 324
236 275
215 328
64 85
331 15
347 153
129 158
192 144
291 202
9 56
253 237
158 66
80 150
170 73
252 351
195 235
323 79
222 249
118 285
334 96
11 328
249 140
198 152
347 136
1 67
191 253
303 61
318 94
210 200
167 109
198 73
55 232
215 340
129 333
273 110
76 283
149 36
134 346
188 192
194 252
259 96
217 273
156 246
15 77
93 245
249 3
317 304
234 180
291 74
160 275
247 299
206 44
47 51
101 298
307 294
197 277
38 125
197 257
19 275
334 111
167 230
177 132
181 123
23 184
196 246
106 155
192 23
198 302
138 298
247 92
304 92
16 53
216 276
309 298
199 290
121 13
232 297
208 124
67 230
307 327
123 125
129 27
211 38
328 348
47 223
87 350
26 166
50 305
90 7
251 352
8 83
12 239
27 220
11 158
161 29
132 284
153 260
22 76
297 349
71 343
283 222
53 20
35 166
37 188
172 351
187 244
81 263
194 107
194 204
264 66
297 107
349 161
78 82
236 86
143 307
141 73
240 193
157 338
6 193
174 242
191 72
133 271
46 326
89 303
242 65
17 250
171 77
58 249
159 294
334 301
312 122
85 199
26 241
248 96
81 69
337 335
205 181
253 314
154 342
265 107
54 345
4 224
69 126
184 227
131 230
239 154
63 324
64 89
212 311
184 5
92 232
339 296
60 240
321 277
293 297
96 58
289 163
281 6
288 177
296 130
118 183
283 180
154 346
332 77
305 227
145 44
170 132
51 229
83 19
218 87
316 313
144 316
123 136
321 123
312 329
252 141
159 183
321 24
176 12
164 192
303 309
235 120
152 349
349 298
80 214
32 43
238 175
70 8
22 39
130 46
79 30
186 237
212 218
324 99
230 135
291 180
155 237
11 306
234 7
315 313
284 346
67 169
232 136
241 254
238 18
299 28
111 132
264 34
350 299
133 291
146 135
182 300
83 192
318 28
263 280
52 194
274 118
75 217
318 315
118 267
44 64
295 155
260 270
188 321
281 32
259 74
230 88
21 313
343 338
52 253
266 104
95 251
285 169
115 250
195 297
229 238
72 235
40 331
216 292
299 144
35 269
217 265
68 302
289 59
351 340
311 264
155 53
226 88
285 53
337 191
349 277
77 68
223 180
111 87
183 121
294 218
38 223
194 105
172 130
163 170
181 186
146 336
238 83
71 235
135 119
137 195
108 213
263 330
105 85
128 287
205 134
152 242
4 345
59 239
186 221
120 79
54 329
126 4
60 260
302 258
26 86
101 197
11 75
239 115
159 78
113 11
211 329
317 278
321 23
228 219
307 348
9 73
36 134
140 159
41 153
65 130
238 229
327 312
15 277
138 237
2 251
247 213
227 275
202 259
9 78
189 316
137 197
100 172
42 239
331 146
39 107
276 340
47 314
12 61
238 149
297 303
111 255
227 49
178 77
308 186
154 208
213 2
117 312
173 158
262 215
16 300
33 291
352 79
316 11
139 265
223 147
215 46
50 90
94 291
166 113
188 31
321 113
32 85
72 268
306 46
195 321
57 227
323 56
306 350
130 156
262 65
303 125
110 64
278 203
66 155
316 253
185 348
77 280
80 213
259 97
258 101
130 314
328 164
82 281
162 211
148 71
339 98
259 96
225 248
299 290
50 326
255 298
321 331
289 112
191 196
272 160
296 113
186 335
277 267
263 150
189 123
284 176
220 191
335 93
86 281
94 200
318 348
145 286
39 82
109 293
277 29
101 284
141 286
267 129
200 241
278 100
11 210
275 295
48 258
99 197
250 192
108 280
252 253
277 290
46 34
230 34
62 42
29 266
327 295
43 238
248 320
50 322
177 324
264 288
293 74
197 255
266 304
182 165
268 106
102 25
203 43
58 328
85 87
242 123
93 284
9 52
315 58
22 204
93 349
139 98
71 47
64 48
351 309
212 330
126 25
3 329
67 60
304 215
210 193
338 303
188 58
66 215
179 87
66 271
148 204
80 218
251 143
265 313
99 188
290 225
212 4
265 342
64 216
205 337
121 190
287 308
247 1
170 73
151 299
55 298
215 199
227 177
341 139
137 152
326 138
88 249
142 352
239 269
215 91
253 335
344 252
3 302
316 236
86 178
183 140
124 45
50 350
221 103
201 69
254 238
270 53
135 59
52 85
39 330
239 292
25 230
255 91
179 218
38 328
43 284
179 230
40 229
292 324
331 140
40 232
25 22
348 223
80 111
307 183
152 193
186 240
134 88
330 24
17 80
351 59
11 178
1 51
118 292
22 96
143 126
39 231
147 34
102 290
144 120
120 7
25 305
247 222
104 288
246 120
15 308
243 26
197 243
140 314
182 225
57 36
350 95
266 208
192 79
146 47
199 329
54 287
346 300
156 97
299 49
217 314
69 107
51 265
349 254
227 242
126 283
277 188
90 190
43 281
333 252
328 179
293 93
113 286
104 332
30 50
93 310
75 161
64 125
73 124
90 299
77 216
294 65
115 31
319 157
311 299
121 350
125 61
90 301
58 193
344 151
307 84
109 29
244 236
218 29
72 307
327 148
234 268
213 348
10 243
217 33
189 337
30 25
109 184
325 230
88 28
28 42
112 200
71 67
84 288
95 155
306 134
14 188
113 290
183 123
180 47
155 16
95 248
40 267
79 76
144 167
104 236
272 279
83 54
345 230
341 88
96 7
221 110
194 333
111 88
167 291
199 321
18 293
217 122
272 7
197 63
237 12
298 157
2 93
210 347
322 263
146 66
333 78
239 174
58 349
325 289
287 171
257 17
112 185
138 31
192 46
157 140
122 167
296 123
259 218
181 228
192 326
293 172
51 243
57 173
240 29
109 238
200 77
254 23
262 103
117 165
149 273
16 334
87 24
104 345
241 349
285 144
322 289
315 85
180 19
257 131
111 77
16 310
217 334
332 126
84 96
2 296
81 18
277 167
41 93
224 345
89 220
136 122
156 162
206 47
244 174
177 2
314 193
312 179
238 3
16 321
99 18
265 179
99 253
57 203
57 344
259 145
211 42
331 79
267 184
125 158
70 14
159 31
270 182
273 155
185 289
123 347
18 99
237 180
64 5
30 120
349 288
329 271
41 307
349 307
202 186
176 271
199 334
14 116
228 286
270 124
222 104
118 303
267 66
130 330
70 223
97 66
158 137
337 262
91 45
280 293
230 103
211 140
149 288
255 24
222 236
211 155
52 328
106 318
105 235
7 174
106 167
240 327
304 288
237 42
332 228
46 274
331 257
61 191
192 28
278 125
263 136
280 26
175 33
343 279
267 61
100 84
228 51
59 179
50 7
284 30
234 330
15 276
298 75
178 201
102 103
326 77
238 317
102 124
349 157
50 327
217 214
59 156
264 181
334 314
251 330
55 196
19 133
120 316
207 297
228 21
112 201
161 61
165 262
185 225
130 234
264 347
159 34
214 71
214 196
96 176
237 214
19 255
58 202
218 264
211 157
348 322
6 156
30 234
130 278
171 259
160 82
317 318
115 179
100 40
86 259
215 322
184 297
224 241
147 153
217 5
309 212
38 26
80 131
324 209
57 206
115 216
351 144
245 113
322 57
216 55
27 142
88 211
86 23
163 232
175 91
300 195
15 337
285 94
116 320
14 172
173 192
99 171
335 55
347 304
175 274
70 202
63 157
124 148
179 350
92 65
89 39
324 103
88 320
196 203
287 209
86 171
48 248
53 95
14 47
46 189
32 180
102 94
336 225
241 227
222 332
291 310
83 326
124 170
293 319
84 227
239 169
109 351
128 161
93 141
271 202
329 302
29 78
43 77
14 348
303 300
39 305
257 121
279 93
290 219
59 21
158 10
253 266
8 92
139 164
233 121
13 273
71 42
63 177
182 76
236 132
23 275
84 344
43 74
84 333
5 206
65 162
215 318
139 286
57 341
161 1
110 174