32
448
167 432
162 435
404 85
57 60
385 44
296 87
112 108
246 160
439 404
2 171
438 373
143 388
56 423
60 399
447 198
319 38
182 32
24 9
116 400
68 372
315 236
330 427
215 128
10 77
403 331
120 392
255 262
331 183
108 262
5 107
11 323
144 64
354 39
72 341
438 12
265 177
119 18
155 333
145 36
410 419
366 81
362 45
214 116
227 322
377 231
428 260
425 443
323 330
33 267
222 342
278 358
390 396
376 96
152 392
3 433
235 369
385 148
413 151
136 63
24 384
165 323
195 141
189 390
22 221
208 115
434 357
345 376
304 144
343 327
407 218
312 193
138 248
213 422
398 220
356 293
155 72
167 350
212 227
291 105
319 370
91 305
278 307
104 5
322 318
331 281
87 194
345 96
442 429
389 263
200 296
108 355
239 146
128 322
373 290
426 243
211 389
419 40
247 74
364 121
264 246
273 350
312 41
318 177
22 258
439 221
106 98
447 216
116 126
90 360
415 387
154 49
327 445
408 446
390 323
118 205
121 262
427 304
302 296
32 195
105 22
416 82
440 286
298 427
412 259
338 250
197 43
299 76
359 258
73 301
133 62
57 125
195 35
300 48
330 331
115 307
224 402
260 215
239 109
193 74
239 402
324 436
317 46
63 227
303 7
79 307
388 136
303 134
42 154
53 244
36 167
422 260
120 233
346 231
214 411
304 4
364 179
439 232
96 373
11 399
379 89
257 318
96 112
3 138
137 376
253 173
94 226
304 86
10 201
316 223
163 171
227 79
222 89
182 317
14 192
139 392
281 396
134 248
379 136
385 387
63 189
111 29
414 286
114 296
39 429
70 73
23 168
23 116
257 205
433 270
396 123
85 100
390 218
348 192
226 156
131 160
217 113
188 54
399 173
349 309
25 291
381 48
10 404
163 138
160 19
279 427
142 364
399 403
5 170
19 230
325 21
390 413
133 1
19 403
174 367
263 198
81 196
245 411
23 280
100 54
298 251
32 311
166 302
138 170
23 156
272 348
176 85
312 180
85 202
135 258
441 397
328 73
16 444
35 38
275 7
91 445
257 443
179 294
296 316
335 319
23 158
90 70
242 273
250 327
27 256
8 339
204 335
411 220
331 318
129 29
324 220
25 132
86 76
425 381
391 311
123 286
341 84
355 6
229 28
332 127
283 212
17 359
418 427
2 300
296 2
201 43
221 97
46 178
172 342
431 115
77 105
272 417
61 50
422 289
78 178
415 232
389 431
14 358
281 335
82 1
337 154
43 429
250 89
159 422
430 141
408 58
117 231
346 177
152 192
17 229
369 303
333 181
285 218
90 118
105 43
118 313
196 160
293 318
120 3
163 422
15 442
351 132
96 249
308 247
440 197
348 232
51 232
412 336
321 373
325 297
288 314
161 355
25 6
224 17
328 258
310 343
251 212
26 346
332 205
145 195
273 44
298 324
147 261
83 19
58 279
316 345
144 348
251 40
353 347
56 105
156 237
447 407
1 344
304 204
420 320
271 245
363 120
440 381
381 394
272 438
224 139
206 367
358 8
278 263
354 206
239 62
442 237
20 314
4 195
70 423
67 340
91 301
331 82
234 263
347 57
124 122
67 329
360 424
209 190
110 114
395 220
47 388
8 386
254 331
133 195
178 71
406 268
243 288
222 348
423 120
276 98
242 342
299 25
190 59
214 171
44 160
391 91
420 270
28 97
25 32
291 202
422 248
21 217
407 242
436 381
362 264
31 27
29 329
51 218
259 137
261 302
168 75
392 139
216 292
235 240
195 397
441 169
68 334
257 27
447 244
407 360
379 437
258 408
189 181
177 319
317 309
173 36
255 436
47 23
151 153
134 346
102 447
386 169
332 194
195 330
309 26
114 240
14 243
199 75
423 247
265 163
428 437
199 234
297 117
128 447
269 134
344 370
132 281
411 335
346 157
88 79
182 73
190 68
316 260
14 162
58 278
325 357
139 395
15 435
63 14
305 331
147 73
125 150
353 87
356 123
115 444
73 169
388 262
108 127
73 441
289 2
270 37
359 280
303 245
138 237
258 443
119 405
67 115
426 291
73 334
285 188
201 357
228 140
42 335
267 434
327 427
436 20
335 218
172 189
14 309
425 143
175 415
419 113
82 397
404 154
282 112
213 354
341 440
45 382
198 183
240 76
33 227
416 367
316 139
107 201
319 403
343 366
370 314
30 323
262 305
348 415
417 433
320 309
424 236
114 46
291 353
441 323
3 408
242 190
418 220
390 161
175 285
78 416
22 107
162 155
412 61
121 252
365 312
112 213
419 97
258 261
322 250
136 196
82 377
386 51
20 327
83 194
35 160
33 376
267 194
82 102
127 74
353 43
257 336
255 228
304 384
40 49
58 47
245 139
423 54
61 315
252 144
60 287
175 93
214 441
158 168
414 284
241 318
199 50
77 325
277 381
261 188
429 318
235 97
8 81
150 388
395 402
83 327
240 258
291 325
122 448
364 408
156 157
149 354
78 226
230 226
158 362
285 10
231 71
107 110
24 256
370 290
209 4
168 320
133 330
69 127
330 432
86 37
12 234
390 409
331 43
186 360
405 23
370 59
413 28
169 308
155 90
150 236
413 189
107 418
71 47
416 272
31 373
308 362
30 121
323 361
163 60
272 439
402 193
50 367
92 90
98 119
51 247
354 15
308 12
304 378
59 271
201 409
195 380
322 225
52 68
9 86
128 280
77 401
345 126
319 436
215 417
106 265
87 331
151 394
215 327
195 145
149 395
105 216
326 298
312 249
366 320
335 365
151 411
317 47
408 60
355 46
348 332
182 306
215 332
252 429
82 446
125 103
265 101
318 14
270 53
263 187
372 21
423 394
303 292
313 262
223 91
307 122
294 360
427 380
115 102
232 197
420 228
299 236
328 168
249 22
92 383
208 335
403 55
152 257
218 336
390 440
426 120
433 144
31 411
75 146
385 307
214 356
86 64
15 286
103 135
307 194
70 386
80 344
440 103
25 209
439 286
72 288
406 56
431 308
339 58
325 275
236 90
182 193
153 68
30 255
202 208
320 143
146 271
39 9
374 383
90 364
220 161
75 177
217 58
357 107
435 233
381 94
323 434
286 27
53 188
154 254
395 25
269 412
296 307
293 93
241 382
328 332
94 402
381 182
331 289
288 317
73 92
282 395
397 120
294 321
179 447
447 125
23 267
409 190
125 253
282 237
58 161
440 23
435 372
205 317
212 364
58 157
328 339
103 276
330 396
149 60
266 19
57 161
285 17
350 281
141 56
69 70
88 380
92 74
304 168
391 387
84 448
95 411
210 70
110 92
337 130
151 155
148 207
315 432
95 88
264 107
143 204
176 231
136 140
176 311
307 438
249 262
437 344
96 71
413 206
162 301
207 184
327 355
263 193
210 357
281 346
336 295
101 63
397 108
202 125
290 381
114 91
194 423
306 290
365 142
367 78
442 125
133 193
31 395
385 113
304 89
10 191
384 430
125 204
410 199
328 251
131 314
213 324
160 70
165 76
211 403
25 77
80 157
269 430
104 77
94 279
166 423
341 421
405 17
48 238
215 248
40 345
113 125
93 144
194 129
219 277
84 243
353 35
271 45
16 374
441 430
204 158
404 96
2 232
433 50
21 199
297 381
416 281
57 380
424 122
60 66
398 15
180 174
49 2
90 65
376 83
366 3
112 321
99 114
105 83
35 445
153 203
249 440
355 305
371 330
299 303
267 248
317 446
294 238
447 383
174 246
337 91
249 1
411 219
434 387
173 340
256 197
94 56
189 448
233 431
201 83
285 19
202 26
336 47
263 334
302 436
4 190
78 124
190 360
342 47
171 386
386 426
134 351
33 322
350 137
305 422
219 13
312 421
38 199
19 172
405 192
159 408
382 108
403 443
340 296
42 62
105 427
359 238
330 263
112 103
400 288
77 170
300 260
14 210
11 33
381 287
224 412
118 29
71 72
24 282
239 65
343 343
43 125
132 244
388 115
347 339
274 295
380 126
106 394
207 436
298 139
146 393
102 263
422 45
334 317
326 444
381 93
338 295
217 342
91 28
8 309
366 282
27 170
279 4
435 357
440 284
47 137
100 21
272 73
385 29
389 262
25 193
226 362
360 443
127 322
342 135
182 260
288 80
301 438
83 287
218 394
122 264
403 93
156 226
166 92
254 426
226 150
43 3
64 402
317 190
275 211
196 328
342 355
407 194
216 361
32 433
307 25
121 261
117 276
358 154
240 35
4 17
185 366
19 248
191 208
309 17
418 377
216 311
155 46
376 371
406 279
227 264
303 219
396 291
367 305
317 158
340 192
46 76
109 384
195 299
143 375
187 112
175 274
294 330
319 221
124 276
51 222
412 225
441 359
388 359
88 128
68 427
319 113
374 299
48 440
21 63
238 207
174 413
352 340
166 222
112 289
49 35
62 12
259 54
243 70
284 330
197 351
180 67
335 105
237 255
416 257
317 205
335 362
169 238
253 334
11 237
46 380
271 428
263 401
33 57
23 189
386 219
91 117
158 298
93 394
104 380
75 292
137 281
205 177
71 10
383 401
118 428
204 388
407 19
340 312
75 234
52 13
325 14
1 34
311 94
299 286
25 245
1 33
78 206