32
416
199 16
34 371
308 309
281 28
161 140
296 247
240 172
118 320
119 20
290 11
278 373
271 36
248 263
60 207
31 358
191 102
374 224
56 137
116 208
164 148
219 332
266 43
375 384
234 365
275 395
248 136
351 102
171 55
236 102
133 267
43 323
368 288
130 295
8 117
86 44
265 177
247 402
219 205
369 324
154 99
302 401
234 109
374 276
163 194
377 295
44 292
73 283
163 202
161 43
318 118
86 38
166 332
24 384
408 264
163 17
235 49
289 52
157 247
200 191
24 32
357 355
323 13
93 358
214 253
400 403
242 357
313 408
272 208
247 135
343 282
152 161
330 24
85 358
270 156
4 165
187 360
103 94
372 67
35 41
191 306
315 17
246 83
296 389
162 414
107 89
279 258
121 64
282 77
293 7
232 296
172 3
111 146
384 354
213 290
394 403
179 165
291 8
247 170
268 409
40 374
369 318
88 361
254 241
22 130
247 253
10 2
127 408
20 94
346 104
383 195
90 17
359 253
312 62
294 163
54 333
121 294
107 80
238 360
320 131
73 150
384 370
24 382
362 331
60 163
18 314
357 107
331 300
231 226
361 109
389 286
25 381
35 131
332 272
74 235
275 19
256 114
260 279
79 205
193 10
239 82
324 180
61 110
63 291
335 295
399 179
36 8
15 70
10 346
213 372
164 71
262 4
184 105
154 135
182 219
144 4
300 51
183 360
32 117
235 367
411 217
129 30
96 144
99 106
361 184
349 109
254 194
400 310
298 137
28 63
355 171
67 239
94 121
54 125
238 288
363 232
89 76
134 56
91 232
161 323
415 93
15 125
286 286
18 40
7 45
102 233
87 40
343 52
161 397
177 398
268 123
85 228
70 218
284 32
322 316
355 192
281 241
316 22
111 205
61 405
121 35
221 208
74 148
259 106
128 307
375 267
14 44
367 371
133 106
275 38
5 85
230 157
325 1
179 307
206 239
295 326
145 100
117 91
119 248
196 118
138 27
384 23
70 206
266 202
311 124
112 316
208 213
56 404
213 106
295 2
217 173
200 361
144 188
35 262
19 103
379 29
129 219
339 70
8 188
143 319
311 254
90 390
50 17
378 263
123 128
136 211
300 335
155 28
107 62
161 413
164 124
25 292
214 236
361 221
7 87
411 190
213 372
163 134
261 412
396 255
123 404
49 295
194 203
194 300
264 226
169 299
349 65
46 18
300 278
111 307
237 105
368 33
349 402
166 193
398 18
31 392
5 79
142 198
153 207
370 289
17 410
171 237
58 217
255 358
78 365
120 314
341 71
218 273
344 256
49 325
273 367
173 149
29 186
346 182
393 171
54 281
164 224
101 94
312 355
323 262
175 314
31 100
256 249
372 183
88 293
380 232
243 136
380 272
193 181
325 41
224 250
321 259
57 6
352 241
232 130
374 407
27 404
90 282
108 333
49 67
81 12
170 324
19 133
51 211
186 247
252 409
80 28
251 8
33 59
248 137
188 77
127 215
65 88
80 44
292 416
399 373
11 152
152 317
285 74
400 54
320 235
334 399
134 168
278 167
226 398
175 414
58 301
212 410
260 163
38 135
163 20
379 45
43 114
362 327
59 345
252 378
35 169
232 168
209 94
206 18
75 252
303 132
136 386
126 267
133 35
274 167
342 236
83 384
222 316
167 280
116 2
242 150
43 345
190 251
22 267
140 96
103 27
100 110
412 97
249 416
131 106
38 56
341 121
311 146
308 61
10 8
63 123
29 105
51 218
227 361
357 366
328 331
392 11
312 260
107 144
131 109
249 169
36 46
161 347
63 52
407 72
347 53
66 376
29 405
177 127
349 405
77 260
191 340
143 87
55 121
102 186
230 223
226 265
268 386
195 330
309 58
274 240
110 211
199 11
199 247
9 3
108 85
263 298
297 277
256 351
397 230
120 210
36 345
347 175
186 125
376 367
182 105
62 164
316 132
46 386
378 54
389 357
11 107
111 307
383 238
113 363
51 105
29 374
33 375
4 91
371 380
329 9
356 390
44 127
105 377
97 354
14 357
295 312
335 277
74 173
98 187
119 149
291 19
394 195
265 398
157 220
233 69
100 172
330 143
299 306
103 267
244 404
79 410
172 413
270 245
169 239
303 159
259 49
178 237
244 26
218 272
117 322
213 216
77 126
230 247
304 332
385 131
192 47
412 363
43 137
63 83
375 238
242 218
286 291
38 401
188 127
257 177
32 53
392 396
50 78
99 353
281 67
355 56
114 222
290 28
358 225
111 317
46 224
406 331
386 315
316 157
25 28
205 344
80 53
195 1
130 293
226 410
360 36
338 57
258 211
372 199
307 66
387 352
161 248
267 130
146 38
159 42
65 363
257 16
415 36
304 416
328 401
282 143
21 203
199 150
285 27
220 176
92 191
399 253
22 249
254 40
158 412
81 222
231 338
109 101
373 413
101 156
397 382
299 289
168 369
22 324
395 242
83 359
16 66
67 325
186 320
236 216
188 317
309 2
110 2
102 354
414 74
381 266
39 263
139 78
88 160
274 354
401 356
296 288
293 234
69 351
138 304
150 325
76 42
326 57
331 299
410 200
373 375
50 283
93 188
361 52
219 218
406 76
29 157
363 194
391 303
416 400
191 21
308 138
350 89
195 265
387 188
48 215
18 97
82 111
156 314
34 247
403 23
322 15
52 268
80 26
155 79
9 217
99 188
354 33
276 4
169 118
192 216
333 81
185 414
191 340
311 225
170 297
119 363
183 170
87 135
67 113
213 75
329 184
262 138
88 409
142 256
111 205
55 27
285 239
312 348
35 78
28 76
246 18
23 12
188 109
18 254
221 103
201 5
286 334
14 245
327 155
84 309
231 10
207 100
121 102
319 27
179 346
390 296
363 284
179 6
264 197
132 356
299 332
360 168
249 246
284 31
400 239
339 87
120 129
58 112
102 376
138 152
177 400
31 123
267 210
1 115
278 132
54 160
335 286
199 39
115 66
70 386
304 280
56 295
281 113
407 254
360 416
406 120
399 308
115 250
389 115
236 250
246 161
409 36
30 191
74 16
128 15
402 303
295 329
182 31
314 172
284 257
43 273
377 26
37 75
147 9
189 254
259 306
414 251
341 316
314 414
331 25
301 188
328 179
389 381
209 286
8 364
126 50
93 374
363 129
32 93
137 92
218 395
269 216
102 65
403 415
351 317
23 235
377 222
413 349
186 77
90 193
312 87
115 404
45 61
116 364
26 125
328 243
103 180
330 204
245 316
74 51
89 385
285 49
190 153
269 248
229 230
312 412
316 10
400 232
71 387
180 96
95 91
210 70
142 124
145 258
23 219
308 111
187 176
31 248
328 171
79 12
400 391
8 172
272 279
403 214
249 38
309 344
416 391
413 142
98 141
271 408
231 163
391 1
210 5
249 410
48 199
5 31
45 300
202 317
34 61
114 283
98 295
82 98
141 366
111 238
90 381
101 193
127 75
193 209
80 313
202 127
96 78
29 12
250 103
328 283
163 314
21 260
64 102
357 204
51 339
313 13
304 413
205 302
72 269
94 23
166 167
21 133
245 49
16 366
151 216
232 313
113 125
29 48
226 257
251 149
180 147
161 355
15 237
240 86
377 206
108 126
372 128
130 72
49 146
21 199
361 125
384 345
249 284
392 346
124 98
78 175
116 110
113 130
218 353
216 179
14 195
176 385
323 306
41 371
323 349
25 139
345 280
355 177
147 330
395 143
299 56
317 414
38 302
127 255
110 214
305 123
409 65
91 187
242 3
13 20
224 325
158 152
189 96
201 207
297 179
349 179
106 122
48 143
7 174
270 116
260 158
238 124
222 200
310 335
75 194
354 298
102 383
33 290
62 105
81 230
283 301
280 389
6 327
115 300
373 256
415 216
414 108
211 91
180 104
10 254
169 363
7 270
330 327
144 263
16 96
77 298
396 228
142 274
139 257
157 383
96 28
54 381
135 264
56 186
239 65
23 407
11 317
260 212
228 275
59 243
242 7
412 222
234 138
367 244
266 107
82 233
134 135
198 141
398 125
326 92
189 221
82 71
121 214
283 220
72 213
46 314
91 330
407 196
339 229
24 188
335 105
292 341
112 73
353 381
197 262
57 257
354 138
200 59
223 354
150 295
150 196
64 112
397 342
307 319
26 202
90 360
179 253
156 290
326 92
254 394
226 182
107 163
320 306
93 126
243 243
292 264
310 227
375 290
24 137
192 49
339 153
281 101
405 20
262 186
400 387
36 209
153 14
371 56
191 336
53 17
162 217
152 55
315 398
216 339
118 279
259 40
15 411
12 291
303 273
349 286
244 256
366 396
269 192
323 43
111 247
347 272
335 370
198 234
351 413
28 52
275 158
380 161
153 391
324 39
120 128
324 363
383 273
214 107
48 408
21 31
110 367
302 29
192 372
134 126
368 161
177 99
318 140
259 54
403 38
380 106
165 287
340 131
15 137
109 351
416 129
381 109
367 138
137 142
93 270
267 333
302 316
15 76
327 145
129 313
183 381
2 347
251 341
350 138
349 42
72 220
43 324
329 281
45 337
7 138
63 145
342 364
332 356
23 243
84 24
139 138
404 141
357 110
353 290
247 286
203 190
89 117
385 289
398 14