32
544
327 432
226 307
212 501
89 444
65 12
168 55
336 108
310 480
471 20
450 171
86 469
15 100
152 327
124 303
95 358
255 294
246 480
56 329
436 16
228 372
443 268
298 235
247 64
42 45
499 363
88 40
287 102
139 311
300 134
485 395
491 195
144 64
130 71
392 437
86 492
265 401
87 434
91 333
497 4
378 323
366 465
362 525
438 372
291 194
505 231
44 324
297 59
387 426
129 107
318 86
54 454
358 140
344 448
344 168
323 49
363 145
385 180
125 279
424 287
472 256
389 387
35 141
317 294
22 445
400 211
402 325
537 216
464 208
535 135
247 186
184 65
330 24
117 326
302 412
484 101
123 328
487 158
468 131
451 361
447 178
443 305
502 307
392 293
386 254
427 89
439 66
25 96
90 13
293 263
424 232
364 3
431 178
32 226
309 354
42 211
531 357
387 488
119 234
108 505
360 534
465 254
472 361
222 433
374 514
151 253
202 514
127 504
20 158
186 200
511 99
410 369
455 125
184 446
230 291
406 45
281 198
171 80
14 392
512 259
361 118
512 434
504 510
394 395
124 451
50 506
5 459
331 460
455 514
361 141
261 94
185 413
163 355
364 176
202 331
307 435
320 146
196 279
111 45
129 106
367 50
68 372
381 270
287 291
239 519
431 371
484 72
111 102
298 474
149 372
260 455
134 36
56 329
186 39
246 187
144 68
236 211
439 72
352 53
363 47
27 249
417 510
192 528
67 490
329 88
189 45
542 322
496 470
106 137
508 351
323 107
419 15
190 185
502 541
238 320
459 264
25 332
102 88
187 168
33 387
255 221
431 125
542 254
50 520
391 13
326 41
535 72
471 52
257 429
49 494
204 507
85 100
166 186
188 224
226 92
67 352
185 369
476 54
79 397
29 341
281 227
381 272
298 308
323 426
192 243
247 267
206 332
239 243
389 298
339 70
389 277
422 445
101 225
499 51
78 527
391 358
81 228
85 251
407 280
132 470
522 251
192 55
38 302
170 426
55 508
368 444
240 117
344 212
341 170
263 418
25 109
104 105
208 60
355 70
339 359
539 189
65 59
115 518
360 284
271 415
247 94
186 358
210 401
26 7
27 160
296 467
268 399
27 476
459 254
417 125
68 412
313 132
342 300
105 157
39 375
443 158
341 500
515 422
229 412
428 127
27 52
49 167
322 75
514 236
328 258
233 267
125 417
270 338
172 246
367 211
493 265
240 289
93 82
166 321
494 466
447 392
517 495
430 294
441 271
402 97
529 506
363 525
378 89
319 6
334 141
88 282
277 327
442 369
280 480
145 229
401 463
493 245
413 250
538 310
521 267
406 377
228 224
357 478
184 131
355 390
143 314
543 420
512 441
244 247
376 261
348 104
179 296
348 48
417 213
229 265
352 506
97 451
185 454
384 241
456 66
502 55
379 500
474 346
268 45
49 515
177 396
490 356
19 293
275 435
378 375
156 185
336 124
91 392
33 347
88 361
412 461
415 247
417 216
48 12
132 512
399 309
363 344
536 253
93 138
16 470
512 171
526 303
166 72
22 199
418 526
431 286
442 301
532 186
388 451
198 519
419 52
155 109
267 146
362 359
155 377
156 122
419 137
296 40
81 318
110 498
299 412
111 196
168 514
382 427
421 451
274 167
374 428
147 96
446 380
327 56
84 482
178 502
491 345
414 27
118 395
396 416
263 507
484 302
476 193
57 224
99 330
262 472
213 409
439 114
116 221
170 200
159 219
29 105
19 442
3 9
165 398
296 299
360 235
472 164
427 528
259 397
313 521
196 398
257 91
383 372
311 8
443 469
98 472
445 533
369 319
541 405
173 292
31 404
399 503
439 153
358 154
6 543
2 201
396 258
291 234
501 474
114 400
398 83
327 171
71 23
361 483
300 533
231 330
265 501
160 159
109 390
312 114
388 313
187 111
442 477
216 271
406 201
542 132
284 196
174 226
218 534
165 389
395 267
47 115
223 78
145 331
467 329
317 182
97 503
164 411
307 380
9 41
452 6
44 63
201 89
289 290
78 325
135 344
463 53
330 13
130 475
343 53
259 531
106 227
361 270
509 124
521 517
36 428
394 79
491 466
167 107
212 116
303 218
332 221
270 117
233 271
463 447
195 49
434 301
276 250
26 112
245 418
501 280
301 350
230 119
144 396
97 355
384 399
444 171
75 41
159 179
311 494
82 506
542 387
262 145
508 159
257 81
32 213
360 204
434 462
195 33
185 291
259 24
146 30
66 92
70 97
271 381
46 224
214 43
482 347
188 445
505 316
397 408
528 85
483 289
2 133
194 186
424 324
82 25
354 147
532 423
115 258
131 160
353 216
203 290
18 262
63 394
33 459
129 432
543 68
48 416
200 113
474 495
437 11
519 118
29 379
412 144
92 543
175 445
214 377
62 104
510 124
497 542
455 82
301 325
149 349
197 220
461 126
171 225
136 17
342 36
395 210
179 359
208 354
131 293
58 192
268 440
188 221
309 98
174 66
422 194
414 490
285 202
71 455
427 78
344 224
530 66
433 164
424 512
389 426
133 319
74 400
214 261
492 522
358 537
459 107
186 200
53 471
402 539
253 284
73 468
379 58
534 140
93 285
107 354
167 111
544 112
511 85
372 330
478 57
323 393
163 508
48 87
306 449
82 15
60 26
354 311
499 343
450 47
500 12
272 122
123 271
233 505
355 476
290 289
532 484
9 22
448 56
109 81
377 190
95 436
215 449
202 169
119 523
87 74
407 231
67 401
501 299
361 184
230 522
344 89
462 352
111 237
407 219
317 239
280 284
3 366
60 76
406 50
55 492
124 461
50 190
317 423
361 5
62 462
398 277
7 315
84 533
423 362
79 196
473 358
351 347
179 410
294 456
459 220
275 454
8 325
516 196
203 332
200 264
249 470
412 127
240 367
115 535
56 193
58 400
422 408
202 472
145 368
383 59
43 114
385 51
310 356
246 512
15 318
103 135
243 514
262 354
336 248
344 263
313 401
119 62
136 192
534 280
15 244
211 58
229 51
524 538
406 97
505 292
414 63
426 528
448 15
338 111
263 9
374 447
282 492
508 417
11 497
153 26
69 363
499 297
413 350
291 146
446 251
437 188
186 318
171 89
205 380
200 467
261 445
369 542
264 204
414 274
29 438
171 97
256 125
393 540
346 139
13 248
262 321
307 447
511 477
535 171
185 62
93 445
506 333
314 225
408 55
371 436
493 541
532 76
538 253
488 339
391 500
458 108
277 220
426 115
25 289
285 209
350 249
525 184
37 166
280 316
220 106
208 40
103 67
116 96
319 59
306 38
430 220
17 34
439 443
148 463
187 432
543 408
136 395
47 44
16 327
360 108
304 439
147 278
505 134
373 280
64 7
317 494
226 333
399 536
103 3
327 289
306 325
153 314
48 71
357 63
269 44
170 29
354 189
306 315
322 7
466 386
429 110
207 110
442 61
517 417
63 299
161 241
80 185
10 127
256 238
61 396
154 103
424 507
291 58
149 68
480 70
453 364
179 531
345 493
48 317
365 526
72 397
222 23
38 103
21 165
341 81
432 366
183 184
328 473
241 349
413 48
418 193
411 469
180 211
417 99
399 109
80 470
377 174
492 414
276 512
450 488
465 338
309 103
521 509
448 89
313 188
136 58
380 418
526 431
500 270
529 354
250 65
280 83
110 99
368 385
67 274
329 531
483 509
505 331
345 280
291 113
467 426
43 175
171 24
61 126
166 462
479 415
398 86
369 507
185 193
347 123
338 3
525 148
384 357
478 184
93 224
169 431
521 211
61 147
106 538
144 271
455 78
14 308
36 382
270 92
30 488
214 239
363 66
386 202
422 191
385 514
414 425
401 262
91 333
280 197
326 423
467 108
373 352
415 408
190 12
371 91
372 40
330 190
521 171
263 398
362 519
368 103
400 96
365 490
428 516
14 82
395 481
189 95
288 476
374 349
487 200
440 186
111 225
375 87
395 509
484 84
484 179
187 339
146 423
156 30
394 170
527 116
522 171
82 137
102 455
486 461
110 253
102 92
477 349
178 199
313 534
283 124
168 341
462 314
91 490
215 356
531 69
472 508
239 9
516 213
336 457
1 317
165 102
409 513
322 42
40 91
447 194
86 71
534 4
256 496
365 342
307 351
282 106
314 520
531 157
60 322
70 60
94 106
34 374
491 355
416 530
317 318
179 403
260 40
278 387
535 98
56 169
448 337
275 89
185 261
245 244
454 186
176 419
164 209
249 526
19 120
383 208
309 17
66 441
472 343
155 334
312 211
502 87
419 232
175 475
364 291
47 273
349 222
148 384
302 396
365 192
387 203
399 23
91 464
335 434
134 490
223 445
28 180
531 318
284 33
249 103
196 295
248 416
516 395
255 273
118 491
464 376
21 191
270 111
110 61
416 116
422 94
16 449
273 419
222 12
451 470
531 518
92 234
389 63
500 99
207 73
461 543
320 481
189 45
463 170
105 334
285 526
427 173
302 28
47 396
455 369
321 441
343 285
130 187
347 85
158 426
29 74
424 220
427 484
265 217
109 241
7 394
95 305
438 396
204 484
247 115
308 440
11 522
180 141
37 398
97 194
279 126
139 30
345 437
385 481
110 494