32
512
359 432
226 51
340 469
313 188
257 492
104 407
304 172
438 160
55 84
258 427
438 53
79 68
440 295
316 15
383 390
511 230
310 224
280 137
180 80
324 436
59 428
330 363
87 256
10 141
339 267
56 264
319 134
331 247
428 134
261 299
11 259
16 320
482 295
456 149
374 268
73 433
183 402
283 269
145 292
410 483
46 465
234 365
86 52
99 2
185 359
300 196
105 315
3 74
97 459
222 470
214 294
390 396
184 160
152 328
451 49
299 497
1 20
349 87
72 447
88 256
293 387
451 397
189 454
470 285
400 179
242 101
473 120
496 144
279 135
471 218
184 257
202 184
277 38
270 348
484 357
91 264
231 30
148 419
483 105
191 370
283 433
470 243
40 453
386 318
75 345
23 258
89 224
442 365
261 199
200 232
44 291
495 274
320 130
181 290
234 371
147 5
291 104
247 330
44 121
136 118
465 158
376 41
382 305
406 130
503 93
362 34
383 344
308 190
474 488
479 195
346 113
199 125
216 446
454 259
54 77
377 6
235 240
46 104
32 451
233 22
32 82
56 414
426 363
92 387
338 58
69 171
171 268
295 386
201 237
133 254
313 509
259 35
236 304
138 267
243 371
288 274
452 343
175 365
193 266
239 18
324 308
189 494
63 483
367 263
207 499
4 8
495 262
42 218
53 180
484 295
38 260
56 489
90 231
342 283
496 68
300 307
375 488
288 437
459 143
187 153
129 190
160 112
451 202
329 504
381 301
286 418
48 342
394 137
60 223
419 43
291 207
350 153
182 125
78 128
267 264
281 396
454 440
507 392
129 323
383 509
111 157
414 158
498 296
295 45
6 201
87 296
407 436
449 77
49 14
204 315
277 484
198 218
412 192
98 28
3 480
25 113
124 438
271 109
221 53
153 227
253 240
10 148
163 458
224 211
471 427
14 236
399 211
453 298
403 38
325 405
6 349
5 129
275 275
238 495
327 390
209 68
117 219
215 280
164 438
490 123
352 503
358 238
202 298
23 92
336 348
496 341
184 500
469 458
263 194
441 77
72 137
144 188
355 358
467 7
283 445
129 123
435 486
360 124
271 383
215 94
218 198
434 401
186 391
347 448
72 275
12 143
411 156
331 254
1 285
260 284
217 388
406 140
361 253
263 119
123 478
213 340
163 134
229 348
12 63
283 84
337 295
226 235
450 44
488 450
329 235
221 33
110 114
172 470
367 435
77 489
400 289
317 50
422 33
398 434
95 168
5 431
462 230
153 399
274 129
337 90
363 45
122 473
159 294
430 13
216 506
501 103
282 305
152 192
337 37
113 431
205 117
349 154
346 502
41 107
118 377
196 480
421 318
440 67
99 358
79 314
351 68
416 121
372 55
312 197
92 424
115 296
28 464
449 373
453 489
480 58
353 163
25 262
480 465
328 66
310 407
379 148
474 282
268 333
337 67
17 428
490 132
211 5
83 147
378 23
124 345
80 476
507 104
225 475
56 41
28 365
447 407
1 408
176 268
228 512
335 245
427 312
376 125
317 458
272 182
480 395
14 47
358 8
150 71
482 206
111 510
58 45
404 58
452 67
326 167
67 148
411 493
459 274
106 263
219 377
444 186
259 457
232 104
465 382
174 434
75 284
431 132
328 322
190 267
389 3
434 455
150 332
435 96
94 28
359 312
404 290
498 150
235 217
254 187
86 427
108 160
199 27
292 14
348 481
281 224
483 202
166 120
21 89
215 114
116 61
426 8
351 411
157 73
115 410
259 201
325 366
360 11
392 139
24 228
107 304
451 77
505 105
196 14
193 411
127 308
471 40
315 309
450 472
381 53
369 127
253 181
493 100
191 372
239 215
87 345
6 26
422 511
130 105
12 322
3 138
117 474
178 432
270 115
391 139
167 247
265 419
428 245
7 106
105 245
320 191
77 326
216 498
324 345
91 335
154 93
472 271
54 137
190 324
252 68
462 418
314 214
325 229
459 331
335 51
63 142
241 139
467 457
125 278
289 215
100 443
307 60
201 361
196 390
172 447
457 121
353 258
334 165
487 280
495 309
330 45
450 59
183 405
3 307
170 291
9 270
221 316
329 421
164 12
298 335
459 242
455 299
500 276
463 474
44 445
270 373
489 207
431 159
99 433
466 269
212 474
26 432
277 354
341 440
365 126
262 311
368 204
97 355
480 47
316 11
491 73
383 467
279 302
114 378
222 67
134 433
28 159
353 305
512 181
232 364
306 494
163 161
185 259
3 152
306 318
162 284
390 33
239 157
334 352
22 43
418 155
476 445
313 316
237 312
496 469
163 289
450 325
450 122
72 452
274 377
258 435
148 135
467 386
291 288
225 312
331 130
466 294
63 266
97 299
65 80
255 228
368 192
40 305
314 111
245 75
487 502
509 123
124 464
508 415
239 221
214 57
350 168
350 412
433 446
199 498
13 453
213 381
133 252
173 446
363 417
8 337
406 4
459 18
467 455
432 194
163 133
250 512
300 88
412 221
21 98
206 34
38 418
414 170
157 74
103 7
491 110
344 384
114 290
401 68
232 320
261 394
453 511
394 240
86 293
460 106
390 153
139 427
58 40
85 215
114 187
221 92
297 52
475 410
342 364
477 61
171 226
455 111
224 336
351 309
116 298
414 505
451 41
419 508
80 503
210 193
178 431
284 474
482 247
371 311
98 335
372 268
48 314
379 271
137 217
67 252
2 481
244 452
9 150
448 88
141 145
281 318
63 52
279 33
298 137
343 395
471 202
151 7
3 17
277 139
233 344
390 234
312 121
174 320
271 109
407 411
253 175
216 316
227 494
348 12
118 178
407 76
380 45
82 382
61 359
9 293
190 398
14 501
7 187
308 277
295 202
175 36
377 390
351 91
371 186
102 488
363 508
51 230
40 133
100 100
491 108
392 168
505 406
156 511
80 463
275 375
152 449
410 16
326 248
106 184
433 208
159 283
203 210
1 243
342 100
342 320
207 222
487 199
115 130
198 194
80 472
56 231
409 465
247 222
200 352
406 120
47 52
403 250
261 403
492 90
502 321
409 196
30 383
394 144
512 79
338 79
39 393
310 447
346 44
156 33
395 49
153 442
101 43
179 361
445 158
451 434
478 347
117 508
218 510
139 217
77 476
296 115
357 93
49 190
136 204
222 18
253 374
459 353
416 125
201 348
282 139
269 248
486 385
243 191
383 381
407 459
345 190
61 189
282 109
378 417
312 87
435 52
461 381
404 364
506 93
200 275
231 468
10 204
341 252
394 211
121 289
157 465
478 217
141 248
325 6
152 124
92 74
176 40
455 67
404 448
159 91
210 390
46 220
81 386
471 475
84 79
251 240
31 216
456 171
463 268
176 103
392 268
176 55
307 118
121 198
53 280
288 263
157 334
482 237
207 440
199 291
7 449
18 37
153 474
208 103
229 383
205 108
138 381
162 445
498 283
130 39
50 418
301 206
239 270
442 445
197 129
223 203
65 241
240 217
202 447
320 430
317 12
26 455
392 187
387 378
469 4
416 6
421 204
211 147
473 141
80 157
269 302
360 333
30 87
38 231
21 357
149 337
368 174
279 248
360 153
113 317
157 16
322 65
219 21
212 179
161 291
335 429
80 182
249 110
268 286
340 288
130 488
113 498
149 391
233 509
32 345
313 188
360 122
252 66
142 463
244 302
241 66
218 321
248 467
430 3
240 257
291 370
233 403
355 381
281 75
377 312
419 177
499 266
299 239
331 440
189 62
230 430
127 447
238 374
401 155
377 129
411 155
498 131
45 340
512 325
414 376
125 320
41 111
73 339
349 403
266 26
464 495
455 78
430 180
452 318
334 316
446 232
470 431
363 2
258 362
326 159
225 450
478 265
49 38
91 397
440 357
422 391
339 364
469 256
31 408
62 364
211 507
84 168
426 446
169 171
295 494
330 7
432 295
272 480
333 362
364 260
206 274
139 33
125 95
288 156
502 349
7 200
344 90
367 257
23 23
427 317
4 244
324 435
27 83
402 359
444 254
106 138
15 244
170 139
338 457
294 327
294 301
14 125
390 380
381 413
402 295
217 406
27 28
328 53
110 218
411 42
471 4
179 485
248 348
111 73
292 405
400 73
193 413
197 70
281 65
482 170
360 187
63 386
214 391
438 324
96 336
365 54
339 31
26 74
378 136
147 157
28 34
230 220
446 426
290 214
491 259
384 338
445 446
211 147
324 136
470 419
471 322
472 297
352 497
371 217
121 5
373 148
38 90
368 483
4 145
185 494
403 56
319 336
501 17
482 313
152 439
219 110
248 179
406 87
163 264
303 283
268 163
431 305
253 286
276 256
430 460
237 320
3 43
143 503
59 112
303 210
38 10
319 285
188 212
371 350
476 161
121 231
324 39
24 64
324 299
319 241
246 43
48 248
85 191
238 143
302 29
352 340
38 158
112 225
369 483
62 332
131 182
51 454
220 74
5 31
372 323
271 105
365 319
352 449
509 77
79 298
105 430
125 142
75 237
366 444
207 428
263 337
97 313
279 317
386 283
347 245
94 106
349 458
424 188
395 420
265 473
205 369
391 330
511 465
54 364
396 260
279 147
84 376
459 362
180 333
133 14
65 226
119 414
171 30
89 53
449 353
14 142