32
640
359 48
610 179
212 341
57 188
385 492
104 23
304 556
310 288
55 596
514 171
310 565
207 196
568 39
60 15
127 262
511 358
310 480
536 393
180 464
580 436
187 556
330 491
343 640
10 269
467 395
312 136
319 518
331 119
428 262
5 555
523 515
272 64
354 39
456 405
502 268
201 561
55 402
411 397
401 292
26 99
46 337
234 237
86 436
355 514
57 359
428 452
105 571
515 458
609 203
222 342
470 294
134 524
56 544
152 328
67 49
299 113
257 532
349 343
200 575
216 128
165 515
579 269
317 326
86 285
528 179
498 229
345 632
112 272
407 135
471 346
184 129
458 440
533 38
142 604
484 229
91 8
103 30
276 291
355 233
447 114
283 305
342 499
168 325
2 446
459 473
151 2
473 480
442 237
389 455
200 232
44 291
111 18
192 258
309 418
490 115
531 5
291 232
503 458
428 505
136 246
209 286
120 553
638 433
150 386
247 349
618 290
511 600
180 62
218 360
479 579
474 241
583 637
344 318
326 131
182 461
377 262
619 368
174 616
160 195
361 406
544 210
568 286
170 619
348 259
338 58
197 171
299 140
39 2
457 365
133 510
185 381
3 163
620 176
138 139
243 371
416 18
452 343
303 621
321 522
111 530
580 308
573 110
447 611
111 135
335 115
516 520
367 518
554 346
565 564
484 167
166 260
184 617
474 359
470 27
240 580
556 179
247 488
160 565
459 271
59 153
385 574
544 112
451 458
329 248
253 173
414 418
304 470
394 137
188 223
163 427
163 79
478 281
438 637
206 256
139 264
409 524
70 184
507 520
1 67
127 253
239 413
30 414
242 296
551 429
518 585
87 552
535 436
193 333
433 398
588 571
533 228
326 602
412 64
354 284
131 352
409 241
124 310
15 237
605 437
537 355
381 624
266 276
419 330
608 83
599 427
14 492
527 211
325 170
147 38
453 149
390 93
389 385
403 275
622 367
71 518
593 452
501 91
599 152
420 438
234 251
224 119
102 622
202 426
151 348
336 604
496 597
56 116
341 330
391 322
569 461
72 521
144 444
611 102
595 263
539 61
513 635
51 486
616 252
143 127
599 478
602 326
434 529
442 135
219 64
328 19
524 399
539 28
203 382
1 29
4 540
89 516
406 12
361 381
263 503
379 94
213 212
419 518
613 92
12 63
155 212
81 551
482 619
450 44
360 322
585 235
221 545
622 498
556 214
111 179
589 489
144 161
573 434
38 545
526 562
607 552
133 47
334 614
537 15
530 129
337 346
363 429
250 345
287 166
558 397
216 506
117 359
538 49
24 448
593 549
369 431
333 373
477 538
346 374
553 107
502 121
452 224
549 574
440 195
611 230
463 58
607 580
288 505
628 311
312 453
92 552
243 424
284 80
193 501
325 617
480 58
97 163
281 6
96 593
72 578
54 535
635 20
474 282
396 333
593 579
17 44
362 260
339 5
211 531
378 407
508 217
464 476
379 616
481 347
568 425
284 493
319 279
513 24
560 140
228 384
591 245
427 312
376 637
317 458
400 54
224 267
142 47
614 520
534 455
226 334
111 510
186 429
148 570
324 579
70 551
323 20
27 621
203 402
618 519
91 377
444 314
515 585
232 488
337 126
174 562
459 156
303 4
584 322
574 139
261 515
562 455
406 588
307 608
222 156
359 312
404 162
626 278
619 89
638 315
214 43
108 32
199 411
548 14
92 353
25 224
227 586
550 632
533 217
471 114
244 189
426 8
351 283
157 329
371 154
515 457
69 622
360 139
392 267
24 356
619 48
451 77
633 361
580 398
449 411
383 52
599 168
571 309
322 88
509 565
241 255
381 181
237 100
191 500
239 215
87 89
134 538
166 639
130 105
396 578
515 138
501 346
178 432
14 371
519 395
295 631
521 547
44 117
7 234
489 117
320 575
205 326
472 370
324 601
347 591
410 221
600 143
566 9
446 452
380 196
78 546
186 598
453 101
587 331
207 435
447 398
241 11
83 585
253 278
545 599
100 187
51 60
201 489
580 6
172 191
201 121
97 258
78 421
359 536
623 437
202 301
194 443
311 277
387 435
426 163
265 526
221 316
457 421
36 396
298 207
587 370
327 555
628 276
207 218
44 189
14 245
489 79
559 31
227 177
466 13
340 90
538 432
277 226
85 312
621 382
390 439
624 76
225 611
224 431
60 267
619 585
383 339
23 174
370 250
350 67
262 561
28 31
353 177
256 437
488 108
50 110
419 33
57 3
515 280
434 446
418 284
390 33
623 413
206 224
534 555
162 27
476 189
57 60
237 184
496 597
163 417
66 581
322 122
584 68
274 377
514 51
532 263
595 514
547 160
609 312
75 130
338 422
191 266
481 427
321 208
383 484
496 320
424 49
314 239
117 587
615 502
509 379
636 464
252 543
495 221
214 569
222 424
222 412
49 62
71 370
141 325
213 637
5 508
45 318
107 33
264 593
534 4
331 530
467 455
432 322
547 517
122 128
172 216
412 221
149 482
462 290
166 546
286 42
285 202
359 391
235 494
216 128
370 418
17 196
232 320
389 10
69 383
138 240
598 549
332 106
390 25
267 427
570 424
469 215
626 59
477 220
553 564
219 282
342 108
349 445
427 610
455 367
224 464
607 53
372 170
30 633
195 297
419 124
80 119
210 65
178 47
156 602
482 247
115 183
354 463
500 140
304 314
507 527
137 345
579 380
514 609
372 580
137 22
64 216
141 145
153 318
191 308
279 33
554 393
87 139
87 586
151 263
131 529
149 267
233 600
6 618
440 249
558 576
271 493
151 411
637 303
600 60
483 110
604 268
374 562
407 460
508 557
594 638
445 615
137 549
574 14
398 245
263 315
180 405
39 202
47 36
377 6
607 91
115 570
230 360
491 508
51 230
296 5
100 612
619 236
520 552
249 150
28 383
464 79
147 375
152 193
282 400
70 248
490 56
49 592
415 539
459 466
1 115
342 100
86 320
207 478
103 327
627 130
70 322
208 88
56 231
153 337
631 94
456 352
150 504
303 436
275 122
133 275
108 474
374 65
153 452
542 255
138 400
256 79
82 335
167 9
566 191
218 556
284 33
139 433
537 442
101 171
435 233
445 414
67 50
478 219
501 252
346 638
11 601
589 604
296 115
485 93
305 62
520 460
94 18
125 502
331 225
32 125
457 348
410 523
269 248
614 1
371 319
511 381
279 459
217 446
573 61
538 109
634 417
440 599
307 564
461 637
148 364
634 477
584 403
359 212
522 332
213 252
522 595
505 33
413 81
478 217
13 248
325 518
536 636
476 202
560 168
199 579
532 192
415 475
466 6
558 348
209 2
599 91
596 463
123 368
415 472
584 299
79 140
176 615
136 524
48 567
51 118
505 454
309 280
160 7
285 78
354 493
591 184
455 547
519 577
146 293
409 602
464 359
101 639
205 108
522 253
546 445
370 411
258 551
562 418
429 78
367 142
570 317
197 257
223 75
193 241
368 473
202 191
192 174
61 268
154 455
520 59
259 122
341 516
544 262
293 332
339 531
345 141
208 541
397 302
616 461
542 215
294 615
277 357
149 337
496 174
151 248
232 409
369 445
157 144
66 321
475 277
212 179
417 291
591 45
592 566
377 366
140 30
340 416
258 360
625 114
533 135
361 637
416 601
441 444
104 378
124 450
14 207
500 302
497 450
218 449
376 595
46 387
496 385
163 114
105 147
99 509
153 331
377 440
163 177
243 266
427 239
587 440
445 446
614 174
255 191
494 502
17 539
249 513
283 283
498 259
301 468
640 325
158 376
125 320
425 239
457 211
477 403
522 154
80 495
327 334
558 180
68 574
78 188
446 232
470 175
363 2
2 362
326 31
97 450
350 393
49 38
603 397
312 485
550 391
339 108
597 128
287 24
62 236
83 379
340 552
554 62
425 555
295 110
586 263
560 167
16 480
205 618
236 388
334 18
139 33
125 607
160 284
502 93
519 584
472 90
367 385
151 151
299 317
260 116
580 51
283 595
402 359
444 638
106 138
527 116
42 11
594 73
294 455
166 45
398 509
134 636
253 157
146 423
473 278
539 284
328 53
238 90
283 554
599 260
563 357
376 604
367 329
548 533
16 73
449 285
581 582
281 65
610 426
360 443
575 130
598 263
182 196
224 336
621 54
595 543
282 202
506 8
403 285
412 418
358 220
62 170
34 214
107 3
640 466
317 574
595 275
68 8
342 163
343 322
88 169
224 369
371 601
249 133
245 20
422 474
112 355
516 145
569 494
147 568
191 336
373 145
610 313
24 311
347 238
504 435
406 599
35 136
559 155
140 35
47 561
381 158
276 128
174 204
621 192
3 171
527 247
187 496
431 82
38 138
319 541
444 84
499 350
92 289
505 231
196 551
24 448
68 299
575 241
374 427
432 248
469 191
366 15
46 157
608 596
166 286
496 609
369 227
318 460
515 182
563 582
604 586
389 31
116 323
143 489
621 447
608 449
637 333
335 554
489 302
509 14
587 237
494 188
463 44
519 209
225 441
151 61
386 539
91 501
94 106
221 74
552 60
395 420
393 601
333 113
263 202
639 81
310 492
140 132
535 19
340 632
459 362
52 205
133 14
577 226
119 158
171 542
217 437
193 481
398 526