32
64
39 48
34 51
20 21
57 60
1 44
40 23
48 44
54 32
55 20
2 43
54 53
15 4
56 39
60 15
63 6
63 38
54 32
24 9
52 16
4 52
59 44
10 43
23 64
10 13
19 11
56 8
63 6
11 55
44 6
5 43
11 3
16 64
34 39
8 21
54 12
9 49
55 18
27 13
17 36
26 35
46 17
42 45
22 52
35 2
57 39
44 4
41 59
3 10
33 11
30 22
22 38
6 12
56 32
24 8
3 49
43 49
1 20
29 23
8 63
24 64
37 3
3 13
61 6
22 29
16 51
50 37
25 56
48 16
23 7
23 26
56 1
10 56
21 38
14 28
36 37
27 8
39 30
20 35
35 41
63 50
27 49
22 51
40 5
2 62
11 25
23 2
25 32
58 45
5 7
8 40
44 35
47 18
64 2
53 34
42 51
19 5
35 40
55 10
44 57
8 54
17 30
56 41
62 49
22 2
55 29
42 34
63 24
52 62
26 40
31 3
26 49
7 61
24 62
6 3
54 13
57 6
43 48
46 40
32 3
41 22
32 18
56 30
42 43
28 3
18 58
5 43
43 12
39 2
9 45
5 62
57 61
3 35
44 48
10 11
51 51
32 18
4 23
47 45
1 10
47 18
4 52
61 46
63 35
47 7
15 51
4 8
47 6
42 26
53 52
36 39
38 4
56 41
26 39
22 27
48 4
44 51
55 40
32 53
11 15
59 25
1 62
32 48
3 10
9 56
61 45
30 34
48 22
10 9
60 31
35 43
35 15
30 25
54 61
14 64
11 8
25 12
6 56
59 8
1 3
63 61
47 29
30 30
50 40
39 45
6 9
23 40
23 52
1 13
49 14
12 59
21 36
6 26
28 64
34 28
3 32
25 49
60 54
15 45
29 53
25 35
61 48
10 20
35 10
32 19
23 43
14 44
15 19
5 42
19 38
5 21
6 29
5 1
19 19
46 47
7 6
17 4
53 27
23 24
36 54
42 59
32 55
38 46
10 42
23 28
16 28
48 21
56 52
21 10
7 2
57 13
8 9
16 60
35 38
19 7
27 61
1 59
51 38
40 60
15 63
23 30
26 6
50 17
58 7
27 64
8 19
12 15
27 28
11 62
1 29
4 28
25 4
22 12
41 61
7 55
59 30
21 20
35 6
37 28
12 63
27 20
17 39
34 43
2 44
40 2
9 43
29 33
46 50
44 22
47 51
13 41
16 33
61 50
38 33
14 50
31 40
5 47
14 38
25 15
18 1
17 26
43 45
58 25
31 38
46 13
24 58
53 39
26 49
24 64
17 37
49 47
13 53
29 26
26 54
41 43
54 57
4 32
37 62
56 3
35 38
15 58
31 4
32 57
52 55
56 5
28 40
51 40
28 16
1 53
5 41
32 58
33 35
25 6
32 17
8 2
54 23
59 20
26 26
12 13
17 3
17 44
42 4
19 5
19 19
58 23
60 25
16 28
59 40
33 27
56 41
28 45
63 23
1 24
48 12
36 64
15 53
43 56
56 61
61 10
16 54
32 11
14 47
38 8
22 7
34 14
47 62
58 45
20 58
4 3
6 39
3 20
27 45
11 18
42 7
27 57
60 58
3 9
40 40
17 62
46 50
11 28
47 4
8 2
62 11
5 3
50 7
22 12
51 32
30 28
39 56
20 34
50 22
43 25
62 59
22 43
44 32
7 27
36 14
28 33
25 32
35 10
38 56
21 25
23 50
52 61
42 8
31 27
29 9
51 26
3 9
5 46
40 11
8 11
24 36
43 48
3 13
57 41
4 14
1 27
63 52
23 40
59 53
2 24
61 53
49 63
61 53
45 36
63 52
47 23
23 25
6 26
38 63
2 41
12 2
3 10
53 26
50 48
14 51
7 11
39 55
9 35
44 53
7 42
41 53
64 63
13 6
24 50
4 25
27 15
26 29
24 15
54 9
62 4
60 4
14 34
58 22
5 37
11 11
15 51
63 14
49 11
19 9
61 22
33 23
36 59
51 60
9 41
4 6
44 63
9 57
33 2
14 37
39 24
47 53
10 45
2 59
55 21
3 51
42 35
9 14
29 60
9 37
36 12
42 15
11 50
7 43
52 20
15 26
44 61
14 53
41 15
47 31
35 49
18 13
20 26
26 48
21 34
21 56
45 62
6 55
48 12
33 35
32 47
60 11
43 9
63 19
23 46
50 58
30 3
6 49
28 31
33 49
64 53
40 44
50 46
35 33
57 3
3 24
50 62
34 28
6 33
47 29
14 32
22 43
34 27
28 61
57 60
45 56
48 21
35 33
2 5
2 58
8 4
18 57
2 51
20 7
19 2
35 32
33 56
11 2
18 38
63 10
33 43
1 16
63 36
48 64
40 49
58 47
53 11
39 54
61 59
60 16
60 31
47 29
22 57
30 40
30 28
49 62
7 50
13 5
21 61
5 60
45 62
43 33
8 17
22 4
11 18
19 7
48 2
35 5
58 64
44 24
28 29
21 34
14 34
38 34
30 42
29 10
39 7
43 46
24 64
50 34
17 4
40 64
5 10
5 63
10 48
22 37
12 42
6 25
11 43
58 40
21 23
50 59
29 28
41 52
27 26
22 44
29 61
43 34
7 47
32 16
31 53
52 42
30 57
3 41
35 60
16 55
18 1
50 47
28 26
34 55
51 55
34 15
52 12
48 58
59 15
9 25
3 60
2 33
52 4
9 22
64 24
13 17
25 62
63 52
23 33
42 9
23 11
23 10
23 7
3 17
21 11
41 24
6 42
56 57
46 64
15 45
23 27
61 47
24 60
35 46
28 12
54 50
23 12
60 45
18 62
61 39
9 37
62 14
14 53
7 59
52 21
39 10
47 36
57 6
31 27
51 58
38 40
43 60
51 38
40 5
36 36
43 44
8 40
57 22
28 63
16 15
19 55
24 1
26 16
6 56
42 56
49 16
31 27
11 18
1 51
22 36
22 64
15 30
39 7
51 2
6 2
16 24
56 39
25 17
55 30
8 32
22 56
47 52
19 58
5 19
44 26
54 1
25 4
30 63
10 16
64 15
18 15
39 9
54 63
26 44
28 33
11 49
25 58
37 43
51 41
61 30
3 50
30 27
53 60
26 62
11 25
13 28
40 51
37 29
49 62
8 12
30 18
61 54
11 33
32 61
9 28
26 11
13 56
38 1
51 63
63 61
23 11
25 62
61 61
26 45
58 33
56 23
51 52
13 61
20 44
58 29
8 19
39 20
10 12
21 60
10 19
57 33
29 17
30 25
13 56
5 6
24 60
28 10
48 40
7 3
20 64
31 27
18 6
46 28
17 2
23 27
20 15
59 48
31 24
8 43
15 12
48 39
8 12
48 55
51 54
57 6
53 24
32 7
29 14
34 45
15 56
7 35
7 1
18 37
25 26
16 39
37 63
13 44
10 61
34 61
50 27
2 39
50 34
45 14
47 14
58 61
5 1
31 11
1 49
48 25
10 63
64 46
61 12
26 7
8 59
3 58
21 4
32 6
37 12
19 19
25 13
16 29
13 46
40 13
30 23
38 39
21 37
21 17
48 46
23 56
40 25
49 61
29 16
2 1
27 21
20 51
33 35
15 45
16 54
57 46
12 30
20 32
2 40
49 50
21 7
41 61
32 25
57 60
40 58
60 2
14 15
52 46
49 2
26 1
56 19
46 3
48 1
35 50
41 19
35 61
25 11
57 56
35 49
51 10
43 47
11 56
61 62
38 46
63 63
46 54
17 27
57 1
27 27
50 3
45 20
64 5
30 56
61 64
41 47
9 19
29 19
10 26
16 47
7 14
46 52
4 62
14 60
62 40
22 47
43 2
2 42
6 31
33 2
30 9
49 38
27 13
56 37
38 7
19 44
21 64
31 24
62 44
19 59
20 40
42 62
41 43
39 46
10 7
48 39
16 32
13 42
44 4
14 18
11 33
61 31
32 28
54 29
7 8
24 26
47 1
23 23
43 61
4 52
4 51
27 19
18 39
60 62
42 10
15 52
42 11
18 9
38 7
38 45
14 61
6 60
61 29
18 39
25 22
27 28
8 53
46 26
27 42
23 4
51 37
56 28
47 9
36 21
16 9
1 29
5 6
25 1
34 42
40 59
63 2
22 7
54 4
32 16
45 54
19 31
26 10
58 8
19 29
28 34
38 28
62 42
34 22
43 3
64 18
61 62
19 19
4 8
22 35
23 2
24 41
32 49
51 25
57 5
53 20
38 26
48 35
4 17
57 46
19 56
63 16
53 17
34 57
24 55
27 46
56 51
22 23
35 8
47 27
12 35
47 49
61 30
20 64
46 12
45 64
3 43
15 55
59 48
47 18
38 10
63 29
60 20
51 30
28 33
57 39
4 39
24 64
4 43
63 49
54 43
48 56
21 63
46 15
46 29
32 20
38 30
48 33
49 35
62 12
3 54
51 6
28 10
5 31
52 3
15 41
45 63
32 1
61 13
15 42
41 46
61 14
11 45
46 60
15 44
7 17
33 57
23 61
2 27
27 53
30 42
29 10
40 60
11 36
9 25
13 49
7 10
63 17
54 44
12 4
23 19
20 56
11 42
52 13
5 14
1 34
55 30
43 30
25 53
1 33
14 14