32
672
167 432
386 435
628 533
505 284
385 492
72 535
336 332
246 384
439 404
226 171
662 149
367 612
280 647
284 623
671 646
95 38
406 480
472 233
340 176
516 596
539 460
330 203
663 576
458 301
179 555
344 168
31 38
107 183
556 262
5 555
235 99
592 512
578 263
72 117
438 460
41 177
119 242
379 109
145 36
410 195
590 81
362 493
662 340
3 546
601 7
428 36
649 219
547 554
481 491
670 118
278 582
166 396
152 544
376 168
451 657
235 369
609 596
189 599
136 63
472 608
613 99
643 589
189 390
470 669
208 339
658 357
121 152
80 144
567 327
183 218
312 417
586 248
213 646
174 220
580 517
155 520
615 126
436 3
515 105
543 594
315 529
278 307
552 229
322 318
555 505
535 194
121 320
442 205
165 487
424 72
332 579
463 146
576 98
149 290
202 19
211 389
419 488
23 298
588 345
488 470
49 350
536 41
542 177
246 34
663 669
106 322
447 440
340 350
538 360
639 611
378 49
327 669
408 222
166 323
566 653
121 486
203 528
526 72
32 643
105 22
640 82
216 286
522 427
636 259
114 474
197 491
523 524
359 258
73 525
581 510
505 573
195 35
300 48
106 331
563 83
224 402
36 439
15 557
193 522
15 178
324 212
541 46
63 227
303 7
79 83
388 584
527 582
490 154
501 468
484 391
422 36
120 457
346 7
214 411
528 228
588 179
439 456
96 373
11 399
379 89
481 94
544 336
3 362
361 376
29 173
94 450
80 86
234 425
92 447
163 619
3 79
670 313
406 93
14 416
363 392
505 172
358 248
379 360
609 611
63 637
111 29
414 62
114 520
487 205
294 521
23 168
471 564
481 205
657 494
620 347
85 324
390 442
572 640
2 380
579 608
217 561
636 502
623 621
349 309
25 515
157 48
10 628
611 362
160 467
55 651
142 140
175 403
453 618
243 454
325 21
390 413
581 225
243 403
174 591
39 198
305 196
245 187
23 56
548 54
522 475
32 535
614 78
138 394
23 380
48 348
400 309
88 180
533 202
583 34
665 621
104 297
16 220
483 38
275 231
91 669
33 667
403 518
72 540
111 95
247 158
314 518
466 273
26 327
475 480
232 339
428 335
635 444
555 318
353 29
548 444
25 580
310 300
425 381
167 535
347 286
565 532
131 230
5 28
556 351
507 660
17 135
194 651
450 76
296 2
649 43
445 545
494 626
172 118
207 339
525 553
496 417
285 498
646 289
526 402
639 232
389 655
238 582
505 559
530 1
561 378
43 205
250 537
159 422
654 365
632 506
117 455
122 401
152 640
17 5
369 527
109 629
509 218
538 342
105 267
342 537
644 384
69 94
120 227
387 646
463 218
351 580
544 473
308 23
440 197
572 8
51 8
636 560
97 373
101 73
512 314
609 355
25 6
448 17
104 34
534 567
251 212
474 122
556 653
145 195
49 44
74 100
595 37
531 19
282 503
92 121
144 572
475 40
577 123
56 553
156 461
447 407
1 120
528 428
644 544
495 21
587 568
664 381
605 394
272 214
224 363
206 367
134 8
278 39
130 206
463 286
666 237
20 538
228 419
294 199
291 116
91 77
555 82
458 487
347 57
572 570
291 105
136 424
657 414
334 114
619 668
271 612
232 162
478 331
581 643
402 71
630 492
19 512
446 348
199 120
276 98
18 566
75 25
190 59
438 395
44 384
391 315
196 494
476 545
25 256
515 426
198 472
245 217
183 18
436 381
138 40
479 27
477 553
51 666
483 361
261 526
616 523
168 139
216 516
11 240
643 397
665 169
68 110
257 251
671 20
631 136
603 437
34 408
189 629
401 543
317 533
397 260
255 436
271 471
151 153
582 122
550 447
162 617
556 418
195 554
309 26
562 240
462 467
647 523
423 247
265 611
652 661
199 234
297 341
576 447
493 358
568 370
132 57
187 559
346 381
312 527
406 73
638 68
540 484
462 162
58 54
101 581
587 171
15 211
511 462
529 331
147 297
573 150
353 87
580 571
339 220
297 617
164 262
556 575
73 217
65 2
270 37
583 56
79 469
138 461
258 667
119 405
291 563
426 515
521 334
285 188
425 581
4 588
42 559
491 658
103 427
660 244
335 442
172 413
238 309
201 367
175 191
643 337
82 397
180 602
58 336
661 354
117 664
269 158
422 631
16 524
257 3
640 591
316 139
331 425
319 403
119 366
594 90
30 547
486 81
348 415
417 209
96 533
200 236
562 494
67 577
217 323
451 184
242 638
194 444
390 385
175 509
78 640
470 107
386 155
188 61
569 476
141 536
336 213
643 97
34 37
546 250
360 196
306 601
162 499
244 551
83 418
259 160
257 600
267 642
82 326
575 522
129 43
257 336
255 228
304 160
264 49
282 495
245 587
423 278
285 539
28 368
284 287
399 541
214 665
382 168
190 284
17 318
199 274
525 325
501 157
485 636
205 94
459 321
8 81
598 164
619 626
531 103
240 258
515 325
122 224
364 184
380 381
373 578
526 226
230 226
382 586
61 458
7 519
107 558
472 32
594 290
657 452
392 96
581 106
293 575
330 656
86 37
236 458
614 633
555 43
186 136
629 247
594 507
637 28
393 308
603 314
598 460
637 189
555 418
295 47
192 496
31 149
532 138
478 345
99 361
387 284
496 215
402 417
50 367
316 314
546 119
499 471
578 463
532 460
80 154
507 271
649 409
419 380
546 225
52 516
457 310
128 280
525 401
569 574
95 212
215 641
330 41
311 107
375 170
439 327
195 145
597 171
553 216
550 298
312 473
142 96
111 141
375 635
541 271
408 508
355 494
348 556
406 530
663 108
28 429
306 222
573 103
265 325
318 14
494 501
487 635
596 469
647 170
303 516
313 38
223 539
531 570
294 136
427 156
115 326
456 421
420 228
523 12
552 168
25 246
540 383
208 335
179 55
376 481
442 560
390 664
426 120
433 592
255 187
75 370
385 531
662 132
86 512
15 510
551 583
83 418
294 162
80 344
216 327
25 657
215 286
520 512
406 280
431 532
339 506
101 51
236 90
182 193
601 68
30 479
650 656
96 143
146 47
487 233
374 383
90 588
668 609
299 401
217 58
133 555
435 233
605 542
323 658
62 251
53 636
602 30
619 25
45 636
72 531
69 317
241 158
104 108
94 402
381 182
331 513
64 93
73 540
506 395
397 568
518 321
403 447
223 349
471 267
185 414
125 253
58 237
282 161
216 247
435 596
429 93
436 364
58 381
104 563
103 500
330 620
149 60
266 243
281 609
509 465
350 505
589 280
69 70
312 156
316 74
80 616
167 387
308 224
95 411
658 70
110 316
561 130
375 155
372 655
91 208
319 312
40 107
591 652
176 231
136 364
176 87
307 214
473 486
437 568
96 295
637 206
610 525
207 184
551 579
39 641
658 357
281 570
336 71
549 511
173 556
202 349
514 381
562 315
194 199
82 290
365 590
367 302
442 573
357 193
479 395
161 337
80 313
234 415
384 654
125 428
410 199
104 251
579 538
437 100
608 518
389 300
435 627
473 77
528 157
269 206
552 301
542 503
614 647
117 197
629 241
496 238
439 472
488 345
337 125
317 144
642 577
443 277
532 243
353 259
271 493
464 150
665 206
652 606
180 96
2 8
209 498
245 647
297 605
192 505
57 380
648 570
284 290
174 15
404 398
273 2
90 65
152 83
142 3
560 321
99 562
329 307
259 445
153 427
249 216
131 305
595 106
75 79
267 248
93 670
518 238
671 607
174 22
561 315
25 449
635 667
210 163
173 340
480 197
94 56
413 224
233 207
201 307
285 467
426 250
336 271
487 334
78 660
228 638
302 124
414 136
118 495
171 162
162 650
358 127
33 98
350 137
305 422
443 461
88 197
38 423
467 396
629 416
383 184
382 556
179 667
564 296
490 62
329 651
583 14
106 487
112 327
624 288
77 394
76 36
462 658
459 257
381 287
672 636
342 253
519 520
248 282
15 65
343 343
43 125
356 20
612 339
347 563
498 295
156 574
330 618
431 660
74 139
146 617
102 487
198 493
334 317
102 220
381 317
562 295
441 118
315 252
456 533
142 282
27 170
55 228
659 357
216 60
495 361
548 469
48 73
161 253
389 262
473 641
450 362
136 219
351 322
342 135
182 484
288 80
525 214
307 511
442 394
570 264
627 317
604 2
390 92
254 650
226 598
491 3
288 626
93 638
275 435
644 328
118 131
407 642
216 585
480 657
307 249
121 261
565 52
134 154
16 259
4 241
185 366
243 472
191 208
309 465
642 153
664 87
155 270
600 371
182 279
227 488
527 219
620 291
143 81
317 158
340 192
270 524
557 384
195 75
591 375
411 560
399 274
518 554
543 445
124 52
51 222
412 449
441 359
612 583
312 128
68 651
319 337
374 75
48 440
21 511
14 431
398 413
576 116
166 446
560 289
497 483
510 236
259 278
467 70
60 106
197 127
628 515
335 329
461 255
640 481
93 653
111 362
393 14
477 558
459 237
46 156
47 428
263 177
33 57
247 637
162 443
91 117
158 298
317 618
552 156
299 516
137 281
205 401
295 10
159 625
118 204
652 164
631 243
340 536
299 458
500 461
101 462
449 258
87 94
75 510
249 245
225 257
526 430