32
608
263 368
130 435
244 597
249 572
545 204
456 375
176 364
118 128
567 372
226 107
54 149
495 228
504 487
476 431
223 422
415 198
182 544
24 137
532 592
100 180
507 268
266 75
343 384
522 13
467 459
440 520
607 326
139 215
524 326
357 139
139 163
336 32
98 71
168 341
54 588
521 273
567 498
347 301
273 580
314 451
430 145
362 141
182 212
355 98
537 103
236 388
585 283
419 74
353 299
414 118
278 38
102 236
536 448
248 520
131 273
75 561
129 436
93 311
360 159
408 608
581 355
387 557
349 518
22 93
208 147
530 197
505 24
432 144
183 391
375 26
56 449
586 184
597 390
494 60
260 5
59 232
359 446
180 419
355 521
223 274
379 145
470 595
488 5
450 382
395 217
407 450
377 96
26 77
197 231
136 456
236 195
399 306
352 290
117 418
202 339
83 293
195 552
279 74
268 121
168 54
49 574
216 137
382 561
214 578
183 349
426 418
255 536
436 606
218 264
415 131
602 209
423 509
472 414
294 131
534 461
185 294
139 112
430 520
64 355
489 246
96 18
376 62
554 523
60 483
178 186
5 171
395 428
391 258
233 77
389 478
537 285
483 67
108 304
586 171
371 179
128 178
516 503
239 461
417 10
47 306
196 52
189 302
479 579
559 423
47 51
4 584
47 486
362 154
501 52
324 263
550 452
440 457
58 391
22 187
400 68
492 595
119 72
608 309
43 559
123 89
1 126
384 48
3 138
521 216
509 237
478 450
400 22
298 457
412 319
35 203
387 527
510 217
310 509
526 352
171 40
441 172
486 536
539 488
65 163
95 573
399 285
414 510
306 424
359 109
134 105
23 232
343 244
449 45
145 366
396 315
117 548
198 602
476 448
194 252
3 608
537 113
284 54
15 301
477 85
121 323
189 144
554 532
387 106
576 243
183 75
558 300
335 467
5 522
19 198
165 341
198 413
453 193
467 179
494 335
263 6
369 452
149 27
87 248
132 374
490 27
448 151
326 494
330 330
407 348
240 572
80 149
376 244
341 554
423 226
601 77
552 361
240 412
387 326
51 231
91 253
257 251
115 294
136 444
335 543
183 574
218 582
114 305
218 455
251 352
392 563
428 335
315 60
139 414
97 509
36 188
153 292
150 588
585 285
423 311
539 318
597 468
291 422
485 220
268 447
571 372
401 103
418 107
482 556
520 290
169 267
477 33
270 338
12 566
335 435
589 265
464 577
445 466
390 321
78 370
159 360
133 559
174 550
377 367
210 1
49 90
267 237
122 537
575 134
494 301
280 474
277 135
154 113
312 256
433 389
17 303
461 469
253 346
410 22
105 331
22 473
420 288
101 254
536 67
99 134
79 90
319 356
544 473
468 247
120 5
348 456
307 200
316 560
257 437
293 73
480 26
545 3
313 38
256 561
424 66
406 503
155 116
250 90
300 429
337 131
145 76
298 452
595 5
115 243
154 119
316 25
144 572
27 168
1 603
120 137
60 237
31 215
353 600
304 364
132 352
207 277
427 504
440 125
509 266
80 54
384 395
398 527
70 424
406 71
418 238
527 478
474 557
84 538
260 99
294 391
451 500
379 589
107 210
106 7
187 185
380 570
291 169
200 360
305 606
142 114
235 380
303 100
328 98
30 299
197 35
402 359
246 172
51 352
94 476
71 280
372 450
242 54
331 153
126 27
150 587
460 384
359 155
196 398
252 545
409 160
579 202
230 216
373 281
279 466
468 349
138 232
191 91
605 521
243 122
259 105
421 110
200 491
264 395
600 228
331 400
99 13
601 329
548 78
321 219
255 180
567 392
123 149
194 120
381 149
241 351
253 373
461 452
575 436
559 567
375 601
70 474
6 383
514 553
460 226
163 106
117 442
210 240
590 115
359 75
263 311
137 227
396 597
71 362
137 341
32 511
333 422
376 338
196 281
603 367
218 157
184 47
598 105
606 292
220 68
78 194
378 214
421 485
523 203
559 51
543 302
273 267
115 361
317 22
33 311
100 571
179 284
329 489
100 326
492 31
393 281
225 482
494 357
359 120
271 21
490 525
322 155
183 437
515 211
170 259
233 270
541 412
265 261
4 364
298 495
395 402
167 331
276 372
399 346
204 61
366 85
585 399
559 479
547 177
82 109
436 314
378 80
437 354
53 440
109 350
38 215
464 204
257 131
288 47
188 491
107 265
287 403
55 558
274 602
126 67
102 273
92 191
353 241
544 405
72 364
466 430
291 321
345 547
163 24
594 62
226 412
326 225
207 381
174 192
86 299
578 507
572 61
89 28
13 344
432 405
419 1
226 101
34 570
40 516
306 25
578 531
148 295
467 354
387 32
257 184
331 226
82 6
607 490
33 11
545 176
415 356
496 352
456 241
26 207
149 331
231 438
573 91
444 432
444 223
175 93
406 505
30 200
222 28
81 254
359 18
141 485
373 29
229 540
269 254
139 129
584 81
566 260
171 402
83 327
16 258
131 133
474 160
44 408
508 125
373 258
462 514
134 546
542 74
189 522
327 327
43 14
120 608
594 2
401 68
328 128
37 170
581 223
330 16
22 229
460 394
486 25
11 331
570 264
405 151
178 443
189 220
457 20
539 442
22 44
221 61
171 578
231 463
512 272
479 245
500 42
350 89
67 361
419 28
16 535
498 193
370 79
124 538
418 375
83 439
418 303
212 588
592 442
443 495
105 25
131 316
66 481
404 452
553 534
480 568
461 81
473 222
159 596
151 577
362 233
119 491
247 330
183 551
483 337
437 587
361 280
294 138
472 409
590 416
335 173
375 187
253 239
120 124
547 590
412 12
534 242
503 172
572 77
434 446
413 583
137 485
254 142
334 437
551 315
244 597
199 330
495 452
281 6
287 539
595 90
262 232
331 476
115 6
264 549
164 388
523 300
264 168
441 310
316 95
16 271
83 535
312 577
90 304
294 376
234 600
177 208
223 507
75 338
225 339
598 388
118 512
399 94
391 551
403 98
38 130
368 440
56 391
121 145
87 126
232 32
118 408
239 52
19 314
101 243
364 90
22 193
601 132
286 383
74 400
192 431
530 271
263 297
54 95
154 140
220 385
491 337
185 122
101 203
147 201
445 222
291 178
414 283
309 412
378 382
203 569
525 444
232 179
453 605
273 606
456 204
382 338
253 278
171 353
480 317
553 28
250 235
525 56
230 545
179 607
31 381
567 555
537 510
125 381
506 109
90 353
24 183
403 276
461 573
20 44
602 285
392 243
519 308
10 140
245 188
458 595
281 129
541 209
30 377
301 248
485 102
312 220
284 106
496 456
71 227
500 64
511 283
18 134
302 28
593 258
215 443
244 495
571 176
415 312
552 427
559 140
528 263
360 524
80 567
371 470
185 582
533 88
576 263
221 270
290 205
239 216
359 483
423 321
370 229
25 26
368 295
165 287
269 236
202 349
514 285
210 91
258 455
498 226
429 430
207 110
26 445
37 97
319 459
417 401
80 153
426 447
448 302
445 428
250 359
168 155
35 90
565 292
256 454
517 76
275 435
505 13
272 541
109 302
392 237
94 183
390 231
341 549
533 177
80 494
535 568
40 569
49 317
573 16
162 193
91 149
20 595
161 3
239 589
304 22
537 110
204 318
340 544
578 584
433 50
469 359
9 221
32 377
537 316
392 410
508 194
558 239
500 430
241 130
122 545
152 51
366 67
80 97
3 50
73 435
419 253
505 139
185 248
227 113
563 10
235 175
523 184
413 414
326 366
543 447
14 406
209 379
473 289
475 187
50 259
333 180
224 549
318 408
189 544
233 463
265 467
29 179
362 154
304 79
519 238
238 532
356 446
302 540
126 488
118 495
459 162
66 74
102 95
481 290
30 425
145 6
283 493
504 37
38 199
115 268
149 64
191 504
510 204
147 347
404 264
234 254
137 299
39 238
394 231
528 135
48 384
141 330
268 356
78 18
555 193
285 415
256 188
22 477
391 168
216 506
143 449
151 279
139 509
516 244
132 147
379 179
242 231
220 510
586 298
239 244
202 523
370 169
102 391
38 205
558 573
102 412
413 573
82 263
473 310
507 316
456 597
494 90
539 426
311 228
435 261
472 28
175 233
516 597
336 553
513 605
517 6
409 33
290 490
8 155
511 226
182 359
214 68
160 464
205 182
83 31
154 266
58 328
211 285
28 546
230 540
542 458
258 54
203 547
544 210
413 446
435 595
516 360
374 387
215 578
280 9
608 433
275 377
473 485
53 500
134 602
144 387
164 401
441 78
339 376
607 464
533 433
450 153
504 215
251 430
504 531
438 215
67 104
591 251
300 355
463 433
61 606
212 544
110 44
13 160
131 11
15 375
155 464
239 370
390 490
191 285
124 20
499 510
444 193
153 135
260 7
280 32
4 491
575 113
246 299
272 88
21 607
174 175
462 413
256 564
6 446
240 129
465 451
30 300
35 182
147 6
508 426
37 511
20 3
335 265
13 319
64 33
317 237
527 490
41 174
445 46
11 397
494 188
239 236
199 593
417 345
599 29
162 27
539 181
350 586
157 362
296 540
107 324
169 345
205 529
519 42
287 241
150 172
140 388
407 339
372 536
75 74
564 237
421 206
129 162
183 286
235 190
217 53
225 97
398 430