32
736
647 560
290 371
212 469
505 188
449 108
488 727
496 556
406 512
695 148
450 651
566 469
399 324
440 295
380 335
319 102
191 454
662 480
88 361
212 80
548 148
411 524
362 171
567 32
170 13
403 107
152 232
575 550
555 503
332 422
325 651
523 515
368 672
258 679
296 693
22 332
105 657
343 690
91 173
721 484
186 611
590 337
106 653
374 148
419 706
569 7
620 580
9 475
515 266
417 299
222 662
630 550
70 236
504 160
632 712
131 305
75 721
129 180
637 503
552 543
472 608
37 579
451 45
541 454
310 221
16 19
370 133
57 440
368 48
87 487
247 442
56 321
426 184
725 550
686 28
580 645
635 616
487 350
660 515
67 457
223 306
699 593
438 243
520 293
514 94
43 25
535 98
569 448
282 45
485 455
72 328
364 707
431 338
544 578
117 98
298 339
403 485
419 104
727 202
620 505
520 662
17 318
248 73
254 17
118 2
471 189
330 98
383 248
660 190
90 264
287 611
602 177
359 509
504 574
198 387
342 717
313 582
523 48
654 40
64 259
41 534
448 594
120 318
106 267
508 419
530 282
293 395
459 652
391 226
489 589
613 318
569 413
387 355
684 304
394 11
51 659
32 722
4 151
303 109
417 298
15 434
580 308
317 526
223 707
15 199
559 115
4 392
15 390
234 698
181 116
708 231
262 4
216 265
378 7
598 283
304 612
716 147
183 296
160 629
267 175
91 89
289 94
704 304
483 202
489 152
541 461
382 66
688 86
330 329
92 191
611 395
67 591
30 473
374 189
366 640
587 456
729 140
38 184
667 520
385 643
671 189
367 541
254 542
626 72
135 717
262 233
599 552
311 116
289 685
305 654
588 155
597 68
518 634
252 672
642 124
579 64
537 433
604 278
239 717
349 597
185 99
93 48
650 404
163 426
352 691
567 427
110 428
719 115
549 458
275 454
581 341
518 605
37 609
147 499
590 495
359 38
81 452
85 219
343 472
644 182
426 699
608 23
390 78
362 202
535 636
144 380
240 149
248 500
21 618
263 610
601 621
136 681
560 444
163 166
179 295
347 93
257 443
339 134
520 700
559 319
599 702
186 326
114 657
90 135
539 576
232 627
460 367
571 284
75 222
673 477
516 284
569 36
214 396
169 733
359 727
539 446
181 212
35 518
357 348
652 383
187 372
273 135
226 107
642 300
328 66
265 331
349 321
590 50
716 246
271 339
461 73
272 641
509 530
422 129
142 562
511 552
197 47
174 422
377 303
210 193
369 698
523 205
282 377
255 262
622 525
88 346
85 359
474 593
376 384
721 517
209 719
557 629
29 218
314 406
521 11
598 377
708 384
581 478
248 99
227 358
111 538
191 196
384 665
52 23
312 261
28 8
243 584
636 272
289 437
165 297
672 250
673 131
633 518
608 369
104 322
214 215
123 404
410 506
556 685
529 355
433 556
586 676
627 485
435 179
410 87
476 345
336 636
475 456
417 571
88 9
156 525
223 279
193 120
48 236
292 64
79 725
619 664
152 733
413 74
400 86
160 139
654 495
262 392
438 679
226 14
175 382
538 397
660 218
4 195
454 295
259 532
507 365
683 658
362 359
219 25
668 378
387 585
360 648
465 62
78 690
75 476
559 612
136 706
94 363
165 35
146 647
54 652
499 736
62 348
583 280
596 514
658 246
587 505
382 315
566 683
492 640
423 315
4 46
284 321
633 672
355 42
70 408
693 569
631 18
404 477
298 264
255 443
733 105
211 378
643 265
549 398
392 459
712 395
728 484
715 624
643 557
665 713
452 110
33 347
351 436
87 648
187 341
578 184
669 277
561 63
541 597
461 196
543 660
79 535
631 281
646 538
102 63
2 553
172 34
163 522
693 474
658 144
78 723
327 235
263 375
521 291
460 245
487 266
393 53
288 287
333 422
88 434
484 89
475 143
346 637
152 527
374 297
158 676
284 708
398 34
346 182
325 293
651 299
47 307
351 558
81 683
243 393
605 214
481 343
580 315
467 732
329 329
516 486
492 287
457 377
321 290
558 133
583 696
655 117
490 493
674 571
439 181
227 531
618 195
361 462
733 92
681 325
644 460
298 399
11 242
39 555
532 84
175 602
268 93
718 21
585 143
79 511
547 529
306 429
724 666
154 208
245 322
21 152
45 318
38 279
48 76
321 579
384 495
668 651
587 137
159 659
279 462
434 90
254 227
518 465
380 159
673 113
480 693
264 12
498 526
515 545
89 99
611 472
594 30
610 668
166 257
591 445
718 512
22 235
226 27
700 605
185 124
205 152
80 693
387 65
482 165
98 570
264 196
530 121
226 403
276 391
147 130
323 128
129 568
363 354
594 550
447 266
673 651
641 240
607 292
528 576
456 113
634 207
309 427
327 22
317 91
636 464
220 223
79 349
54 441
190 136
478 636
401 414
39 306
141 133
597 669
709 540
45 606
11 577
296 561
598 100
651 498
563 359
720 642
195 261
570 384
620 536
508 285
437 546
78 578
678 162
510 138
189 42
7 199
619 526
248 480
114 386
241 676
8 448
69 426
197 127
74 80
662 581
588 362
390 153
427 555
314 424
693 503
466 187
189 348
713 660
315 90
310 44
253 541
491 546
231 175
160 528
255 309
372 330
158 249
483 585
67 60
272 247
50 1
434 239
572 634
386 375
211 695
418 463
724 172
496 218
347 655
9 89
227 604
418 385
116 388
457 406
448 728
653 721
217 350
223 52
247 609
426 457
55 331
407 42
727 391
483 561
309 491
649 24
358 554
632 697
206 352
367 141
343 283
125 559
120 572
99 590
668 12
534 210
343 204
252 333
82 734
157 615
713 293
638 558
334 21
519 539
372 373
167 202
143 292
249 262
351 571
115 282
70 136
491 636
563 230
456 645
452 100
523 428
392 424
249 214
668 255
16 527
627 407
216 33
186 688
518 536
522 120
305 80
255 59
715 82
513 435
214 228
534 736
143 414
647 615
627 578
134 130
368 248
536 71
505 721
23 510
8 32
630 312
111 372
595 90
677 371
12 154
598 33
153 228
446 63
106 560
128 463
690 719
711 713
54 703
186 76
476 193
331 369
505 442
229 363
19 169
733 254
323 82
286 475
309 220
26 414
43 153
365 220
136 339
421 413
305 606
712 268
62 306
125 54
235 353
416 253
521 636
730 107
205 280
70 1
723 95
639 29
247 267
473 606
605 157
282 397
250 257
152 535
51 276
589 285
628 492
26 637
616 19
7 84
522 76
85 508
394 211
25 129
477 497
734 569
141 504
229 614
248 604
412 298
144 488
583 259
244 608
159 123
114 390
430 636
689 2
407 347
212 431
475 688
415 696
520 43
463 236
656 711
104 556
496 471
307 566
729 38
437 152
384 39
541 78
674 493
303 568
327 515
487 65
690 165
25 698
432 711
197 351
173 524
170 669
482 701
498 475
2 423
114 386
685 142
687 622
634 253
677 449
31 427
513 209
592 25
170 287
736 590
125 396
602 519
328 347
483 314
309 484
224 422
133 172
563 307
281 685
560 221
397 78
648 397
286 727
422 679
501 645
533 625
528 622
407 344
232 153
657 29
125 368
450 481
539 501
52 83
449 99
527 333
176 438
217 686
428 638
628 192
34 648
305 562
533 711
169 253
352 313
281 700
680 218
444 706
718 719
276 654
81 66
474 257
504 691
430 419
80 321
611 114
233 179
163 253
377 555
729 216
355 273
179 298
715 111
491 696
93 30
102 398
95 575
142 86
17 571
505 97
155 603
434 611
269 84
352 133
638 344
349 256
105 15
41 83
125 531
266 442
48 367
103 142
430 244
452 446
78 444
542 456
310 463
555 66
546 170
198 671
513 546
190 105
561 454
187 173
472 453
614 519
83 204
149 736
447 600
446 12
531 475
692 104
202 510
393 11
167 590
682 167
400 359
272 448
77 458
620 36
398 722
555 481
189 191
480 124
278 413
135 72
152 314
399 353
87 55
363 477
644 532
644 531
155 179
466 455
124 350
490 522
559 532
490 11
210 457
134 487
134 493
558 509
70 444
125 381
498 711
121 630
507 252
424 149
430 154
91 42
727 68
51 37
600 540
47 73
484 405
48 617
385 93
389 454
537 1
322 298
200 443
415 194
182 103
342 612
480 656
141 694
723 191
218 74
730 264
371 701
156 418
582 540
510 458
482 534
683 67
96 146
733 510
339 179
100 168
278 67
87 418
248 297
608 465
371 89
217 5
53 372
646 122
400 643
68 145
441 238
211 536
607 432
533 209
610 121
600 151
411 174
56 659
470 151
611 104
239 315
332 515
175 241
125 574
148 416
206 588
653 640
611 523
335 631
219 208
239 306
582 650
479 637
60 212
51 158
540 513
473 135
516 647
600 128
484 11
543 689
86 683
592 184
693 415
302 175
622 541
704 692
678 446
592 1
657 131
158 460
643 630
83 646
28 682
37 511
180 579
687 265
13 31
672 705
445 237
367 554
41 334
509 718
43 589
206 188
719 588
135 113
481 217
23 733
162 59
507 341
126 682
93 138
712 252
331 644
489 185
461 17
519 234
223 49
310 428
460 292
279 595
404 248
75 650
244 237
197 238
65 322
183 158
683 382
409 501
513 385
686 238