32
768
359 432
482 51
340 725
313 188
1 492
360 151
48 428
438 672
55 596
514 171
182 53
79 324
184 551
572 527
383 646
767 230
310 480
280 137
436 80
324 692
59 172
330 107
87 768
266 397
83 267
56 264
319 134
587 759
172 646
5 555
523 3
16 320
482 551
456 405
630 268
329 177
695 146
283 13
145 36
410 483
302 465
746 109
86 52
99 258
697 103
44 708
361 315
259 74
97 203
478 214
470 294
646 396
440 160
664 72
451 561
43 753
513 20
93 599
328 447
88 512
37 387
451 397
189 198
470 285
400 435
754 357
217 632
752 144
279 135
471 218
696 513
202 440
21 550
270 604
484 613
347 520
231 30
148 675
227 105
447 114
27 433
470 499
552 709
130 318
75 601
535 2
601 224
442 109
261 199
712 744
44 291
751 530
576 386
437 290
490 115
403 5
35 104
503 586
300 633
392 374
721 158
632 41
638 561
150 130
759 93
106 34
639 344
52 446
730 744
735 707
90 625
711 381
216 702
454 515
566 77
121 6
491 240
46 360
32 451
489 22
544 82
312 670
426 619
348 643
594 570
581 683
427 524
551 642
457 237
389 510
313 765
3 35
492 48
394 523
755 371
32 18
708 343
687 365
193 522
495 274
324 308
445 238
63 227
111 7
463 755
4 8
239 6
298 730
309 180
484 295
38 516
312 745
346 487
598 27
240 324
300 563
631 744
288 181
203 399
187 665
385 190
160 624
195 458
73 760
125 557
286 162
560 86
138 137
572 735
163 43
291 463
94 409
694 381
590 128
267 8
25 652
454 440
763 648
129 323
639 253
111 413
414 158
498 40
295 301
6 713
599 552
663 180
193 589
561 14
716 59
277 228
198 730
668 448
98 284
3 224
25 369
636 694
527 621
733 309
409 227
253 240
10 148
419 458
736 467
727 171
526 236
655 211
453 42
147 550
325 405
6 605
5 129
531 19
750 495
327 390
209 580
629 475
215 536
164 438
234 379
608 247
614 750
714 298
23 92
336 348
496 597
184 756
725 202
7 706
185 333
584 393
400 700
99 614
467 519
283 189
129 379
691 230
360 636
15 383
727 350
218 710
178 657
698 135
91 192
328 531
524 143
155 156
75 510
257 29
260 540
217 388
406 396
617 765
263 631
635 478
469 340
419 134
485 604
268 63
27 84
593 39
482 747
450 556
488 194
73 235
733 545
110 626
172 214
111 435
333 745
400 33
573 306
166 289
142 690
351 424
5 175
718 486
409 655
530 385
81 90
619 301
634 729
159 38
174 269
728 506
501 359
26 305
152 448
593 293
369 431
205 629
605 410
346 246
297 363
630 633
452 480
165 574
696 323
99 358
79 314
351 580
160 377
116 311
56 197
92 680
627 296
540 464
193 373
197 745
224 314
609 163
25 6
736 209
584 322
54 663
635 404
474 26
268 77
337 579
529 428
746 388
211 517
339 403
378 23
380 601
336 476
763 616
481 219
56 553
540 365
447 407
1 408
432 524
740 256
591 501
683 568
376 381
317 202
272 694
224 651
14 559
614 8
662 327
226 206
367 766
570 45
404 58
708 323
582 679
579 404
667 749
459 274
362 7
731 633
188 186
3 201
232 616
465 126
430 690
331 284
175 132
328 66
190 523
389 259
690 455
150 588
691 608
350 540
103 312
660 290
498 662
747 217
766 443
342 683
620 672
199 27
292 14
92 737
25 736
227 714
678 376
533 601
471 114
628 573
426 520
95 411
669 73
627 666
3 457
69 622
616 523
648 139
24 228
107 48
451 589
761 361
452 14
449 155
383 308
727 40
315 53
706 216
381 53
113 639
509 437
493 356
447 628
751 471
343 345
6 26
166 255
642 617
268 322
3 650
117 218
178 432
270 371
647 139
423 247
265 419
172 757
7 618
105 245
576 447
589 70
472 754
324 345
91 79
154 93
216 527
310 649
446 68
252 580
462 162
58 726
581 485
203 75
591 307
319 654
241 139
723 201
381 534
545 471
100 187
51 316
201 617
452 646
172 191
457 121
353 2
78 421
487 536
751 565
330 557
450 571
695 405
3 563
426 35
521 526
477 572
329 677
676 12
42 79
203 754
199 43
756 532
719 730
556 701
526 117
489 463
175 671
355 433
466 13
468 218
538 432
277 354
597 184
365 638
518 55
112 716
353 99
736 303
316 523
235 329
127 211
23 558
114 378
222 67
390 177
540 415
609 305
768 437
488 620
562 494
163 673
697 515
259 664
50 62
674 540
390 289
751 413
78 352
278 299
674 155
476 445
569 572
237 56
240 213
163 289
706 325
450 634
72 196
18 121
258 691
148 647
467 130
547 544
737 312
75 642
466 38
575 522
609 43
65 336
255 228
112 448
552 49
570 111
245 587
231 758
765 635
124 464
764 671
495 733
214 569
94 168
94 668
689 702
199 754
525 709
213 637
389 252
685 190
363 417
8 81
406 260
715 530
723 199
432 450
419 133
506 512
556 88
668 477
277 98
718 34
38 418
670 682
157 74
103 519
491 366
88 128
114 290
657 68
488 576
5 394
197 767
138 752
86 37
716 362
134 153
651 427
570 40
341 727
114 699
733 604
297 308
219 410
598 364
733 573
171 226
199 623
480 592
607 53
628 42
670 249
195 553
675 764
592 503
210 705
434 175
28 218
738 503
115 567
98 79
628 268
560 58
123 271
649 217
323 764
258 225
244 708
265 406
704 88
141 401
281 574
575 308
23 545
42 137
599 395
471 458
151 519
3 529
21 651
745 600
646 490
312 377
430 576
15 621
663 155
253 175
216 316
739 494
348 268
118 434
663 588
124 45
594 126
573 103
265 37
702 398
14 501
7 443
308 277
551 458
687 36
121 134
607 347
627 186
102 232
619 252
307 230
552 133
612 612
235 108
648 168
505 150
156 767
592 719
275 631
664 193
154 272
582 760
618 696
433 208
159 283
459 466
1 243
86 612
86 320
207 222
743 199
371 130
198 450
80 728
312 231
409 465
503 478
712 608
406 376
47 52
147 506
5 147
236 90
758 577
409 452
30 383
650 656
768 335
338 335
295 137
566 191
90 300
668 33
395 305
409 442
613 555
435 617
701 158
707 178
734 347
629 252
218 510
139 217
333 732
552 627
357 605
49 446
392 204
478 18
765 374
715 609
160 381
457 348
26 395
13 760
230 129
499 447
127 637
663 459
89 702
317 445
538 621
378 161
312 343
435 308
717 381
148 364
250 93
200 275
487 212
522 716
341 252
650 723
377 33
413 465
734 217
397 760
69 262
408 636
604 74
176 40
455 579
404 704
671 603
466 646
302 220
81 130
471 731
84 79
763 496
31 216
712 683
207 268
176 615
136 268
176 567
307 118
377 198
53 280
288 7
157 590
226 237
207 184
455 291
519 449
274 549
665 474
720 359
741 127
461 364
394 637
418 189
754 27
386 295
562 674
557 206
751 14
442 189
453 385
479 203
65 241
752 217
714 703
576 174
317 524
26 199
392 443
387 634
725 4
416 518
677 204
723 147
473 653
336 157
269 302
360 589
542 599
38 743
21 101
149 337
112 430
535 760
104 153
625 317
413 528
66 577
731 277
724 435
161 547
79 685
80 438
761 110
268 30
84 288
386 488
113 498
149 647
489 509
288 601
57 188
360 378
764 578
654 207
500 302
753 578
474 65
248 467
430 3
752 513
291 370
233 403
355 637
537 331
633 312
419 689
499 10
555 751
75 440
189 574
230 430
383 703
750 118
657 411
121 641
155 667
498 643
557 340
768 581
670 632
125 320
41 111
585 595
93 659
522 538
720 751
199 334
174 180
708 62
590 316
702 232
214 687
363 258
258 362
70 415
225 194
734 521
305 38
347 653
184 101
422 135
83 108
725 512
287 664
574 364
467 763
84 680
682 446
425 171
295 494
586 7
688 39
528 480
77 106
364 516
462 274
651 545
381 95
288 156
246 349
519 712
344 90
111 257
535 535
427 317
260 500
324 435
539 83
402 103
444 766
618 138
527 756
170 139
338 713
294 583
294 301
526 125
390 124
381 413
658 295
729 406
27 540
72 53
622 474
411 554
727 516
179 741
504 348
111 73
548 661
144 73
449 157
197 70
281 65
738 170
616 699
63 130
726 135
182 580
96 80
621 310
595 31
538 586
378 648
147 413
28 290
486 476
446 170
34 214
491 3
384 338
189 446
467 147
68 136
214 419
215 66
216 297
96 753
115 729
121 261
373 148
38 346
112 739
4 145
185 750
147 568
575 592
501 273
738 57
664 183
731 366
504 179
662 87
419 8
47 27
524 675
431 561
509 542
532 768
174 716
749 576
3 555
399 759
315 368
303 466
38 266
63 541
700 724
627 606
220 161
633 743
324 295
24 320
68 555
319 241
758 555
48 248
597 703
494 143
302 29
96 596
550 158
368 481
113 483
318 332
643 182
563 454
732 586
5 31
628 323
527 617
365 63
352 193
765 77
591 554
105 686
381 654
75 237
622 444
719 428
263 81
609 57
535 61
642 539
91 501
350 106
605 714
168 444
395 420
521 473
205 113
391 586
255 721
310 108
652 260
535 147
340 632
203 362
692 77
389 270
65 738
375 670
171 30
345 53
705 353
526 142