32
704
39 112
610 371
596 21
697 700
577 620
552 215
304 620
182 544
567 20
2 491
374 629
591 132
376 487
444 591
255 390
319 358
502 224
24 457
244 80
452 180
59 364
458 363
343 640
266 269
19 331
120 392
255 6
523 695
556 326
645 107
11 259
464 576
482 551
328 85
630 140
265 49
567 82
411 205
17 36
474 99
366 593
490 685
662 372
675 514
697 615
620 68
233 443
643 10
289 331
94 278
470 422
390 332
504 96
600 584
195 433
43 561
385 532
541 343
264 575
152 320
549 131
387 77
637 390
86 221
16 243
562 549
25 248
176 592
407 135
535 666
568 577
522 248
469 422
590 92
356 101
411 200
231 94
276 227
483 425
511 562
27 369
406 115
680 645
66 446
75 601
407 642
537 288
186 365
69 135
456 424
236 163
687 530
320 322
53 162
42 563
19 133
291 424
247 266
428 313
72 502
273 478
504 169
126 49
534 194
183 285
618 418
511 664
308 126
282 424
287 387
282 369
519 637
152 126
262 579
438 333
377 70
171 240
238 296
288 131
489 470
416 466
248 286
426 619
412 67
338 58
453 619
427 268
615 578
393 173
453 190
505 189
323 675
492 560
266 75
51 115
608 530
644 151
111 365
65 586
495 466
644 244
445 430
511 355
303 263
527 115
516 328
367 134
362 154
53 692
228 103
166 132
632 105
346 103
534 475
688 324
236 627
567 680
416 437
331 15
699 153
129 510
544 496
643 202
9 56
253 237
158 418
432 150
522 73
252 351
547 235
675 79
222 601
118 637
334 448
11 328
601 140
198 504
699 136
1 67
191 253
303 413
670 94
562 552
167 109
198 73
407 232
215 692
129 333
625 462
76 635
149 36
134 346
540 192
546 604
259 96
217 625
508 246
15 429
93 245
601 355
317 304
586 532
291 74
160 275
599 299
206 44
399 403
453 298
659 294
197 277
390 477
197 257
19 275
686 111
519 582
529 132
181 475
23 536
548 246
106 507
544 375
550 302
138 298
599 92
656 92
368 405
568 628
661 650
199 642
121 13
584 649
208 124
419 230
659 327
475 125
129 379
563 38
680 700
399 575
87 350
26 518
50 657
442 7
603 704
8 83
12 591
27 220
11 510
513 29
132 284
153 260
22 76
297 701
71 695
635 222
405 20
35 518
37 540
524 703
539 596
81 615
546 107
194 556
616 66
649 107
349 161
430 434
236 86
495 307
141 425
592 545
509 690
358 545
526 242
543 424
133 623
398 678
89 655
594 65
17 602
171 429
58 601
159 294
686 653
664 122
437 551
26 241
600 448
81 421
689 687
205 181
605 666
154 694
617 107
54 697
4 224
421 126
184 579
483 230
591 506
415 324
416 441
564 311
184 5
92 232
691 296
412 592
321 629
645 297
96 58
289 163
281 6
288 529
648 130
118 535
635 532
154 346
332 77
657 579
145 44
170 132
403 581
83 19
570 87
316 665
144 668
123 488
673 475
312 681
604 493
511 535
321 24
176 12
164 192
655 309
235 120
504 701
701 650
80 566
32 395
590 175
422 8
22 391
482 398
431 382
186 237
212 570
324 451
582 487
643 532
155 237
11 658
234 7
667 313
636 698
67 521
232 488
593 254
238 370
651 28
111 132
264 386
702 651
133 643
498 135
534 652
435 544
670 28
615 632
404 546
626 470
427 217
318 315
470 619
44 416
647 155
612 270
540 673
281 32
611 74
230 440
21 665
343 690
52 253
618 456
95 603
285 521
115 602
195 649
581 238
424 587
392 331
216 292
299 496
387 269
569 617
68 654
641 411
703 692
663 616
507 53
578 88
637 53
689 191
701 629
429 420
575 180
111 87
535 473
646 218
38 575
194 105
524 130
515 522
181 538
498 688
590 435
71 587
487 119
137 547
108 565
263 682
105 437
128 639
205 134
152 242
4 345
411 591
538 221
472 79
54 329
126 4
60 260
654 610
378 86
453 549
11 75
591 115
511 78
113 11
211 329
317 278
673 23
228 571
307 700
9 425
388 134
492 511
393 505
417 130
590 229
679 664
367 629
138 237
2 251
247 213
579 627
554 611
9 78
541 316
137 549
100 524
42 591
331 498
391 107
628 340
399 666
364 61
590 501
297 655
111 607
227 49
530 77
660 538
154 560
213 354
469 312
173 510
262 567
368 652
33 291
352 431
316 11
491 265
575 147
215 46
50 442
94 643
518 113
540 31
673 113
384 437
424 620
306 46
547 673
57 579
323 408
306 702
482 156
262 417
303 477
462 416
278 555
418 155
668 253
185 700
429 632
432 213
611 97
258 453
130 314
328 516
82 633
514 563
148 71
339 450
611 96
225 248
651 642
402 678
255 650
673 683
641 464
191 548
624 512
296 113
186 687
629 267
615 502
189 123
636 528
572 543
687 93
86 633
94 552
670 348
497 638
391 434
461 645
277 381
453 636
493 638
619 481
200 593
278 452
11 210
275 647
48 258
99 197
250 192
108 280
604 605
277 290
398 34
230 34
414 42
29 266
679 647
43 238
600 320
50 674
529 324
616 640
645 74
197 255
266 304
534 165
268 106
454 25
203 43
58 680
85 87
242 123
93 284
361 52
667 410
22 556
93 701
491 98
71 47
416 400
351 309
564 682
478 377
3 681
419 60
656 567
210 193
690 303
540 410
418 567
179 439
418 271
500 204
432 570
251 143
265 665
451 188
642 225
564 4
265 342
64 216
205 337
473 190
639 308
599 353
170 73
151 651
407 650
215 199
579 529
341 139
489 152
326 490
440 249
494 704
591 621
215 91
253 687
344 252
355 302
668 588
438 178
535 140
124 45
402 702
573 103
201 421
254 590
270 53
135 59
52 85
39 330
239 292
377 582
607 91
179 570
38 680
43 636
179 230
40 581
292 676
683 492
392 232
377 22
348 575
80 463
659 183
152 193
538 592
134 440
682 376
369 80
351 411
11 530
1 51
470 292
22 448
143 478
39 583
499 386
454 642
144 472
120 359
25 657
247 222
456 288
598 120
367 308
595 378
197 595
492 666
182 577
409 388
350 447
266 208
192 79
146 399
551 329
54 639
346 300
156 97
651 49
217 314
421 107
51 617
701 606
579 242
478 283
629 188
90 190
395 281
333 604
680 179
293 93
113 638
456 332
30 402
445 310
75 161
416 125
73 476
90 651
77 568
294 65
115 383
319 509
663 651
473 702
125 61
90 301
58 545
696 151
307 436
461 381
596 236
570 29
72 659
679 148
586 268
213 700
10 595
569 33
541 337
30 25
461 184
325 582
88 380
28 394
112 552
71 67
84 640
95 155
658 134
366 540
465 642
535 475
532 399
507 368
95 600
392 619
79 76
496 167
456 588
624 631
435 54
697 582
693 88
96 7
221 462
546 685
463 440
519 291
199 321
18 293
217 474
272 359
549 63
589 364
650 509
354 445
562 347
322 615
498 418
685 78
239 526
58 701
325 641
287 523
257 369
112 537
138 383
192 46
509 140
474 519
648 123
259 570
533 580
544 326
293 524
403 595
409 525
592 29
461 238
552 77
606 23
614 103
469 165
149 273
368 686
87 376
104 345
241 701
285 144
322 641
667 85
532 371
609 483
463 429
16 310
569 686
332 478
84 96
2 296
433 370
277 519
41 445
224 345
441 572
488 122
508 514
206 399
244 174
177 2
666 193
312 531
238 3
368 321
99 370
617 531
99 253
409 203
57 696
611 497
563 394
683 431
267 184
125 510
422 366
511 383
622 182
273 155
185 641
475 347
370 451
237 532
64 5
30 120
701 640
681 623
393 659
349 659
202 538
528 623
199 334
366 116
580 638
270 124
574 104
470 303
619 66
130 682
70 223
97 66
158 137
689 614
91 397
632 293
230 455
211 492
149 640
607 24
574 236
211 507
404 680
106 318
105 235
359 174
458 519
240 679
656 288
589 42
684 580
398 274
331 609
61 543
544 28
630 477
263 136
280 26
175 385
343 279
619 61
452 436
580 51
411 531
402 359
636 382
234 330
15 628
298 75
530 201
102 455
678 429
590 317
454 124
701 157
402 679
217 214
411 156
264 181
686 666
603 682
407 196
371 485
120 668
559 649
228 21
464 201
513 413
517 262
537 577
482 234
616 699
511 386
214 71
566 196
96 528
237 566
19 607
410 202
570 264
211 157
348 674
358 156
382 234
482 278
171 259
512 82
317 318
467 531
452 392
86 611
215 322
536 297
224 241
499 153
569 5
309 212
38 26
432 483
324 209
57 558
467 568
703 144
245 465
674 57
216 55
27 494
440 563
86 23
163 584
175 91
652 547
367 689
637 94
468 320
366 524
173 192
451 171
335 55
699 304
175 274
422 202
63 157
124 148
179 350
92 417
441 39
324 103
88 320
196 555
639 561
438 171
48 248
405 447
366 399
46 541
32 532
102 94
688 225
241 227
574 332
643 310
435 326
476 522
645 671
436 579
591 169
109 703
480 513
445 141
271 554
681 302
381 78
395 429
366 700
655 300
391 657
609 121
279 445
642 219
411 373
158 362
605 266
360 444
139 164
585 473
13 625
71 394
63 529
182 428
588 132
23 275
84 696
395 426
436 333
5 206
65 162
567 670
491 286
409 693
513 353
462 526