32
864
743 720
386 339
52 245
793 572
577 204
456 535
240 332
246 288
535 500
514 555
374 245
847 228
760 743
764 623
863 646
671 326
502 192
664 137
436 176
708 596
827 748
714 203
663 96
74 781
179 171
56 552
415 38
779 759
364 262
101 363
43 771
688 128
98 71
264 117
246 556
713 657
23 146
859 685
241 516
602 3
686 657
554 685
278 52
579 642
313 679
140 804
169 411
67 266
481 779
382 310
470 678
550 492
824 544
760 648
643 81
235 465
321 788
285 599
424 447
376 320
709 99
259 13
93 774
278 573
688 243
466 741
505 152
368 48
279 711
279 506
792 513
106 248
21 838
846 28
4 805
347 712
39 606
724 579
515 585
735 786
411 337
662 499
72 613
130 798
459 409
439 386
505 128
634 109
549 199
136 552
140 483
847 626
672 290
341 770
10 211
691 5
131 488
503 202
684 633
584 278
625 158
248 713
734 465
822 418
663 93
106 802
159 536
148 830
826 72
735 419
282 145
423 861
216 510
646 35
278 365
313 486
107 144
334 840
608 739
393 406
832 82
792 574
618 523
540 163
594 858
581 11
139 140
455 354
649 237
389 510
601 285
579 707
12 48
682 619
371 659
608 786
324 535
495 77
193 618
687 370
612 404
829 334
543 419
687 775
655 659
4 392
527 582
682 538
213 84
292 583
326 36
504 649
154 583
310 795
336 132
300 83
535 264
864 661
683 687
571 473
481 574
448 144
291 266
265 88
797 557
670 258
176 758
42 329
476 351
259 811
483 559
478 601
406 477
398 224
747 104
697 364
262 728
91 552
129 803
639 61
495 29
318 254
786 808
583 397
294 425
791 360
567 852
97 109
465 494
332 347
181 612
294 442
476 832
578 188
771 800
697 849
828 598
239 333
541 405
313 419
829 240
778 532
227 458
640 275
535 555
622 716
751 499
741 810
51 454
133 405
390 413
389 801
147 211
270 687
615 582
689 580
821 187
695 632
644 54
42 763
608 247
614 78
330 490
23 380
528 156
784 501
568 756
437 298
103 706
569 717
8 393
16 412
579 710
179 807
763 669
705 91
499 38
168 828
111 191
343 638
794 710
274 81
602 711
379 288
136 531
140 143
59 156
555 222
449 317
164 348
121 4
22 204
41 189
167 151
827 94
373 340
803 230
5 124
76 831
411 660
497 135
386 555
738 76
776 770
841 523
253 545
110 722
748 598
495 51
333 457
592 705
381 114
70 385
238 594
351 232
389 847
814 774
121 271
434 481
177 858
139 13
538 249
735 422
846 365
56 314
405 647
602 785
344 256
305 581
849 239
397 821
221 794
730 342
201 747
822 825
740 96
837 862
792 707
3 358
655 506
255 196
736 857
116 215
248 5
380 680
243 776
636 464
289 85
389 73
416 794
33 739
25 6
736 401
296 322
342 87
827 596
282 698
172 845
49 3
433 428
266 676
787 37
723 211
570 695
284 121
624 764
859 232
769 315
632 649
636 557
735 599
289 600
432 44
164 64
495 597
491 760
856 861
797 298
656 502
128 75
206 751
422 200
566 327
514 782
559 286
474 429
20 346
612 35
390 775
99 20
91 173
363 82
170 295
827 825
380 90
483 585
424 40
369 126
814 18
43 92
751 516
520 354
862 715
389 835
210 71
438 300
691 800
830 444
679 792
852 194
18 470
363 25
94 731
150 491
332 192
583 219
292 686
572 737
121 544
707 330
198 280
629 25
663 594
52 477
522 40
671 123
93 169
147 186
483 745
261 814
520 427
168 811
696 324
683 816
451 109
281 649
836 494
257 635
671 308
247 328
795 53
34 24
669 629
209 735
509 53
685 164
63 436
559 759
343 825
294 794
70 159
162 41
652 418
675 458
309 506
370 240
558 851
263 811
615 55
265 707
556 85
7 618
105 149
96 447
109 838
376 178
132 537
667 367
538 477
408 431
118 361
254 260
348 100
654 546
154 54
389 293
587 843
495 691
127 174
721 235
147 681
861 726
353 663
676 475
723 220
489 425
164 742
268 95
841 505
641 578
558 613
7 728
175 85
138 749
258 859
119 405
675 563
714 611
809 526
669 668
329 293
676 492
618 79
587 178
583 811
756 724
143 346
172 317
430 309
201 271
751 767
259 145
466 109
756 410
634 144
661 546
21 472
173 638
134 343
400 716
737 291
160 15
220 331
331 233
223 115
503 558
18 762
702 67
6 177
60 223
321 305
768 341
776 524
562 494
451 97
793 323
835 88
338 638
2 252
6 673
367 509
366 832
854 203
482 443
380 541
665 284
429 152
624 789
259 769
418 709
450 346
168 4
18 505
642 19
340 647
275 706
739 640
257 312
843 738
754 806
863 138
225 427
737 432
351 132
784 352
840 817
282 591
821 299
231 182
765 155
412 176
860 287
399 253
598 377
574 72
766 572
209 126
583 82
141 517
213 61
5 636
13 286
363 417
584 177
598 68
331 146
243 775
432 642
611 613
602 320
268 88
476 477
661 194
142 802
710 802
862 298
157 458
583 519
11 750
280 608
402 194
753 644
104 768
5 298
101 191
618 368
278 229
428 74
422 153
459 715
90 40
149 247
498 315
349 508
201 212
699 602
406 172
829 93
75 418
391 623
192 592
127 53
820 138
574 825
291 169
675 380
208 407
210 705
722 559
796 506
354 215
691 759
386 655
436 460
656 826
219 847
553 793
35 92
66 609
52 804
361 310
320 568
717 113
857 574
671 788
215 161
138 41
503 107
279 74
151 519
483 817
501 171
745 120
262 394
312 761
334 672
207 237
375 59
349 367
216 604
739 14
348 460
502 434
567 780
508 717
18 126
669 103
745 133
222 590
110 117
487 443
788 277
263 746
783 612
697 134
799 155
147 282
198 232
715 348
595 806
648 613
516 36
715 396
168 72
121 726
636 191
304 143
467 151
472 385
346 752
102 280
42 696
145 688
63 859
171 658
385 819
854 36
854 704
15 606
359 583
467 130
774 354
272 824
504 327
793 849
215 478
712 704
310 856
527 820
435 698
197 819
236 186
854 673
25 452
414 383
170 464
96 527
818 815
487 41
278 863
474 492
476 321
779 785
313 442
325 747
723 521
701 542
707 274
350 731
725 348
698 30
811 793
141 348
744 627
837 605
625 446
680 684
766 594
189 662
619 513
544 477
169 828
602 11
685 88
326 129
19 159
607 829
87 747
761 414
509 733
154 717
762 833
120 247
147 308
45 765
820 172
826 573
584 563
583 404
234 44
533 252
650 723
665 321
605 561
734 697
13 472
549 358
24 252
604 170
560 232
71 99
404 32
671 123
178 838
110 412
465 226
663 251
84 463
571 688
607 24
520 203
495 652
560 519
40 748
272 183
115 790
281 102
821 88
672 583
61 782
130 525
591 376
359 675
423 65
82 165
89 186
816 167
837 511
269 460
394 541
226 93
466 507
194 7
178 2
173 686
367 302
346 93
261 289
767 683
353 433
848 25
618 799
192 174
29 44
218 7
584 443
99 634
533 292
224 710
293 396
531 243
281 461
336 541
749 686
360 685
254 791
710 455
309 485
629 337
112 430
343 280
8 441
49 125
317 720
834 193
251 85
436 531
545 355
655 13
176 150
281 14
76 126
468 384
194 680
305 306
245 647
585 701
672 217
825 572
72 378
764 770
462 783
20 590
273 674
186 449
824 467
46 483
176 513
3 370
329 307
259 157
537 427
441 792
227 401
499 298
363 847
651 824
765 670
134 622
479 319
654 22
369 699
505 545
347 91
498 259
845 340
864 101
766 440
29 128
425 111
9 787
93 659
330 442
48 463
199 526
366 852
132 734
686 220
414 616
310 495
459 738
834 458
838 319
33 2
446 41
113 38
827 653
280 293
230 327
755 12
437 704
863 568
574 268
371 571
468 680
202 62
137 171
103 110
490 583
112 519
624 672
557 586
460 420
462 274
747 353
285 767
192 732
54 349
135 424
56 186
687 257
247 823
427 797
68 500
516 627
155 275
18 295
444 478
714 42
335 180
842 619
530 617
486 583
102 205
142 605
390 412
861 221
370 7
153 22
507 252
648 245
526 666
123 554
727 420
179 645
600 156
399 265
356 469
432 457
257 157
197 646
569 641
450 74
232 603
543 322
438 327
566 100
576 272
237 22
691 415
250 10
570 648
723 509
700 290
102 92
446 746
322 598
107 771
672 338
93 350
659 531
260 808
214 419
215 450
24 489
864 273
499 153
505 357
661 340
230 346
16 259
676 337
857 366
243 664
287 784
597 81
450 441
472 663
443 270
696 467
758 279
323 392
431 411
332 675
335 561
605 350
820 864
270 812
365 96
195 651
15 375
315 464
399 370
710 842
639 541
28 532
819 798
508 833
345 839
228 679
120 416
164 75
415 433
470 363
528 248
597 127
206 47
590 605
864 20
166 638
560 193
305 99
126 812
67 470
371 742
732 490
293 31
148 707
47 617
653 159
448 385
285 653
15 458
393 14
477 558
651 621
334 540
719 44
71 369
513 441
247 829
66 539
859 213
830 490
413 618
648 444
587 516
233 185
109 209
199 586
351 433
790 684
556 644
727 627
148 824
203 842
788 269
101 366
65 66
855 478
267 222
57 437
321 737
622 430