32
928
519 304
322 851
212 597
121 28
417 684
104 439
592 204
726 192
791 340
354 875
534 341
879 260
88 871
924 847
63 902
511 806
278 832
728 713
500 144
740 212
123 140
874 715
567 672
202 653
307 779
824 840
191 774
171 503
12 390
645 75
363 227
880 864
130 903
648 853
118 684
137 465
119 306
251 685
49 676
410 579
526 305
490 13
374 884
515 386
345 231
460 4
681 635
867 810
609 811
734 22
566 166
710 684
472 32
664 744
3 369
619 529
897 180
541 343
360 351
728 928
805 483
3 557
413 166
438 93
48 467
338 837
857 120
592 624
375 551
663 602
920 353
202 888
757 38
302 412
612 325
411 488
807 414
116 515
579 777
831 850
539 241
758 691
584 645
610 254
267 345
855 258
921 352
218 45
613 743
456 296
140 867
79 242
576 418
757 450
266 659
371 101
195 200
791 778
140 473
328 406
113 254
888 329
830 401
374 514
215 829
810 354
63 184
820 638
602 872
159 163
602 753
263 93
248 350
166 387
822 493
793 230
43 48
558 872
448 227
457 662
128 562
312 414
746 427
124 643
370 506
805 43
331 140
359 578
489 525
37 606
89 125
131 131
396 688
74 843
211 755
800 562
612 183
47 429
609 394
367 274
900 244
541 526
383 899
175 167
495 435
68 584
783 198
10 250
181 308
164 391
358 36
24 41
442 295
694 347
688 132
620 659
375 232
480 53
203 655
219 697
161 286
576 16
483 586
489 888
189 653
350 546
912 598
586 425
892 351
771 651
483 463
606 153
918 157
206 192
107 424
889 268
6 760
507 488
417 291
447 605
15 93
222 222
690 104
647 653
454 713
599 232
471 500
385 461
657 590
652 763
309 836
326 314
668 128
98 380
419 768
281 657
860 726
879 845
829 821
793 579
605 464
810 148
35 490
608 915
375 555
750 684
687 371
293 650
723 390
101 437
230 605
165 385
403 339
302 303
231 166
177 836
629 283
279 888
772 182
874 443
736 919
198 718
586 490
439 380
176 540
816 629
216 276
85 842
615 386
441 845
776 617
48 700
899 326
659 39
507 829
481 539
115 902
328 700
687 767
151 862
602 262
562 113
538 647
27 448
328 691
364 175
379 412
875 574
33 829
612 540
729 164
374 140
137 701
839 823
763 286
53 660
547 838
69 380
556 319
827 180
81 487
578 459
194 524
104 450
649 11
61 673
398 658
812 758
655 723
877 489
304 1
445 146
838 513
526 690
831 648
869 911
430 518
665 847
338 65
369 282
75 653
26 473
383 838
302 109
856 250
821 231
474 337
600 608
849 197
369 47
141 533
29 794
122 694
713 683
758 377
36 832
101 286
600 483
419 198
815 570
671 708
96 217
116 695
824 261
188 488
307 328
92 336
417 437
325 425
416 378
801 675
281 902
32 177
680 674
598 567
315 340
346 410
780 685
177 899
241 364
682 548
915 773
179 403
506 727
828 921
176 924
667 680
897 923
856 873
668 749
511 55
161 152
464 236
132 864
431 373
299 184
216 509
29 618
208 534
416 107
750 591
326 488
566 295
482 718
463 222
538 45
276 922
420 35
230 551
899 660
219 493
139 434
74 167
347 281
924 762
611 745
648 8
529 286
526 82
75 284
527 612
328 98
606 43
133 131
818 327
86 108
115 224
766 412
615 184
916 610
18 598
651 889
830 251
246 651
556 320
7 155
228 558
252 129
825 608
259 714
230 344
821 345
791 658
52 477
842 40
159 155
861 809
115 762
355 585
709 910
200 11
136 427
792 612
555 688
515 109
473 745
676 590
385 539
543 436
87 456
699 245
834 632
349 245
465 927
829 469
909 100
703 340
751 567
247 601
550 762
710 319
802 457
908 258
67 522
917 378
274 688
622 403
391 267
647 151
489 771
844 469
871 618
105 917
480 351
589 326
184 370
644 57
123 847
538 189
664 751
566 233
734 484
636 420
46 578
570 534
421 709
299 587
623 403
575 398
49 235
723 457
829 662
513 23
804 347
435 540
393 297
68 198
76 927
617 345
577 482
878 293
263 472
175 181
170 45
578 219
279 373
675 403
330 483
649 206
125 156
41 517
676 108
10 751
107 850
167 907
404 340
495 890
108 669
142 277
713 15
719 287
611 689
690 13
244 410
218 592
789 482
405 536
589 414
582 919
560 748
193 35
384 687
220 491
427 585
63 435
599 78
722 282
766 707
294 305
412 735
897 497
288 373
104 172
82 910
387 641
25 579
899 408
338 414
194 60
70 481
495 669
558 512
246 395
514 763
700 925
569 892
717 152
336 117
547 641
98 5
578 122
584 772
754 921
258 19
276 327
723 770
291 352
577 760
747 162
594 742
383 458
705 171
833 336
287 452
272 608
456 145
26 335
917 779
327 470
93 827
92 816
668 383
463 317
214 281
702 104
318 156
561 94
551 466
653 133
917 925
741 668
141 766
75 353
616 625
822 4
523 914
819 487
368 354
99 805
858 800
204 472
252 765
789 802
526 514
6 738
510 42
701 874
807 775
299 718
696 192
18 514
177 836
72 768
485 394
869 639
266 144
182 517
204 42
390 25
779 619
762 584
661 535
530 763
605 828
553 596
315 570
182 716
701 477
555 482
871 719
416 432
863 821
20 362
158 633
387 9
323 220
592 279
50 193
114 655
316 890
546 855
755 727
642 527
500 268
304 442
59 719
873 217
611 188
578 769
820 260
73 438
480 664
717 753
153 830
479 468
791 97
394 617
119 331
439 618
823 39
355 177
757 299
393 664
486 266
728 601
526 800
111 301
535 827
125 687
24 828
451 110
220 140
22 562
471 460
252 365
722 606
541 775
201 229
510 910
718 533
583 315
404 917
839 234
111 36
217 134
159 891
243 378
326 488
11 92
243 486
680 37
388 516
811 588
744 392
569 758
220 447
144 847
435 279
376 545
538 816
902 696
778 440
369 400
927 379
491 242
161 243
502 548
758 384
431 798
71 295
627 290
742 66
208 472
344 807
313 881
695 510
872 768
22 312
239 244
915 730
709 147
268 282
694 321
665 420
190 735
714 112
320 751
178 751
295 745
630 831
922 396
412 865
459 433
249 698
901 235
723 681
381 286
35 370
606 699
789 92
730 574
203 121
621 604
872 915
645 797
817 638
488 524
574 18
253 118
11 225
352 733
905 28
314 11
621 920
6 705
307 735
575 509
855 267
409 94
253 125
890 365
58 449
184 855
691 436
45 701
660 620
730 861
872 115
871 564
330 876
341 636
906 211
441 129
477 849
222 25
269 408
389 550
152 796
476 842
304 744
615 259
436 416
191 379
754 358
238 156
529 802
791 507
84 303
635 560
447 152
584 11
559 268
560 711
136 332
848 663
147 758
921 806
245 184
480 295
541 718
450 141
815 536
871 899
135 577
754 581
729 634
816 583
901 447
589 332
778 509
290 221
338 283
98 807
690 578
397 526
591 846
666 477
677 833
447 811
481 497
464 505
202 351
160 398
93 44
26 167
552 315
387 186
821 484
288 582
133 684
179 19
825 141
496 573
45 238
456 749
734 215
326 231
789 709
629 881
48 878
119 824
264 505
81 381
285 592
34 641
347 437
660 243
577 451
111 845
688 566
889 718
780 286
20 640
290 872
817 338
821 7
233 381
736 537
761 316
200 90
28 770
526 911
308 398
433 418
538 193
56 499
206 131
80 225
771 370
169 659
3 285
889 459
889 920
291 721
307 490
107 559
555 632
541 862
326 270
351 863
686 630
657 891
761 737
187 827
402 579
781 628
160 37
158 120
29 448
137 559
233 243
189 787
170 26
16 495
295 366
654 52
292 382
14 348
190 424
246 815
299 322
514 458
358 895
577 386
414 9
17 870
251 429
24 421
454 39
915 44
629 864
95 920
318 332
563 731
52 808
618 350
425 203
103 782
170 903
240 807
912 480
749 234
908 68
878 658
107 865
701 31
800 92
246 413
423 808
216 698
911 833
119 407
107 445
260 500
420 723
379 403
498 423
860 478
490 810
431 820
42 203
146 137
294 391
550 13
270 61
710 476
893 125
882 295
569 438
795 284
232 469
686 730
187 842
503 900
19 229
792 60
431 9
420 21
624 41
257 189
101 38
665 289
386 618
808 27
351 898
534 583
438 292
608 848
429 406
819 447
858 906
506 360
211 221
604 834
262 860
94 586
194 54
171 579
672 50
829 94
19 435
900 680
22 803
599 450
504 713
896 433
691 697
89 901
917 692
102 474
848 419
356 113
473 750
691 216
95 816
533 113
322 729
88 343
827 910
88 403
694 279
131 456
47 443
652 259
431 753
29 350
244 608
686 716
429 672
227 523
559 55
859 880
79 242
518 906
223 605
604 916
883 30
668 225
473 391
708 903
440 32
324 683
639 81
694 363
752 216
181 607
494 111
558 573
576 372
774 798
48 449
785 227
478 524
451 22
211 454
220 650
485 543
628 195
847 393
781 895
832 33
573 397
367 426
41 14
797 814
811 141
558 892
367 332
711 113
353 921
567 797
642 123
411 341
542 554
29 394
520 156
651 388
553 313
813 817
327 682
927 433
118 556
620 484
887 403
596 536
395 458
404 109
805 110
673 418
663 702
107 478
857 53
161 705
366 46