32
992
263 80
130 467
116 661
665 188
193 908
72 119
368 716
758 352
151 692
962 491
758 437
47 548
280 39
988 559
95 454
127 294
534 256
760 585
916 368
772 52
219 780
106 587
439 864
874 525
499 779
952 264
223 6
811 439
972 742
933 75
203 67
368 672
322 71
264 181
438 972
233 593
695 274
187 141
145 4
666 579
782 625
842 941
566 596
387 546
345 327
620 484
329 923
163 650
1 363
830 374
342 6
902 44
280 96
120 360
35 721
875 817
289 724
765 855
264 95
408 544
357 963
35 685
829 134
342 829
496 115
146 773
57 56
816 272
87 871
567 58
600 449
874 888
117 582
750 316
612 101
859 968
71 894
660 835
35 937
607 466
987 753
246 979
744 5
194 766
875 761
823 482
153 640
378 205
165 71
520 776
172 387
687 178
224 290
21 194
234 627
659 165
323 904
151 74
844 345
776 726
49 606
152 137
190 465
342 354
535 861
138 706
191 760
820 414
58 776
607 227
410 209
391 669
56 478
678 899
822 461
633 806
11 720
942 200
192 227
553 726
96 626
376 222
394 139
636 387
914 186
613 331
395 12
935 450
489 621
357 254
89 925
3 99
588 944
298 779
115 787
448 146
356 823
367 749
961 938
79 818
132 692
93 462
703 35
911 135
655 211
324 744
79 326
778 666
213 20
452 327
742 900
472 105
666 775
790 571
720 868
396 851
567 488
256 213
523 175
347 185
385 670
864 464
3 650
73 152
605 525
478 354
368 886
458 41
668 255
611 395
131 15
190 633
438 445
846 960
555 200
153 940
806 952
347 808
609 355
959 221
879 381
574 190
274 968
231 941
230 777
279 296
727 404
929 173
849 782
140 411
917 228
294 730
188 576
482 732
931 384
889 753
764 406
943 973
381 117
857 547
893 144
842 628
547 714
800 339
439 875
750 364
47 979
37 170
499 518
901 373
902 733
133 609
147 19
590 527
135 454
17 36
597 795
599 88
516 342
426 891
224 119
262 206
42 298
375 540
752 284
912 597
24 980
213 106
7 802
569 141
200 585
112 732
387 710
819 839
59 189
737 219
243 934
424 284
175 799
823 926
26 678
530 977
666 743
91 608
488 595
748 687
187 860
427 510
513 189
356 572
377 100
726 556
41 157
839 215
891 606
85 852
291 550
773 892
300 799
507 724
401 199
354 587
2 780
104 450
905 395
29 225
430 690
780 406
783 627
557 681
176 641
477 402
198 257
302 434
63 744
165 463
878 518
985 815
242 33
273 90
427 237
314 857
927 102
270 717
664 826
341 839
410 817
184 544
81 485
977 79
173 85
541 986
602 534
809 779
566 25
868 992
261 126
792 195
163 6
847 762
767 196
544 185
20 727
728 37
156 648
115 328
732 656
257 277
133 9
992 634
33 803
633 294
928 369
424 34
310 279
795 84
474 346
204 429
81 867
401 236
458 516
499 197
115 755
410 183
764 409
816 732
219 392
33 91
760 393
124 13
671 919
97 88
272 236
452 288
47 853
523 504
312 957
701 362
656 118
544 427
462 367
102 680
694 135
770 398
463 894
410 141
820 442
164 35
678 615
323 724
411 781
171 722
746 871
27 409
924 570
771 393
872 872
17 574
942 786
971 348
623 388
488 386
830 587
421 451
146 679
118 556
403 288
222 92
103 248
436 34
818 214
363 633
30 379
214 907
108 192
263 731
516 686
124 289
217 480
739 362
102 856
917 505
87 146
532 189
394 968
223 155
125 585
787 154
899 937
5 14
72 203
744 587
824 804
875 48
227 557
409 329
356 270
769 443
351 308
631 744
219 853
834 344
381 565
497 223
509 437
237 580
575 916
111 407
663 921
390 890
486 735
162 841
12 930
291 362
181 858
50 400
718 819
743 43
391 183
201 835
556 437
423 138
297 469
480 959
397 806
856 882
548 25
667 495
890 957
792 15
822 777
350 484
604 36
462 930
218 662
773 709
43 139
783 339
607 206
241 11
19 41
829 502
65 503
932 891
403 732
841 169
452 198
588 991
233 985
929 386
654 645
103 632
719 821
906 269
34 155
279 53
195 51
490 195
489 430
29 892
105 869
4 556
10 591
555 178
583 427
564 180
15 602
748 733
430 661
9 399
751 223
387 881
274 877
84 762
314 48
597 354
853 600
909 862
134 407
976 716
769 547
832 783
92 587
523 457
191 467
855 878
690 250
766 899
134 785
604 383
833 145
736 693
744 588
498 814
931 481
473 707
963 312
498 990
834 956
454 961
431 317
846 64
502 619
898 571
412 509
953 188
589 632
880 277
163 321
98 101
738 570
808 644
818 313
642 659
212 103
563 642
355 416
641 792
43 546
370 390
991 266
577 587
833 400
863 4
656 896
104 337
410 847
981 235
167 566
829 315
604 400
956 959
751 605
758 793
94 72
126 92
337 702
615 178
45 421
181 701
325 220
45 734
75 961
968 177
534 740
491 146
147 391
112 898
931 805
634 32
812 696
60 157
341 674
270 386
102 386
94 362
541 74
103 615
43 14
728 576
690 162
721 836
552 768
677 426
517 255
458 336
950 517
428 298
198 633
619 235
26 648
597 567
722 635
125 764
649 788
283 346
950 940
125 445
715 738
871 175
928 272
511 821
788 874
62 921
515 681
163 540
336 695
50 65
338 175
764 922
898 983
211 855
930 335
244 652
16 122
827 943
393 281
771 124
162 833
52 612
457 150
160 792
845 145
793 190
319 564
119 225
554 329
23 427
599 266
23 551
323 785
501 715
73 216
838 170
984 825
782 448
975 877
247 827
29 47
952 284
547 14
444 44
278 402
471 876
668 493
370 990
285 807
649 293
30 430
398 949
263 187
404 181
7 586
943 36
569 902
255 59
915 698
38 136
107 444
947 710
872 325
644 100
139 300
392 168
729 726
60 927
912 399
115 855
920 65
826 432
902 88
490 760
721 464
895 827
907 850
481 787
118 132
886 256
367 222
359 39
947 418
966 802
816 24
664 679
25 497
119 862
520 544
630 248
15 468
19 922
261 499
652 378
630 481
633 932
702 991
970 592
352 879
402 111
903 9
790 863
442 908
732 961
395 369
217 410
773 235
275 41
733 862
419 306
350 59
245 988
986 222
587 345
45 924
456 947
869 189
817 318
40 492
286 434
797 438
779 577
672 61
617 348
858 43
589 216
38 769
147 31
927 733
375 971
601 766
925 477
954 685
730 1
120 951
371 916
397 157
500 12
154 61
296 19
103 884
170 140
661 316
106 531
985 417
509 593
190 377
13 88
69 678
24 124
636 394
48 968
551 483
980 704
543 283
658 582
110 828
657 706
151 763
244 143
187 752
671 312
136 619
399 140
304 423
264 876
752 247
851 246
729 774
949 280
992 551
861 110
386 525
751 472
231 3
551 417
690 229
729 762
784 71
901 95
429 108
970 189
290 765
434 27
546 327
242 546
813 46
591 206
570 349
613 737
351 171
161 977
400 825
746 191
896 590
221 268
634 135
456 923
899 826
885 452
96 134
5 908
179 531
57 685
880 669
429 174
840 525
158 183
358 839
309 197
437 529
400 14
663 792
936 569
625 765
957 656
898 897
571 21
436 627
705 259
239 77
432 86
537 526
268 894
372 576
34 744
49 434
757 711
233 637
224 793
409 124
456 250
28 962
270 399
532 910
657 770
922 97
856 467
558 67
304 929
643 338
681 691
707 381
345 875
953 504
611 369
627 74
555 591
971 824
989 510
678 590
287 607
622 86
17 187
153 321
123 731
594 739
365 244
64 645
126 24
157 736
329 719
745 883
317 723
650 250
176 335
839 462
878 468
484 894
654 572
222 712
310 751
395 610
2 458
262 63
481 418
798 745
145 486
635 397
152 293
646 327
627 428
725 448
895 216
350 492
723 507
148 40
266 542
585 267
935 846
330 359
272 71
112 352
557 746
748 644
974 338
971 609
765 639
64 604
790 349
103 520
856 186
495 129
727 87
395 605
932 660
964 147
731 83
434 231
764 190
874 746
463 788
298 235
370 297
838 167
646 877
686 445
70 124
573 733
210 903
345 86
571 252
232 245
334 666
411 42
791 228
723 197
24 28
431 393
260 213
496 905
33 125
357 102
249 865
770 458
712 123
479 226
310 711
470 644
320 816
621 54
51 351
186 10
378 616
339 573
764 834
486 796
958 778
834 150
587 611
608 306
669 94
531 979
740 936
566 3
759 194
984 745
544 177
755 857
729 101
437 500
870 858
240 771
580 81
921 110
691 536
351 304
565 881
290 249
760 855
187 462
984 179
214 471
291 968
335 955
12 707
399 881
509 638
660 32
654 588
141 288
67 491
591 567
315 880
751 18
678 938
479 669
60 692
147 286
604 417
249 615
68 647
440 512
292 107
543 945
630 619
240 632
53 767
142 367
654 893
320 276
774 798
944 833
497 35
126 108
451 374
659 454
956 106
965 255
148 515
143 777
77 319
352 129
93 493
431 682
393 750
957 174
555 845
942 988
879 12
39 273
385 697
727 285
802 699
539 949
158 618
669 234
936 956
299 964
457 665
653 785
423 618
895 913
406 844
844 292
855 883
564 184
587 234
468 397
869 942
289 34
567 958
203 446
921 437
353 321
110 14