32
96
71 48
2 51
52 53
25 92
1 12
72 55
48 44
54 96
55 20
34 75
86 53
79 36
88 71
92 47
95 70
95 38
22 96
88 41
52 80
36 20
59 76
42 11
87 96
74 13
83 75
56 72
31 38
11 87
76 70
5 75
43 3
16 32
2 71
72 21
54 76
41 81
23 50
91 13
49 36
26 3
14 81
74 13
86 52
3 66
25 7
44 36
73 27
67 74
1 11
94 22
86 6
70 12
56 64
88 72
67 81
43 81
33 20
93 23
40 63
88 32
37 3
67 13
93 6
86 93
16 51
82 69
25 56
80 48
87 39
87 26
24 33
10 56
21 70
78 28
4 37
59 40
39 30
52 3
35 9
63 18
27 49
86 19
72 37
34 30
75 25
55 2
25 32
58 13
69 7
40 72
44 3
79 50
96 2
53 2
10 19
19 5
35 8
23 10
12 57
8 86
49 62
56 41
62 81
54 34
87 93
10 34
63 56
52 62
58 72
63 35
90 49
39 93
24 30
70 35
86 77
25 6
11 48
46 72
32 67
9 22
64 82
24 94
42 43
60 67
18 90
5 11
43 44
71 66
73 45
5 30
25 93
3 35
12 48
10 43
83 83
32 18
36 55
15 77
1 42
15 82
36 20
61 46
63 35
15 7
79 83
4 8
47 6
10 58
21 84
4 7
38 36
24 73
58 7
22 27
48 36
12 83
55 72
96 85
11 15
91 89
1 94
64 48
3 74
73 88
29 77
94 66
80 86
42 41
92 63
67 43
3 79
94 25
22 93
14 32
75 8
25 76
70 56
91 72
33 35
63 61
15 29
30 62
18 40
7 13
6 41
23 72
87 84
1 13
81 14
44 59
85 36
6 58
92 64
2 92
3 32
25 81
60 22
47 45
61 21
25 35
61 48
10 52
35 74
64 83
55 75
46 44
79 19
69 42
51 70
37 21
6 29
5 33
51 19
78 15
39 6
17 4
53 91
23 56
68 54
42 91
32 55
38 78
42 10
23 92
48 60
16 21
88 84
53 10
7 34
89 45
8 9
16 28
3 38
83 39
91 93
33 91
19 38
72 60
15 95
55 62
26 38
82 81
26 39
91 96
40 51
44 47
59 60
75 30
65 29
68 60
25 4
22 12
41 93
71 55
59 94
85 52
35 38
5 28
76 63
27 84
17 39
2 75
66 76
8 2
73 43
61 65
14 50
76 22
15 51
45 73
16 33
93 18
70 1
46 18
63 40
5 79
46 6
25 79
50 1
81 90
43 13
58 57
63 38
78 77
56 26
21 71
26 17
56 64
17 5
81 47
13 53
29 26
58 54
9 75
54 57
68 96
69 94
24 35
3 70
79 26
63 4
64 89
20 23
56 5
92 8
51 8
60 80
1 85
5 73
32 26
33 67
25 6
64 17
8 34
54 87
59 20
90 26
76 77
49 3
49 44
74 4
19 37
51 19
90 23
92 25
48 92
91 40
1 27
56 73
60 77
63 23
1 24
48 44
68 64
15 21
11 88
88 93
29 10
80 22
32 75
14 79
38 8
86 39
34 14
79 94
90 45
20 58
36 35
6 7
3 20
91 77
75 82
74 7
59 57
92 90
3 9
40 40
81 30
46 18
43 92
79 36
40 66
94 43
5 67
18 71
54 12
19 32
62 60
7 24
84 2
18 86
75 25
94 59
54 11
44 96
7 27
4 14
92 65
25 64
35 42
6 88
53 25
87 18
52 93
42 40
95 27
93 73
51 90
3 73
69 46
40 43
72 43
24 36
11 48
67 13
89 73
68 14
65 59
95 20
55 40
27 53
34 24
93 53
17 63
29 53
13 68
63 52
79 87
55 57
6 26
70 63
66 41
76 34
3 74
21 26
82 48
78 83
71 43
39 55
73 35
76 85
7 42
9 53
96 63
13 70
88 82
36 57
91 79
58 93
24 47
22 73
62 68
60 4
78 66
58 54
5 5
11 75
15 19
31 78
49 43
51 9
93 54
65 87
4 91
51 28
9 41
68 70
76 95
73 25
65 2
78 37
7 56
79 85
42 77
66 91
23 21
3 83
42 35
41 46
93 92
41 5
4 12
42 79
11 82
7 43
84 52
47 58
76 29
46 21
9 79
79 95
67 49
82 13
84 26
58 48
85 66
21 88
77 62
38 55
16 44
65 3
64 15
28 43
43 41
31 19
23 78
18 90
30 67
6 81
60 31
33 17
96 53
8 44
82 14
67 1
25 35
67 88
50 62
2 60
6 1
79 29
78 64
86 11
2 59
92 61
89 92
45 56
48 21
67 1
34 37
66 58
72 4
18 25
66 19
52 71
83 34
67 64
65 24
75 66
82 38
95 42
33 43
65 48
63 36
16 64
72 49
90 15
53 11
39 86
93 59
28 80
92 95
15 61
22 89
94 72
94 92
17 30
7 82
45 37
21 61
5 60
13 94
75 33
8 81
22 68
43 50
51 7
48 66
35 37
26 32
76 88
92 93
85 2
46 34
38 34
94 10
61 74
7 39
11 78
88 32
18 2
81 68
8 96
5 10
5 95
42 80
86 37
44 74
38 57
75 43
90 40
53 55
18 27
61 28
9 20
27 26
22 76
61 93
75 34
7 47
96 16
31 53
52 42
94 57
3 73
3 92
16 23
18 33
50 79
28 26
66 23
19 87
2 79
52 76
80 58
27 79
73 25
35 92
66 33
52 36
73 22
32 88
45 17
89 94
95 20
23 65
42 41
23 11
87 74
55 39
3 49
21 75
73 24
70 10
24 89
46 96
15 45
87 59
61 79
24 28
67 14
60 76
22 50
87 12
28 45
18 30
93 7
73 37
30 14
14 21
7 59
20 85
71 74
15 36
25 38
31 59
51 90
6 40
43 60
19 38
72 37
36 36
43 12
72 72
25 54
60 95
16 47
83 55
88 1
58 80
6 88
42 24
49 16
63 91
75 82
1 51
86 36
86 32
15 30
71 7
83 34
6 66
80 56
24 39
25 81
23 94
40 32
22 88
47 52
51 26
5 51
44 90
86 1
25 68
30 95
74 80
96 47
50 47
7 41
86 95
90 12
92 33
11 17
25 58
37 75
51 41
29 62
35 82
62 59
53 60
26 30
43 25
45 60
72 51
69 29
49 62
8 12
94 18
93 86
43 33
64 93
73 60
26 11
13 88
38 33
19 63
31 61
87 75
89 30
29 61
58 45
90 65
24 55
51 20
45 93
52 76
58 93
8 83
7 20
42 44
53 60
74 51
89 33
29 81
62 25
13 88
69 70
24 60
28 74
80 40
71 3
20 32
95 27
82 70
14 28
81 34
87 59
84 79
91 16
31 24
40 11
15 76
80 39
40 76
80 87
19 22
89 6
53 88
96 7
61 14
34 45
15 88
71 3
39 65
82 69
89 90
48 71
69 31
77 76
10 61
34 93
82 27
2 7
82 2
77 14
79 14
58 93
69 1
95 11
65 49
80 25
42 31
96 78
29 44
26 7
8 59
3 58
53 4
32 38
5 12
51 51
89 77
48 61
77 14
72 13
62 23
38 71
21 5
53 49
16 46
55 88
8 57
49 29
29 48
66 1
59 85
52 51
65 67
79 13
80 54
89 14
76 30
84 96
2 8
17 18
53 71
9 29
96 25
57 92
72 90
92 2
78 15
20 14
81 2
90 65
56 83
46 3
80 33
3 82
41 19
67 61
57 43
57 24
35 17
19 10
75 79
75 56
93 94
38 46
95 31
78 22
81 27
25 65
59 91
18 67
77 52
96 5
94 56
29 32
41 15
9 19
93 83
42 58
48 79
7 46
78 84
36 62
14 28
30 40
22 15
75 66
66 74
70 31
33 2
62 41
17 38
59 77
88 5
38 39
83 12
53 32
95 88
94 76
83 91
84 8
10 62
41 75
7 14
10 7
16 39
48 96
77 10
76 36
78 82
75 65
93 95
96 60
54 61
39 40
56 90
15 65
55 55
43 29
68 20
36 51
59 83
18 7
60 94
42 42
47 84
74 43
50 41
6 7
6 13
46 29
6 28
93 29
82 7
57 22
27 60
72 53
46 90
27 74
55 36
83 69
24 60
15 73
68 85
48 73
65 61
5 70
89 65
66 74
40 27
63 34
54 39
86 4
96 80
45 22
19 31
58 10
90 72
51 29
28 2
6 92
62 74
34 22
11 3
96 50
93 62
83 51
68 40
22 35
23 66
24 9
96 81
19 57
25 69
85 52
38 58
16 67
4 49
89 78
51 88
95 16
21 81
66 57
88 87
59 78
24 83
86 87
35 8
47 27
44 3
47 81
29 62
52 96
78 44
77 96
3 75
15 87
27 80
15 82
38 74
63 61
28 52
51 30
28 65
57 71
36 7
24 32
68 75
31 49
86 75
48 56
21 31
14 47
14 29
96 20
70 62
80 1
17 3
30 44
67 86
83 70
60 10
5 31
52 35
47 41
77 63
64 1
93 77
15 74
9 14
93 78
75 45
46 60
47 44
71 81
33 57
55 61
66 59
91 21
62 10
29 42
72 60
11 36
41 89
13 17
7 10
63 49
22 12
76 68
55 51
52 56
11 74
20 77
5 78
65 66
87 94
75 30
57 53
33 65
46 46