512
864
55 261
394 156
166 346
11 562
245 498
646 108
272 138
296 774
623 502
229 672
121 311
66 448
85 207
823 437
119 416
578 621
261 107
776 426
452 370
123 280
452 353
388 307
490 267
216 696
768 28
87 473
339 152
56 7
807 14
28 509
14 605
713 722
711 208
283 746
577 853
162 612
341 133
55 414
399 718
694 751
746 780
359 220
516 414
674 42
11 701
134 472
441 846
329 735
189 611
201 349
184 810
97 524
78 599
522 60
452 351
810 333
714 304
136 813
301 810
438 312
230 571
783 255
136 248
125 324
442 773
257 625
718 353
733 379
87 838
439 538
772 384
455 205
272 590
602 572
119 175
467 349
330 386
603 465
217 311
373 242
220 629
451 73
565 319
452 651
740 474
772 647
441 810
851 712
536 588
4 238
347 470
586 676
439 772
276 655
219 232
33 438
860 483
94 560
385 129
794 260
602 286
490 179
231 476
474 350
648 477
588 130
531 309
389 105
217 248
344 19
480 376
456 475
442 133
619 410
262 548
253 863
833 742
625 648
353 235
133 584
711 720
713 377
613 237
66 413
485 409
431 548
368 470
158 809
602 776
802 447
44 190
446 460
67 206
243 3
440 376
587 735
231 19
695 427
704 760
839 772
752 853
455 255
458 196
647 644
556 584
226 599
357 255
194 423
461 21
10 484
396 596
802 210
198 217
637 37
112 195
392 448
184 430
702 641
626 69
420 317
236 230
499 593
484 276
151 528
296 160
596 691
339 533
485 121
749 705
605 445
35 133
28 218
562 313
859 771
829 862
671 201
227 305
793 295
165 527
822 460
271 553
735 609
222 355
729 554
195 470
582 677
186 193
31 331
506 473
238 54
470 44
254 281
797 182
575 97
709 116
140 115
669 10
307 474
812 620
611 590
673 329
403 858
521 433
324 610
489 145
664 542
189 53
822 569
683 116
249 111
680 388
673 484
846 563
541 377
318 287
103 126
615 89
567 272
105 475
465 593
619 264
270 391
765 676
95 167
375 343
277 190
731 533
257 296
231 797
672 133
220 358
706 418
446 409
273 134
19 738
726 221
137 580
612 485
839 706
651 797
185 511
571 499
179 827
794 858
344 601
126 147
95 831
564 124
823 837
258 425
710 567
646 430
282 393
499 704
682 285
637 2
796 343
84 558
753 13
135 232
614 260
378 292
675 526
415 217
82 672
642 375
375 7
804 240
399 438
80 664
307 300
666 686
642 749
827 114
346 98
346 95
805 307
834 615
416 384
416 497
640 193
7 598
647 811
837 181
832 500
844 722
383 229
543 160
562 506
722 43
603 203
585 543
93 554
742 509
521 293
141 744
69 596
477 715
126 34
479 93
117 42
815 500
719 77
243 416
166 100
42 768
750 626
31 843
763 356
71 3
232 659
747 748
390 807
598 515
840 660
192 93
285 590
176 139
666 418
138 832
518 179
319 403
388 797
829 734
288 483
737 103
278 203
850 667
145 167
318 569
826 93
661 695
682 420
833 483
837 107
34 74
733 353
61 705
733 25
574 157
508 30
707 369
232 693
171 377
859 72
81 405
164 325
235 845
744 651
48 300
341 81
374 210
17 434
498 750
42 207
490 549
237 332
53 468
608 672
428 187
327 92
591 491
864 409
55 327
643 102
627 120
631 136
777 647
569 410
532 194
200 605
743 436
73 379
488 680
634 499
2 97
591 176
587 174
168 641
501 811
327 263
514 93
846 10
739 134
419 855
327 202
179 653
638 251
616 709
515 385
343 100
65 517
724 235
275 475
460 775
5 786
621 518
14 186
527 336
319 529
774 229
315 89
466 88
787 217
380 21
185 306
121 250
407 428
484 681
38 79
175 43
448 795
144 461
564 255
381 466
367 738
694 681
826 743
352 333
95 731
353 280
621 57
113 163
68 180
427 106
259 601
596 706
115 739
751 262
129 715
727 496
588 140
760 134
19 248
466 113
114 402
840 318
43 536
64 110
716 490
663 558
674 394
399 372
717 733
633 429
583 495
508 307
219 404
440 237
651 489
797 348
474 357
666 516
28 729
210 327
355 8
20 612
850 419
120 702
735 336
266 454
831 774
344 633
313 367
5 99
855 385
30 48
741 695
148 353
560 357
263 498
812 283
245 797
285 812
218 155
284 484
608 698
841 535
466 737
37 54
419 475
438 448
523 763
279 254
699 422
610 97
55 141
379 747
522 247
279 739
402 146
806 593
843 782
264 28
654 300
529 208
775 550
656 17
448 518
270 730
75 463
411 577
603 789
43 260
620 321
583 157
466 524
333 28
442 180
503 679
480 167
23 838
717 262
438 748
363 291
614 437
753 160
597 75
532 639
783 287
544 501
27 593
160 808
205 185
123 707
864 186
10 470
607 310
315 180
193 677
470 806
697 806
549 429
465 665
651 383
87 330
467 562
507 210
505 711
395 211
137 842
397 146
447 139
39 345
767 232
157 820
621 437
346 306
1 810
106 651
328 640
565 794
785 207
139 9
501 117
220 637
94 200
367 124
786 405
52 272
636 208
228 393
644 157
282 228
102 835
463 13
194 163
806 115
817 528
571 37
229 374
673 770
573 175
30 495
164 81
350 799
737 161
775 100
317 640
776 418
610 374
430 388
120 819
502 520
67 656
556 295
166 364
200 738
123 677
816 286
342 302
668 214
462 579
761 363
802 672
780 548
629 794
71 748
748 156
851 398
395 542
692 560
490 28
434 196
288 833
65 629
718 732
426 764
30 323
262 832
578 625
99 791
554 617
258 22
356 245
419 750
786 695
446 859
306 463
190 593
431 254
806 733
570 367
632 183
273 29
150 851
237 696
777 791
32 618
396 387
862 398
721 368
676 302
362 117
348 136
294 362
837 235
230 542
601 861
725 458
473 458
444 710
290 804
220 769
557 199
292 139
180 148
506 856
33 3
556 380
586 849
741 559
667 555
236 852
551 544
445 608
138 472
37 11
859 256
779 135
38 654
273 217
385 362
208 417
813 764
380 534
332 705
228 583
395 48
570 529
591 598
720 312
205 756
770 647
595 269
781 632
58 638
849 27
135 640
443 83
123 407
201 455
247 12
621 225
59 326
753 234
507 609
129 295
84 35
77 679
751 441
30 392
214 14
418 797
238 445
463 360
851 663
398 681
675 154
41 317
63 377
550 569
569 679
863 653
297 523
51 631
100 80
158 761
542 576
693 779
604 740
722 174
538 704
854 796
857 478
249 504
438 382
656 591
644 655
379 524
313 13
290 860
92 448
757 633
607 169
131 794
44 437
103 166
276 540
97 716
601 793
355 174
311 147
348 538
385 726
198 281
322 71
725 414
102 617
630 708
785 761
637 413
781 323
578 192
862 674
43 598
603 846
356 497
576 703
618 544
149 815
408 470
470 268
467 571
468 233
415 837
577 635
385 493
542 98
268 539
771 758
721 93
739 660
173 34
498 791
161 230
325 569
284 794
420 750
501 24
566 499
860 278
717 380
354 394
477 621
517 831
515 373
508 837
168 680
455 249
190 615
63 99
767 346
28 323
231 112
346 381
194 341
242 495
304 596
24 364
800 124
330 34
496 421
455 247
237 45
496 10
243 558
108 146
487 584
52 301
279 397
681 57
321 59
551 208
654 158
571 173
282 484
207 777
41 661
608 725
289 687
734 531
380 426
260 450
593 311
750 7
291 567
63 195
625 197
402 862
355 556
618 636
176 824
132 216
204 323
76 492
145 393
607 108
818 450
557 130
345 443
137 219
145 647
414 353
844 399
798 782
539 551
137 714
95 268
513 298
591 172
374 735
564 116
427 102
565 119
231 493
561 815
712 289
182 261
225 609
243 158
526 781
293 662
214 387
513 726
684 239
33 193
558 181
756 120
282 41
686 96
533 383
495 380
255 676
224 480
420 51
221 81
415 513
742 629
483 390
74 751
213 107
527 354
735 419
57 600
43 742
695 159
708 773
539 99
584 346
162 139
396 382
667 811
479 128
159 97
102 232
431 762
786 94
251 656
96 307
839 138
632 254
296 476
162 418
158 746
764 319
468 743
700 271
273 762
846 431
443 83
247 9
844 168
102 678
408 197
568 382
782 336
635 662
395 797
215 552
262 562
6 729
25 289
583 297
187 565
312 629
647 558
637 211
725 323
24 716
103 592
234 21
511 4
682 41
384 480
592 645
626 597
94 650
21 676
530 207
376 841
419 607
118 640
401 427
98 424
278 200
599 511
668 245
99 69
285 482
133 12
263 758
608 356
543 213
615 208
3 575
633 422
765 750
197 301
312 294
724 590
77 43
236 329
287 782
397 572
400 529
167 246
6 359
185 548
571 799
340 573
93 108
130 857
857 774
293 305
203 601
30 728
643 713
192 513
631 172
668 614
285 835
859 290
329 179
422 35
561 761
191 238
4 769
230 444
678 107
748 17
707 361
328 69
658 103
581 424
274 833
173 142
803 615
432 715
377 437
333 521
333 523
758 784
427 124
363 241
230 695
705 520
639 168
588 432
718 752
439 127
720 611
269 242
809 284
92 321
304 424
842 636
531 735
139 93
858 85
781 671
363 621
326 138
372 49
569 225
385 592
800 688
338 652
66 283
519 605
187 822
165 164
177 695
35 315