512
1024
791 69
874 860
966 218
363 690
213 594
294 140
272 170
520 614
175 950
389 1024
25 631
866 704
53 527
247 757
151 800
482 941
869 331
776 810
548 114
475 760
708 769
900 979
938 395
568 88
320 956
87 345
563 952
24 615
455 270
348 605
46 829
521 914
135 272
699 682
385 149
418 68
917 293
23 830
687 590
918 1007
522 1004
327 60
932 350
674 362
619 1021
966 664
825 462
553 959
733 227
617 93
376 10
161 268
302 183
74 988
772 991
970 269
970 272
328 877
621 1002
214 216
998 155
879 799
616 408
733 324
634 325
417 1009
334 577
253 635
759 326
599 506
292 544
775 237
816 78
90 412
55 303
627 29
458 482
827 49
889 535
373 498
860 789
483 169
341 735
804 75
36 378
580 327
921 330
563 712
408 652
100 462
955 726
490 388
183 292
436 47
827 808
545 662
572 3
830 912
737 609
986 772
986 542
74 883
871 636
570 254
264 669
716 194
371 181
581 553
473 1016
600 275
800 120
936 347
122 741
235 858
326 196
605 287
737 678
145 584
289 715
837 552
359 528
745 729
709 301
258 157
293 857
431 68
976 342
414 73
58 648
930 383
844 510
670 556
163 814
115 451
504 952
1003 863
455 723
567 139
1024 824
295 292
656 725
359 607
42 772
679 100
396 584
482 215
69 127
770 231
941 885
682 420
812 660
258 242
358 825
381 357
624 675
648 256
376 1006
862 417
754 517
516 125
76 998
339 145
100 84
375 16
968 32
436 755
691 693
997 25
493 353
381 93
3 5
348 378
1010 185
795 739
701 286
863 777
259 177
921 359
261 271
374 204
303 809
959 993
478 931
1017 970
259 374
38 261
378 385
639 363
570 409
78 246
694 940
1022 953
93 918
287 353
165 660
556 467
445 490
435 922
396 428
867 654
801 905
915 154
265 529
516 834
937 593
56 606
509 53
534 601
971 820
953 111
456 484
577 900
974 1011
797 345
414 639
999 190
519 889
343 784
393 859
593 305
427 648
910 935
701 420
511 647
215 439
757 670
923 309
545 872
295 317
192 709
956 166
898 450
30 217
209 422
51 802
726 477
425 612
388 101
7 898
747 221
313 479
891 211
787 411
58 58
728 249
766 659
415 639
84 444
855 293
866 905
70 567
358 494
154 745
595 160
618 317
381 930
796 247
116 558
657 173
615 360
422 356
1018 836
995 78
255 825
370 96
706 439
663 39
932 816
783 502
976 376
819 332
282 590
578 397
123 210
570 738
570 991
69 563
802 39
640 32
864 1009
128 545
423 790
583 331
581 341
832 532
716 626
863 997
191 416
370 314
626 939
27 171
905 95
733 682
134 349
713 997
333 840
517 756
605 75
62 162
415 893
693 106
495 532
79 685
947 448
998 548
362 1024
718 242
95 427
923 228
775 611
200 83
427 716
838 7
790 899
168 180
768 861
285 238
368 363
922 290
810 896
838 147
895 531
388 989
957 286
192 707
897 391
790 299
82 603
305 871
478 473
26 221
309 311
458 676
673 355
965 459
226 778
605 97
285 993
61 217
254 253
924 126
643 689
424 725
267 729
571 744
177 597
964 485
907 397
136 555
752 76
1013 977
854 594
49 114
562 110
330 815
362 229
941 1004
917 340
704 160
44 251
903 220
847 843
704 729
215 839
259 966
915 248
919 744
841 967
857 378
52 162
168 413
391 84
393 283
424 72
442 467
322 321
687 144
139 366
872 353
181 107
295 71
354 189
814 170
131 646
547 183
807 714
595 173
798 987
456 197
35 897
663 356
193 325
500 331
691 347
684 871
453 978
941 806
142 730
975 272
351 497
454 133
187 25
306 984
1011 761
156 21
633 818
377 826
119 876
132 809
198 815
655 651
768 571
432 909
276 383
157 626
879 610
758 41
634 39
1024 621
799 155
641 408
973 1017
209 67
868 340
875 42
131 505
692 898
51 99
783 326
481 939
951 336
524 684
376 134
723 376
754 497
530 370
904 478
363 88
544 206
428 394
247 558
898 938
431 948
13 189
249 493
103 175
828 627
859 180
760 557
555 489
29 60
858 933
538 196
1020 57
402 423
451 648
980 324
562 387
248 574
575 496
42 678
671 870
280 505
25 15
37 579
503 65
638 336
997 151
532 993
208 933
391 658
556 347
981 93
733 204
666 283
700 708
960 346
553 215
850 577
229 886
131 731
950 768
43 923
919 574
891 102
482 257
759 13
603 715
106 311
919 771
594 594
454 529
939 1006
744 764
558 972
625 688
679 550
432 721
448 326
270 314
427 751
571 161
763 149
875 868
460 769
615 29
338 44
557 252
26 276
1015 583
224 615
247 902
141 678
598 588
1003 867
902 405
593 448
565 331
596 415
175 31
160 789
59 497
832 616
749 857
891 739
416 90
330 662
991 470
315 564
33 293
406 934
697 998
357 237
305 953
651 479
983 810
243 18
283 50
633 7
907 499
745 298
589 50
959 555
519 249
95 552
541 500
461 213
474 818
449 778
746 75
232 704
885 474
721 143
523 329
149 405
828 893
702 392
943 636
946 437
884 16
988 400
516 425
612 989
218 36
742 963
111 973
642 995
422 339
113 944
667 261
325 470
129 2
861 47
638 783
484 497
798 447
897 289
871 484
253 64
520 994
2 630
942 644
600 339
982 712
259 624
972 583
70 76
584 930
123 197
688 606
694 462
28 566
750 899
25 1003
962 544
972 964
149 890
583 748
204 540
435 462
139 382
20 208
458 604
114 580
800 801
161 469
238 188
10 988
62 35
966 1024
578 913
963 727
778 521
450 982
36 885
419 174
242 439
382 699
18 495
254 817
271 414
262 509
602 271
472 663
305 413
662 883
301 600
585 55
96 10
12 131
894 430
305 112
868 686
810 885
156 40
678 426
453 939
934 30
185 381
693 490
793 330
348 70
930 932
124 1
941 135
132 811
564 436
922 408
97 707
268 252
746 945
677 175
859 587
204 20
967 896
509 736
202 856
805 107
763 928
107 679
38 238
465 601
673 362
1008 769
45 252
1020 790
172 673
964 7
235 144
26 177
15 534
912 216
365 692
322 103
595 429
781 632
666 222
209 315
583 192
59 627
443 55
393 615
727 332
621 961
475 646
113 490
155 1
705 519
692 3
621 263
431 377
894 72
598 78
386 157
270 445
783 712
499 151
302 201
483 922
137 957
543 249
422 697
249 103
191 941
105 811
179 535
164 48
606 761
126 992
917 395
412 676
82 910
826 384
86 284
281 222
217 824
470 638
496 719
740 687
635 844
473 813
354 636
860 960
373 985
927 265
355 314
940 437
199 742
820 284
1 76
505 217
899 974
855 371
668 570
33 278
390 505
66 743
117 926
678 489
886 580
753 217
893 669
653 67
386 448
350 386
523 854
603 398
804 433
768 447
1002 800
725 367
280 790
86 396
691 763
884 553
319 613
769 187
257 397
254 642
844 603
3 342
433 605
739 212
13 482
658 1015
257 358
357 537
124 442
932 814
181 792
342 499
380 86
685 636
482 938
253 301
517 255
643 949
860 357
136 872
839 793
862 71
127 195
607 250
636 515
39 816
282 381
290 661
466 975
272 948
888 524
224 380
778 866
304 613
199 439
461 13
208 298
83 334
492 690
583 104
180 621
919 461
1001 185
97 443
135 368
366 1022
891 589
378 644
431 681
233 629
96 693
641 303
990 723
636 458
388 194
561 567
814 455
3 791
639 99
209 773
466 574
771 332
138 124
976 568
804 184
172 899
876 812
177 841
511 812
274 898
1005 834
441 795
265 443
561 903
542 769
652 1007
318 398
315 455
521 266
1023 300
449 170
175 300
982 351
116 468
139 390
341 119
199 781
913 463
200 449
342 741
193 993
723 510
366 13
965 886
278 963
161 726
108 335
1 65
686 117
532 824
506 873
942 704
629 831
143 828
255 484
544 448
452 243
957 817
255 897
678 533
835 838
234 943
149 235
1007 834
351 515
633 856
363 550
535 991
356 677
795 611
136 314
34 587
556 990
379 811
863 32
319 673
870 552
591 1018
786 574
827 112
64 435
967 426
984 478
392 316
130 162
926 266
476 959
852 7
924 207
817 762
238 111
411 83
663 1001
76 424
550 902
536 613
312 478
14 272
955 406
587 61
567 488
326 18
422 153
25 321
359 841
59 597
952 469
679 590
445 755
1013 995
632 524
583 944
1002 597
191 932
1002 777
992 544
240 293
562 661
446 586
981 804
402 15
376 329
483 31
918 928
785 907
898 392
406 456
311 383
28 501
291 5
253 258
549 492
551 86
128 996
671 85
775 48
99 127
377 582
157 270
485 941
152 358
308 558
813 619
940 841
95 206
845 348
464 369
839 1014
454 967
985 100
27 735
148 125
861 524
706 1017
793 166
933 945
523 217
478 312
835 393
128 929
599 972
252 38
317 67
27 770
9 1011
870 35
721 1017
159 558
516 865
550 284
6 459
204 529
675 681
840 485
50 967
389 648
914 641
685 206
707 711
976 715
697 821
749 393
813 907
950 304
747 476
587 753
934 791
257 584
447 72
44 496
14 432
119 927
48 803
109 754
489 60
444 161
880 168
554 668
51 479
971 797
954 533
525 863
299 781
422 746
852 465
217 865
897 336
768 944
114 876
674 603
935 93
763 790
261 292
433 311
771 379