512
960
151 69
490 348
454 922
107 562
341 18
358 780
848 42
584 678
47 694
709 576
25 311
354 256
949 783
823 437
791 608
290 813
549 779
200 42
740 178
603 952
68 833
772 787
874 267
504 792
960 124
279 857
435 632
152 295
327 14
604 29
494 893
713 914
711 784
955 362
1 469
354 900
341 37
727 126
303 142
790 175
266 108
71 700
612 222
866 810
107 509
710 472
441 462
425 63
285 419
297 157
760 522
97 140
558 695
138 732
836 927
906 141
906 16
712 429
109 618
150 216
38 859
687 351
232 152
413 516
442 581
545 241
142 641
253 571
375 262
343 250
100 288
263 877
176 14
218 284
503 367
371 541
138 98
891 369
121 215
757 434
796 341
547 937
853 799
548 267
932 762
388 71
921 522
947 136
536 204
292 910
443 662
490 580
631 292
948 751
507 616
225 342
956 771
190 848
481 609
26 452
410 286
394 371
807 380
378 254
456 669
204 898
243 693
389 873
25 248
536 403
864 760
744 859
442 805
619 794
454 644
157 863
929 550
145 648
929 523
901 296
231 144
233 473
709 621
258 605
869 793
47 644
464 662
542 905
506 200
610 831
716 766
734 556
355 878
243 195
440 184
491 543
327 595
887 907
128 184
551 868
848 469
551 351
170 4
167 548
76 776
418 791
453 63
386 807
941 501
874 292
684 404
706 882
870 505
829 37
688 291
776 448
760 238
798 929
242 837
516 317
524 806
19 17
868 276
823 720
776 736
884 499
51 629
293 793
173 33
701 733
323 517
220 122
754 889
91 867
637 478
95 201
323 113
217 103
261 911
822 76
559 745
447 609
414 739
441 458
771 182
102 5
570 193
127 235
122 89
142 630
566 236
830 761
221 86
863 481
37 596
428 595
381 874
115 666
524 428
35 206
481 137
211 90
329 337
324 322
297 337
952 734
573 821
534 665
779 308
57 687
776 484
193 196
270 179
733 665
606 767
871 126
903 953
87 272
201 283
465 497
619 456
270 103
189 676
767 839
855 823
565 670
347 629
737 488
807 509
192 325
316 934
322 130
926 409
273 38
691 738
534 221
233 676
324 293
263 130
171 29
953 607
571 211
275 347
698 954
728 889
318 915
863 639
84 700
919 357
738 521
134 183
742 238
858 105
403 32
106 573
61 98
220 631
180 366
849 877
231 616
806 548
570 580
99 526
319 889
754 96
450 759
279 103
36 48
207 438
80 184
883 12
282 14
642 461
251 402
250 482
58 95
901 499
546 39
896 864
800 689
832 289
487 22
263 523
69 469
832 20
652 626
863 805
639 544
178 890
818 427
411 875
393 351
285 938
262 221
713 101
909 456
261 308
477 523
702 418
863 573
309 426
239 212
143 749
627 320
550 484
618 960
270 50
223 555
859 356
647 483
328 467
939 460
774 327
22 515
744 756
960 93
93 110
176 235
858 802
426 448
326 83
319 595
4 413
61 734
768 579
257 7
86 107
466 859
433 359
414 89
154 285
181 119
394 228
353 291
69 779
610 266
733 929
733 609
253 793
382 61
412 510
899 369
616 405
267 89
763 552
177 789
836 229
907 269
456 171
432 396
821 81
662 594
881 434
114 174
138 495
106 549
45 44
917 660
320 96
620 955
519 668
783 395
768 601
535 135
643 6
531 504
919 232
9 839
665 122
52 674
488 29
263 532
73 91
104 392
58 595
386 577
303 80
11 942
552 545
117 235
423 647
610 381
750 490
259 326
611 183
39 10
83 173
542 155
136 517
419 193
151 676
641 325
628 523
179 91
940 295
197 402
813 806
782 474
335 912
799 817
6 709
699 89
754 280
115 889
668 405
953 690
121 634
887 620
196 105
710 175
271 907
448 123
624 269
468 831
93 178
559 930
886 297
58 551
448 45
479 155
449 472
717 441
17 643
932 84
619 682
259 889
500 706
883 163
847 262
33 811
439 592
780 236
760 710
787 248
754 305
402 114
648 30
427 536
544 398
620 202
951 750
2 490
495 756
525 253
57 429
103 495
892 883
603 692
632 429
939 297
605 252
282 165
282 708
700 825
18 231
67 8
20 900
370 515
696 894
639 624
362 742
159 294
536 633
25 79
101 3
375 577
126 528
741 407
148 353
272 165
455 210
44 475
149 413
861 716
218 539
380 580
320 410
745 727
82 641
805 54
515 91
630 640
619 283
87 638
507 230
802 1
439 717
475 459
42 247
87 259
786 338
710 17
747 494
744 700
174 588
625 688
679 166
368 209
448 326
846 826
555 559
699 865
315 213
235 356
332 321
487 157
658 236
45 316
730 660
887 775
288 551
503 838
717 742
918 76
939 675
902 533
273 640
309 459
724 543
687 95
736 213
123 305
448 40
493 89
699 419
864 858
10 278
607 598
891 564
673 869
278 614
313 422
165 621
753 761
75 479
855 810
563 850
27 882
889 519
11 499
809 746
397 818
63 43
327 825
479 40
733 628
525 917
922 690
577 714
490 651
232 256
373 794
17 399
715 777
789 597
316 637
382 584
367 316
498 693
52 848
732 784
516 297
740 349
858 228
102 259
751 205
386 163
38 403
433 624
91 133
133 278
769 386
861 175
702 399
740 753
158 511
449 545
679 100
893 448
200 34
706 950
238 4
24 147
406 328
643 368
460 775
646 268
200 546
315 773
816 94
438 14
476 886
558 195
857 363
514 96
396 260
917 506
263 940
652 540
179 206
779 638
20 464
778 220
50 4
864 737
929 341
622 444
138 92
510 35
454 64
2 721
195 791
266 329
642 790
740 821
35 558
498 887
62 187
18 943
190 881
719 158
134 253
474 271
344 855
177 797
918 179
429 24
9 695
224 522
396 3
382 302
433 752
100 494
938 117
348 40
870 938
69 43
230 542
313 573
437 362
281 266
540 710
290 420
316 385
941 583
388 235
756 820
26 856
225 3
844 572
874 753
549 943
667 651
524 852
263 832
253 416
138 664
37 299
955 352
683 807
806 942
81 601
673 938
496 897
813 380
380 726
44 801
708 583
491 144
474 625
15 598
912 24
301 948
194 167
211 749
13 56
730 926
657 315
903 64
251 755
315 503
393 359
343 12
813 705
155 326
369 42
795 321
897 7
180 131
173 391
751 57
318 392
22 14
706 797
910 829
463 264
371 855
494 585
867 346
329 893
543 569
934 377
761 871
383 941
873 427
243 535
484 560
926 377
446 672
213 395
412 548
530 654
442 896
278 220
281 478
153 696
918 958
944 591
740 367
571 524
793 685
98 188
284 64
565 729
607 649
35 890
236 437
583 550
372 732
769 524
121 793
259 78
791 243
540 442
481 150
6 185
706 935
245 30
870 809
630 516
497 665
445 605
13 899
194 384
670 2
907 790
795 78
740 497
192 319
810 544
341 815
600 86
662 844
947 571
564 617
127 933
193 443
577 205
254 770
460 923
771 278
625 477
355 276
845 418
594 695
833 806
421 473
764 122
228 750
693 792
278 691
764 470
45 380
546 298
189 45
133 831
323 757
220 549
72 104
839 537
670 711
255 3
95 58
124 323
807 688
154 957
290 917
338 207
208 884
504 268
800 508
138 34
304 229
455 247
333 333
784 874
915 78
876 50
7 872
244 685
471 397
681 633
225 59
839 304
942 254
571 653
762 580
687 105
809 181
224 53
385 879
926 339
956 714
260 834
497 503
558 7
771 279
639 867
337 389
210 190
643 652
714 444
272 440
420 120
492 515
172 876
433 9
127 300
722 258
173 130
633 731
137 315
49 647
222 257
76 303
318 590
827 71
905 138
383 364
129 874
879 172
662 351
180 788
523 774
85 695
903 589
465 911
904 385
470 165
513 417
339 830
46 205
773 950
214 195
225 342
108 143
513 769
366 565
468 888
378 425
494 192
53 959
15 956
255 484
32 768
900 243
509 945
319 321
934 533
387 198
746 367
213 299
47 450
735 515
249 24
811 742
215 735
612 101
731 867
584 634
546 523
876 94
379 235
287 224
639 673
294 424
911 378
594 958
827 368
384 115
263 234
728 350
8 380
450 610
158 74
284 703
468 71
796 847
177 954
942 815
539 275
151 489
652 744
486 390
24 869
376 286
14 144
635 854
395 125
503 552
70 658
294 537
601 1
295 777
955 277
504 533
551 654
61 115
437 419
504 332
199 880
618 213
895 292
106 329
288 480
880 357
50 213
766 650
213 100
338 207
376 841
611 799
406 544
785 715
2 328
86 200
119 703
284 53
867 261
381 194
613 300
551 662
512 356
351 597
327 688
675 575
441 326
285 846
869 109
600 870
436 686
941 427
428 137
479 206
397 860
400 49
71 822
582 455
89 932
91 415
532 765
861 12
130 185
857 870
293 497
779 601
222 632
67 521
768 417
727 76
188 38
957 259
859 578
713 947
422 803
273 953
479 46
4 481
230 732
390 395
268 209
35 361
712 933
754 391
389 520
466 449
557 334
707 327
912 331
185 245
45 329
237 523
374 112
43 604
843 433
38 23
513 904
255 264
876 48
526 176
439 31
624 35
365 242
233 188
572 417
304 616
746 540
51 159
523 93
762 277
397 671
171 909
614 426
84 529
473 609
577 784
512 112
818 748
354 91
807 797
379 150
453 164
561 503
323 123