512
640
151 69
490 348
454 602
107 562
341 338
38 140
528 42
264 358
47 54
389 256
25 631
354 576
309 143
503 117
151 288
610 173
229 459
520 42
420 498
603 632
68 513
132 467
554 267
184 472
320 444
599 217
435 312
152 615
327 14
604 349
174 573
393 274
391 144
315 42
1 149
34 580
21 37
407 446
303 462
150 495
266 108
71 60
292 222
546 490
107 509
70 152
441 462
425 63
605 99
617 477
120 522
417 140
558 55
458 92
516 607
586 141
586 16
72 109
109 618
470 216
358 539
367 31
232 152
93 196
122 581
545 241
462 321
253 251
375 582
343 250
420 288
263 237
176 334
218 284
183 47
371 541
458 98
571 49
121 535
117 114
476 21
227 297
213 479
548 587
292 122
68 71
281 202
307 456
536 524
612 590
443 342
490 260
311 292
308 431
187 296
545 22
316 131
190 528
481 609
346 132
90 286
74 371
487 380
58 254
136 29
204 578
243 53
69 553
345 248
216 403
544 120
424 219
122 485
619 474
454 324
477 543
609 550
145 328
289 203
581 296
231 144
233 473
69 301
258 285
549 473
47 324
464 342
542 585
186 520
290 511
76 126
414 556
35 558
243 195
120 184
491 223
327 595
567 267
128 184
551 548
528 469
231 351
170 4
167 228
396 456
98 471
453 383
386 487
301 501
554 292
44 404
386 242
230 185
509 357
368 291
136 128
120 238
478 289
242 517
516 637
204 486
339 17
228 596
503 400
456 416
564 499
51 309
613 153
493 353
381 93
3 517
220 122
114 569
411 227
317 158
95 521
3 433
537 103
261 271
502 76
559 425
447 609
94 419
121 458
131 502
422 5
250 513
127 235
442 409
462 630
566 556
510 441
221 406
543 481
37 276
428 595
61 234
435 26
524 428
355 526
161 137
531 410
9 17
4 322
297 337
312 94
253 181
534 345
459 308
57 367
456 484
193 516
590 499
413 345
286 127
231 446
263 633
87 272
521 603
465 177
299 136
270 423
189 36
127 519
215 183
245 30
27 309
417 488
167 189
192 325
316 294
2 450
286 89
593 38
51 418
214 221
553 356
4 613
263 130
491 349
313 607
251 211
275 27
58 314
88 249
638 275
543 639
84 60
599 37
98 521
454 183
102 238
538 105
83 32
106 573
381 418
540 631
500 46
529 557
231 616
166 228
250 580
99 206
639 569
114 96
450 439
279 423
36 48
527 118
80 504
563 332
282 334
322 141
251 82
570 482
58 95
581 179
546 39
256 544
480 369
512 289
167 22
583 203
69 469
192 20
332 626
223 485
319 544
498 570
498 427
411 555
393 351
605 298
262 221
73 101
589 456
261 628
477 203
62 418
543 253
309 106
239 532
463 429
307 320
230 164
618 640
590 370
223 555
539 356
7 483
328 467
299 460
454 7
22 515
424 436
640 93
413 110
496 235
538 162
426 128
326 403
639 275
4 93
61 414
448 579
257 7
406 427
466 219
433 359
94 89
154 605
181 439
74 548
33 611
69 459
610 266
93 609
413 609
573 473
382 381
412 510
259 49
296 85
267 89
443 232
177 469
196 229
267 269
136 171
112 76
501 81
342 594
561 114
434 494
458 175
106 229
45 364
277 340
320 416
300 635
519 348
463 75
448 601
215 455
3 326
531 504
279 232
329 199
345 122
52 34
168 29
263 212
393 411
424 72
58 595
66 577
303 400
11 622
232 225
437 235
423 327
610 61
430 170
259 6
291 183
39 330
83 173
542 475
456 197
419 513
151 356
321 325
628 203
179 91
300 615
197 82
173 166
142 474
335 272
479 497
326 389
59 409
434 600
115 249
28 405
633 50
121 314
247 620
516 425
70 175
271 267
128 443
304 269
148 511
413 498
239 610
246 297
378 551
128 365
159 155
129 152
77 121
337 323
612 84
619 42
259 249
180 386
563 483
527 582
353 171
439 592
140 556
120 390
467 248
114 625
402 114
8 350
107 216
544 78
300 522
631 430
2 170
175 436
525 573
377 109
103 175
572 243
603 52
632 429
299 617
285 572
602 165
282 68
380 185
18 551
67 8
340 580
50 515
376 574
319 624
42 422
159 614
536 633
25 399
421 323
375 577
126 208
101 407
148 353
592 165
135 530
44 475
469 93
221 76
538 539
60 580
320 90
425 87
82 321
485 374
515 91
310 640
299 283
407 318
507 230
482 1
119 397
475 459
362 567
407 259
466 338
70 17
427 494
104 380
174 588
625 48
39 166
48 209
448 326
526 186
555 239
59 545
635 533
235 356
332 1
487 157
338 556
45 636
410 20
247 455
608 231
503 518
397 422
598 76
619 355
262 533
593 320
309 459
84 543
47 415
416 533
443 625
448 360
493 89
379 99
544 218
330 278
607 598
571 564
33 549
278 294
313 102
485 621
433 441
395 479
215 170
243 530
27 562
249 519
11 499
489 426
77 178
63 43
7 505
479 40
413 628
205 597
602 50
577 394
490 331
232 576
373 474
337 399
395 457
149 277
316 637
62 264
47 636
178 53
372 528
92 144
516 297
100 349
218 548
102 579
111 205
386 483
38 83
113 304
411 133
453 598
129 386
221 175
382 399
100 113
158 191
129 545
359 100
253 448
520 354
386 630
558 4
344 467
86 328
3 368
460 455
326 588
200 546
635 453
176 94
438 334
156 566
238 515
537 363
194 416
76 580
277 506
583 620
332 540
179 206
139 638
20 464
458 220
370 324
544 417
289 341
622 444
138 92
190 35
454 384
322 401
195 471
266 9
322 470
420 501
35 558
498 567
382 187
18 623
510 561
399 158
134 253
474 271
344 535
177 157
278 499
429 344
329 55
224 522
396 3
382 302
433 112
100 174
298 117
28 40
550 298
69 43
550 542
313 253
437 362
281 586
220 70
290 420
636 385
301 263
388 555
436 180
26 536
225 323
524 252
234 433
549 303
347 331
204 532
583 512
253 96
458 344
37 619
635 32
363 167
166 622
81 601
33 618
496 257
173 380
380 406
44 161
68 263
491 144
154 305
15 278
272 344
621 308
194 487
211 429
13 376
410 606
337 315
583 64
571 115
315 183
393 359
343 332
493 65
475 6
369 362
155 1
577 7
180 131
493 391
431 377
638 72
342 334
386 157
270 189
143 584
371 535
174 585
227 26
9 573
543 249
294 57
121 231
63 301
233 427
563 535
164 560
606 377
126 352
533 395
412 548
210 14
442 256
598 540
281 478
473 56
598 638
624 591
100 47
251 204
473 45
98 508
604 64
245 89
287 9
355 570
556 437
583 230
52 412
129 204
121 473
259 78
471 243
540 442
161 150
6 505
66 615
245 30
550 489
630 196
497 345
125 285
13 579
514 64
350 2
267 470
475 398
420 177
512 319
490 544
341 495
280 406
342 524
307 251
244 297
447 613
513 443
257 525
254 130
460 603
131 598
305 477
355 596
525 98
274 375
513 486
101 153
124 442
548 430
53 152
598 371
124 470
45 380
226 298
509 45
133 511
3 437
220 229
392 104
199 537
350 71
255 323
95 378
124 3
167 48
154 637
290 277
338 207
528 564
504 268
480 508
138 354
304 229
455 567
333 13
464 554
595 78
236 50
327 232
564 365
151 77
361 313
225 59
519 624
622 254
251 333
122 260
47 425
489 501
224 53
385 559
606 339
636 74
260 194
177 183
558 327
131 279
639 227
337 389
210 190
3 332
394 124
592 440
420 440
172 515
492 556
433 329
127 300
402 258
493 450
313 411
137 315
49 7
542 257
396 623
318 270
187 71
265 138
383 44
449 554
559 172
342 351
500 468
523 134
85 375
583 269
145 591
584 65
470 485
193 97
339 510
366 525
453 630
534 195
545 342
108 463
513 449
46 245
148 568
378 105
174 192
373 319
15 316
255 484
32 448
580 243
189 305
639 1
294 533
67 198
106 47
533 619
367 450
95 515
249 344
491 422
535 95
612 421
411 227
264 314
546 203
556 94
379 555
607 544
319 33
614 424
591 378
274 318
187 368
64 435
583 554
88 350
8 60
130 290
158 394
604 63
468 391
156 207
177 634
622 495
539 595
151 489
332 424
166 390
24 229
56 606
14 144
315 534
75 445
183 232
70 18
294 537
281 321
615 457
315 597
184 213
551 334
61 115
117 99
504 12
199 560
618 213
575 292
106 9
608 160
240 37
50 533
446 330
213 420
18 527
376 201
611 159
406 544
145 395
2 8
406 200
439 383
284 373
547 261
381 514
293 620
551 342
512 356
31 597
7 48
355 255
121 326
285 526
229 429
280 230
436 46
301 107
428 457
479 206
77 220
80 369
71 502
582 455
89 612
411 95
532 125
221 12
450 505
537 550
293 177
139 601
222 312
67 521
128 417
87 76
508 38
317 579
539 258
393 627
102 163
593 633
159 46
4 481
550 412
390 75
588 529
35 41
72 613
434 71
389 520
146 129
557 334
67 327
592 331
185 565
365 9
557 523
54 432
363 604
203 113
38 23
513 584
575 584
556 368
526 176
119 31
304 35
365 242
233 188
572 417
624 296
426 540
51 479
203 413
442 277
397 351
171 269
294 106
84 209
473 609
257 464
512 432
498 108
34 91
167 477
379 150
133 164
561 183
3 123