512
32
23 5
10 28
6 26
11 18
21 18
6 12
16 10
8 6
15 22
5 32
25 23
2 32
21 15
23 21
23 32
2 13
5 11
8 10
4 18
27 24
4 1
4 19
10 11
24 24
32 28
23 25
19 24
24 7
7 14
28 29
14 29
9 18
7 16
27 10
1 21
2 4
21 5
23 30
15 14
22 15
10 12
7 28
4 30
2 10
11 29
6 24
25 14
9 31
29 3
9 29
24 10
1 12
14 23
10 28
4 31
10 13
10 16
8 13
13 10
22 24
6 27
15 31
8 24
29 4
26 5
1 17
14 1
29 27
23 6
23 26
4 32
7 13
16 14
26 28
23 15
19 29
10 2
27 17
25 23
21 18
28 21
3 9
21 31
4 11
4 26
4 7
25 10
19 8
24 12
4 14
27 22
10 4
23 4
20 15
27 8
1 22
28 3
30 16
1 1
26 4
26 30
10 19
7 28
26 30
8 29
12 2
19 21
5 9
25 24
24 19
32 24
8 27
26 5
11 26
6 4
29 31
1 6
17 8
1 11
5 8
7 16
9 25
5 13
2 29
5 25
15 4
16 22
30 9
26 8
2 31
12 30
30 12
3 14
19 3
24 24
11 31
7 19
23 11
32 24
7 4
16 21
7 31
10 4
7 4
12 8
2 23
5 31
2 7
13 21
10 4
12 20
2 18
6 25
29 5
16 3
8 32
24 14
30 1
18 5
4 29
12 6
19 17
4 20
23 16
8 32
20 19
19 21
5 25
13 1
29 29
3 5
28 26
18 25
27 3
29 30
31 9
3 17
25 7
5 15
22 12
15 9
31 1
30 3
25 10
3 22
6 5
26 1
31 11
26 25
14 22
22 12
30 25
29 22
31 1
5 20
12 19
29 10
19 26
12 12
3 14
1 9
19 26
9 17
4 2
9 17
24 30
29 21
22 25
11 20
25 15
8 4
1 4
14 19
29 25
30 31
7 30
7 25
23 16
9 27
17 17
11 8
14 7
29 4
31 7
23 23
21 30
27 21
1 8
7 29
32 5
28 6
2 2
30 25
17 6
19 2
22 29
9 4
4 5
7 2
11 29
25 31
27 19
19 27
26 26
24 25
30 19
31 31
20 28
23 5
2 9
6 23
6 14
26 9
19 32
10 29
29 2
28 23
20 14
17 13
7 8
6 4
26 4
3 14
31 25
18 32
2 23
23 7
4 16
15 22
16 24
19 12
26 14
2 13
27 18
26 2
26 31
5 19
2 7
32 32
32 17
32 1
7 22
7 11
5 21
32 20
12 18
31 5
31 32
18 26
18 11
27 11
9 31
29 10
6 29
9 5
13 8
5 20
29 11
30 2
31 29
21 10
15 20
15 13
19 32
6 4
10 32
14 18
31 11
27 4
7 3
8 19
11 12
6 7
22 3
8 20
32 29
29 14
16 11
26 2
10 32
6 19
31 19
4 29
29 30
32 3
1 7
22 11
18 27
17 7
30 25
26 29
21 23
10 4
1 3
5 11
2 10
29 1
29 1
29 25
30 29
28 30
3 17
8 21
11 25
27 8
17 21
4 5
11 13
8 11
16 12
21 17
22 18
17 18
18 14
10 15
10 5
13 12
21 20
32 32
12 27
7 28
15 11
32 25
23 7
3 6
19 24
23 8
9 7
25 26
20 2
8 29
7 20
9 27
8 8
26 19
2 1
15 16
11 14
8 1
21 11
7 7
2 29
14 10
3 6
3 23
7 10
19 13
30 27
8 5
3 1
23 4
1 5
20 11
19 27
12 7
5 18
13 6
14 26
15 16
31 17
6 5
27 25
18 24
19 25
28 21
25 18
25 26
23 12
4 9
6 15
15 11
32 27
16 13
20 31
29 18
15 2
22 9
26 7
32 13
31 27
1 24
13 25
17 3
4 20
11 10
3 25
20 2
19 3
15 6
1 11
23 16
12 12
24 6
19 24
18 17
18 18
8 30
11 24
32 14
12 10
23 14
2 10
15 20
13 29
25 13
7 15
28 19
27 20
24 13
11 9
29 28
26 5
26 4
28 25
18 7
3 8
20 4
18 3
24 30
31 16
10 6
31 6
24 25
25 15
5 3
23 1
30 16
5 23
20 1
16 5
7 18
12 27
21 29
29 12
26 27
28 4
32 26
9 23
18 1
5 22
3 27
22 32
11 27
23 30
27 6
2 1
23 13
27 11
10 23
23 3
18 18
6 17
11 14
8 28
14 12
17 16
7 6
16 17
32 6
14 26
11 15
27 1
27 21
11 4
12 1
7 29
18 12
13 28
26 20
23 7
32 7
23 6
13 6
22 12
11 3
6 21
17 32
21 11
20 31
15 31
32 21
27 17
32 8
13 25
27 3
32 26
10 22
31 22
27 20
1 5
22 6
25 6
5 13
17 25
11 31
23 10
19 18
27 18
25 7
11 19
9 10
13 18
31 11
7 25
31 8
29 20
13 21
26 18
1 10
10 11
8 32
21 26
17 15
11 9
21 21
28 29
30 8
15 28
18 21
20 16
28 16
4 9
4 29
26 4
6 3
15 13
2 3
6 19
17 16
27 5
5 22
1 2
29 15
30 15
4 17
30 31
1 1
7 4
29 32
8 2
2 22
14 4
24 19
22 8
3 16
12 7
6 12
8 2
27 5
16 30
22 14
28 22
14 3
25 11
2 32
12 4
21 26
7 12
12 28
19 14
11 30
20 16
10 28
18 4
32 1
1 21
14 28
10 28
30 3
6 32
2 17
3 23
10 9
2 22
4 21
3 14
18 23
30 27
18 15
30 17
15 30
6 29
26 15
24 23
17 29
22 19
13 24
9 23
32 10
12 3
30 14
17 16
4 14
10 21
28 8
6 10
5 11
6 30
25 29
21 10
25 10
28 6
2 4
28 1
13 7
4 11
20 20
26 24
1 3
12 28
10 17
5 15
27 11
12 20
7 32
29 32
10 24
5 11
27 32
11 7
6 14
17 25
1 10
16 1
13 28
28 22
12 1
4 7
11 16
26 17
15 22
16 24
13 20
2 7
19 13
13 24
26 30
17 27
7 32
27 19
27 23
9 7
23 12
13 1
27 6
17 10
27 1
1 7
20 3
13 7
15 25
30 8
22 14
2 29
14 29
15 8
19 23
14 9
3 26
9 29
31 25
6 25
25 7
31 13
9 11
19 23
4 16
30 25
30 32
21 11
28 4
18 14
26 32
22 28
25 30
25 24
22 30
16 15
4 15
27 12
25 13
2 28
28 32
21 25
31 9
3 26
12 21
7 6
20 28
1 12
25 25
3 14
23 19
28 26
1 22
6 25
2 7
21 30
6 9
22 4
17 25
29 29
13 3
2 32
30 2
11 22
27 14
4 17
32 31
10 32
21 15
24 22
22 12
19 27
20 9
31 5
1 27
1 13
30 2
12 27
3 22
17 29
3 20
13 2
18 23
1 6
5 25
28 26
4 14
21 24
22 19
28 22
13 28
2 10
29 13
5 31
3 21
28 5
8 8
7 25
30 7
31 3
31 26
28 3
7 16
26 29
2 21
18 15
16 20
24 12
32 28
10 2
16 5
7 23
13 13
16 10
19 14
12 18
7 8
20 13
23 13
9 25
1 27
7 16
14 30
27 13
26 4
15 9
9 21
32 21
1 15
30 19
28 10
4 2
17 23
14 7
3 23
31 3
17 5
18 30
3 12
10 28
16 24
4 24
12 3
12 12
17 9
31 12
18 2
13 2
25 27
9 27
17 7
30 1
12 15
30 14
27 7
9 10
31 12
1 10
15 12
22 31
20 20
11 6
21 23
7 13
17 15
8 1
22 5
1 1
19 30
14 13
5 22
22 3
1 22
12 15
1 1
14 21
20 24
26 9
14 32
21 31
15 28
31 4
32 32
4 19
29 17
31 1
6 21
3 6
10 15
21 11
15 2
31 3
25 24
11 6
23 31
4 5
27 3
8 26
2 11
12 30
27 11
31 32
31 1
6 8
15 26
18 30
27 16
32 19
7 10
24 30
8 28
2 2
30 10
28 31
20 7
28 15
17 26
14 15
27 19
23 9
12 8
6 6
24 5
24 30
14 16
27 22
11 29
23 8
6 18
6 25
25 1
7 9
27 21
24 21
7 14
29 19
21 3
24 12
7 16
10 21
31 4
10 9
32 32
16 5
18 21
30 10
21 4
18 15
24 9
3 31
22 32
17 11
2 8
22 8
23 31
28 21
3 5
29 2
5 12
7 22
32 4
31 21
7 16
3 31
25 6
29 14
5 13
24 6
20 14
13 11
12 9
31 14
13 28
16 17
7 22
6 7
25 4
27 31
20 29
29 12
2 25
25 6
5 17
11 25
30 24
3 9
32 1
23 12
28 6
29 3
27 2
9 19
6 3
17 25
31 14
4 1
6 28
6 11
12 17
3 9
8 5
18 7
5 8
18 1
13 14
3 7
16 11
25 21
13 9
13 11
22 16
11 28
11 17
6 23
1 8
31 8
12 16
14 16
23 31
16 3
13 18
9 28
28 1
16 8
10 28
19 31
11 29
26 21
13 31
11 13
6 10
20 17
25 1
1 16
32 16
18 12
2 27
7 29
27 22
5 4
17 23
3 27