512
992
471 965
202 124
774 410
715 850
53 402
134 556
656 842
552 294
175 662
293 864
153 55
834 672
629 239
727 533
855 288
258 269
197 459
392 970
868 50
827 856
388 897
420 979
746 907
280 856
576 508
663 665
563 504
344 135
679 78
604 477
302 861
681 434
327 16
411 138
65 181
2 388
85 357
375 766
271 590
566 783
106 236
455 668
676 798
738 298
811 349
710 56
217 398
489 479
413 899
553 413
24 490
801 108
846 119
810 60
708 383
842 813
554 304
424 173
45 170
406 856
454 123
911 607
456 408
93 868
250 581
225 273
78 33
317 859
151 70
919 858
388 768
615 877
16 46
986 60
151 399
851 605
458 770
219 913
121 247
725 306
828 949
515 905
917 831
772 75
836 634
868 231
345 426
115 360
472 108
356 558
443 214
170 900
919 324
820 47
571 488
353 406
444 867
254 368
641 961
378 484
602 190
650 947
615 764
250 30
808 605
588 258
755 757
101 681
89 856
664 595
352 24
8 795
826 197
107 410
166 484
829 767
673 486
657 232
257 907
261 8
519 848
265 281
549 365
898 573
229 569
175 516
528 118
318 361
314 424
706 415
844 542
190 460
35 846
691 227
760 952
235 223
807 435
439 299
736 344
871 900
848 981
423 383
106 676
679 356
44 392
770 887
869 895
354 903
749 981
74 452
940 308
610 690
678 985
989 421
336 803
264 128
792 622
510 897
306 133
260 349
460 966
179 337
868 468
247 560
456 320
948 403
563 565
37 185
557 961
541 829
771 805
956 570
434 409
475 675
477 670
959 937
643 145
281 455
549 463
22 12
719 969
351 289
542 387
473 42
355 22
806 69
762 705
639 139
122 57
814 534
726 780
478 313
861 758
767 417
229 724
364 947
701 714
179 186
44 588
163 334
545 969
403 314
681 49
452 738
41 209
280 702
989 757
22 793
459 724
153 623
392 516
513 100
174 627
221 153
222 383
487 766
359 825
23 48
809 411
721 849
619 8
558 551
701 516
351 103
183 503
725 574
27 181
609 136
807 829
288 965
220 710
674 514
542 697
497 294
115 226
150 669
233 644
228 869
103 578
971 221
89 639
731 51
819 347
186 570
120 473
542 275
191 223
788 668
855 293
962 905
518 55
582 686
698 809
499 736
330 477
957 418
124 695
404 878
977 589
391 104
70 932
378 196
99 110
863 889
338 832
802 791
887 327
484 528
143 982
272 408
403 172
826 462
866 237
283 786
762 674
890 831
549 211
962 647
256 832
480 593
608 289
391 438
551 875
965 693
800 180
108 146
287 869
607 160
50 890
882 811
571 779
585 127
925 554
710 189
329 197
781 872
421 116
317 971
926 226
607 733
341 650
879 628
463 429
723 512
262 612
266 832
334 850
895 267
347 548
391 611
680 115
491 44
230 743
22 163
968 564
832 317
157 654
880 619
90 610
74 352
230 339
127 563
132 957
765 414
512 99
33 135
214 459
178 443
209 135
606 121
698 381
437 791
42 260
417 131
869 491
418 42
765 545
541 833
445 313
254 957
412 222
35 561
680 213
11 889
347 552
17 981
932 389
779 973
648 139
48 460
565 465
502 338
945 50
114 398
298 367
298 709
589 332
277 276
480 224
108 763
711 60
751 651
384 473
567 967
547 614
435 120
23 936
393 967
985 506
372 226
808 605
935 404
937 155
616 424
314 659
194 33
719 880
683 46
296 257
21 843
807 455
898 829
334 234
803 262
739 119
487 490
659 365
894 603
456 453
963 769
119 100
737 773
916 363
755 155
556 775
933 370
173 838
206 442
79 944
703 753
6 133
187 665
434 88
211 889
476 117
601 530
217 346
247 76
708 9
230 271
719 171
576 891
944 781
276 959
669 914
655 610
54 841
282 423
864 429
319 347
545 920
813 697
209 67
708 852
11 938
131 729
52 706
563 3
431 774
961 43
695 624
652 684
408 870
115 280
306 433
626 786
296 382
427 440
384 142
300 394
23 366
66 74
79 564
13 445
345 909
487 47
476 147
667 884
24 781
171 265
157 732
986 389
122 420
828 505
498 71
899 520
436 900
530 515
472 542
895 752
458 390
799 934
472 409
825 431
197 3
695 289
670 624
677 791
980 449
304 485
455 146
940 891
53 477
349 460
954 251
220 420
640 954
297 55
370 65
485 502
3 123
790 672
747 411
471 670
795 710
162 257
855 45
155 843
458 439
247 419
690 402
774 273
363 78
328 668
142 812
113 144
935 838
816 625
256 230
302 986
939 399
187 737
443 341
523 900
716 769
263 413
178 44
621 476
122 884
87 199
704 199
343 582
45 102
150 236
267 387
230 213
785 416
885 171
692 415
15 415
128 277
763 241
320 328
653 377
219 739
576 858
938 854
383 918
891 532
161 165
918 390
313 646
741 205
753 377
555 767
791 682
979 498
859 242
825 519
619 979
201 138
845 146
991 235
7 825
703 168
989 564
493 245
154 242
449 906
618 11
680 352
629 666
785 495
907 553
949 469
540 157
606 328
239 540
498 245
308 144
412 304
708 905
548 797
90 932
710 643
879 333
930 515
6 723
945 848
219 837
261 694
1 802
29 239
350 527
420 657
606 831
897 257
679 388
61 704
264 770
354 150
110 228
600 51
950 488
835 112
332 103
806 332
904 834
507 197
304 926
790 910
700 694
174 387
25 171
34 288
940 388
373 986
615 972
44 508
403 814
555 734
916 368
10 828
210 452
960 449
321 757
302 28
394 412
350 419
582 384
642 465
707 951
458 265
866 438
708 277
259 270
18 119
638 955
882 783
414 849
239 734
550 477
698 943
888 983
305 477
374 947
877 24
905 343
224 714
716 931
990 910
145 944
964 782
906 853
508 264
646 682
933 203
166 638
153 61
629 394
473 938
348 358
962 196
636 129
909 295
68 843
148 212
794 120
929 707
908 444
906 561
133 847
699 235
492 788
295 64
189 704
10 472
5 907
603 640
43 455
870 46
305 25
193 42
144 129
685 60
508 598
556 577
452 199
811 880
986 49
943 118
688 888
589 692
738 135
275 717
589 152
762 830
177 891
871 256
27 563
251 471
105 807
55 492
941 801
379 934
849 266
987 545
97 519
180 835
653 455
495 185
542 200
22 718
98 829
910 61
335 168
531 439
910 521
931 858
329 253
735 121
518 729
601 615
255 781
393 843
179 823
36 720
30 985
382 128
821 299
124 100
402 590
538 256
118 412
121 382
665 792
438 126
464 975
676 719
763 12
569 877
834 540
604 864
533 985
927 297
227 986
396 565
583 870
820 636
289 876
953 889
675 398
23 147
316 634
801 86
646 313
898 423
789 510
230 329
438 164
625 665
157 957
173 675
834 992
318 130
875 278
27 494
612 977
576 927
554 320
949 207
568 854
566 364
307 795
628 745
959 197
353 59
161 525
670 2
460 987
131 278
209 93
771 756
13 290
690 567
545 582
709 121
380 282
420 686
85 56
374 979
252 726
973 412
194 650
413 653
581 479
931 789
508 645
552 520
871 185
30 423
703 675
479 90
956 899
775 976
954 93
898 213
754 815
560 948
472 908
544 988
394 418
784 837
7 279
365 877
464 330
243 174
12 722
199 904
564 909
823 525
9 665
673 763
487 176
718 894
91 205
890 420
623 681
265 629
896 565
449 303
894 691
476 842
356 610
689 919
526 519
387 535
191 3
305 613
178 958
515 204
106 412
624 728
36 888
300 867
460 748
177 297
383 588
146 674
205 770
537 731
297 859
273 423
862 513
44 975
414 494
123 519
841 746
191 876
577 490
751 972
182 927
276 564
459 358
245 663
135 717
401 367
584 609
726 453
65 705
371 478
206 493
933 54
182 131
865 758
620 623
737 801
494 949
308 952
314 489
558 384
213 959
687 796
511 420
192 576
132 499
989 337
927 929
390 117
3 262
810 559
821 555
303 258
447 611
153 696
43 710
87 191
612 709
987 131
136 122
642 267
620 638
539 555
511 864
607 513
70 424
15 826
914 318
91 368
864 243
7 906
888 30
104 508
738 34
574 874
156 223
84 711
860 623
209 314
430 815
763 499
183 777
332 104
102 358
408 965
536 414
814 432
443 854
875 189
887 456
6 978
678 89
633 481
647 841
795 85
600 565
583 782
349 851
885 387
216 236
295 752
650 117
127 100
970 9
224 800
464 229
722 149
254 362
629 900
146 431
984 745
931 511
470 224
305 299
610 520
534 904
215 191
956 341
227 869
349 450
613 812
679 342
960 932
703 533
775 848
899 703
537 838
157 14
69 461
312 678
980 846
525 139
44 425
479 206
301 828
656 913
583 278
198 487
153 900
27 927
692 925
573 236
770 729
249 774
197 561
459 121
414 920
259 393
352 673
599 588
444 198
445 35
475 642
521 627
486 547
497 185
415 14
420 129
742 604
902 875
172 369
3 521
232 197
850 519
869 456
114 257
653 494
291 71
144 747
633 565
237 73
749 651
86 112
779 828
715 689
710 823
1 648
287 232
844 144
686 656
535 799
912 195
301 146
201 380
892 833
880 136
906 636
723 991
683 509
826 341
141 479
107 141
134 394
308 977
537 1
577 16
736 432
210 972
578 411
295 413
187 182
549 100
753 279
99 443