512
704
343 389
682 476
646 154
491 306
405 18
294 332
144 618
584 422
623 502
517 512
473 183
418 64
117 527
119 629
87 416
162 493
165 139
264 106
292 114
411 56
196 65
388 403
682 331
120 664
128 700
535 665
179 248
24 359
135 142
348 285
622 509
137 146
647 464
251 298
577 21
354 132
85 101
535 126
431 14
150 623
10 684
583 188
292 606
610 490
107 253
134 88
57 270
233 63
29 483
425 669
568 138
97 652
238 695
138 28
4 287
650 13
330 528
264 685
493 170
534 600
486 667
687 607
296 216
669 324
58 453
353 625
590 449
637 187
439 134
215 442
484 160
519 173
48 78
218 540
311 47
499 93
74 482
699 369
57 23
53 178
476 405
163 361
213 95
548 651
292 122
452 71
345 330
243 392
408 460
292 78
571 86
170 644
631 228
308 687
251 424
161 22
124 323
446 336
481 353
346 68
474 158
202 115
487 444
570 254
264 157
332 130
307 501
133 233
25 504
280 339
224 440
360 347
122 165
43 666
518 388
93 287
545 294
465 392
33 331
645 360
487 272
489 89
133 621
386 221
421 665
559 4
464 278
350 585
442 392
610 319
140 702
606 44
291 366
435 387
696 376
43 543
647 595
695 139
576 376
359 356
400 277
359 159
554 68
103 356
524 8
674 663
69 639
2 359
301 501
106 356
172 148
258 178
102 313
317 677
688 35
392 448
312 110
606 161
178 69
516 701
140 550
19 209
484 84
567 144
584 672
564 51
179 117
293 345
429 673
381 477
3 69
220 314
178 185
475 419
317 350
479 457
195 497
665 39
645 591
182 524
623 41
639 97
158 227
441 650
195 118
486 261
250 65
575 491
250 409
206 630
54 684
382 313
541 342
351 481
229 596
364 147
637 298
307 154
588 108
163 142
289 649
403 538
9 273
324 322
41 593
248 158
573 629
470 473
331 180
313 623
136 676
129 68
334 499
285 281
606 447
423 190
391 185
87 400
521 475
81 561
363 328
14 295
317 548
63 7
87 375
629 222
347 117
353 40
615 637
320 581
380 102
130 130
286 217
593 166
691 674
22 413
297 100
4 677
7 66
683 157
441 671
443 147
83 91
186 58
88 505
638 531
607 63
660 252
343 549
418 393
518 503
102 174
602 105
211 672
234 189
125 674
156 567
180 302
17 365
423 104
166 356
634 132
483 654
383 185
562 96
578 439
599 39
612 560
143 118
528 440
371 12
410 590
578 589
251 658
314 674
58 479
389 51
674 167
64 352
416 625
512 289
359 470
391 267
325 533
448 212
268 178
287 37
63 160
690 314
178 299
283 235
137 671
349 106
198 413
521 613
333 392
261 52
157 651
382 546
543 125
117 170
303 404
271 429
627 256
102 100
618 384
398 50
415 43
219 676
519 99
648 211
491 268
262 7
214 643
552 116
128 669
349 494
432 619
218 354
234 320
454 147
63 147
260 541
253 542
512 131
641 519
342 491
82 603
497 359
542 409
474 29
373 183
522 164
97 35
517 331
418 330
541 481
541 161
381 89
702 189
220 702
67 625
488 149
523 281
507 424
689 341
452 421
523 269
584 683
368 460
373 81
86 210
625 626
434 302
74 431
554 293
429 620
213 212
128 96
556 699
583 604
335 331
384 217
663 327
259 326
83 632
471 168
201 391
89 634
692 226
424 605
519 148
521 91
424 648
250 339
642 129
239 336
459 686
616 417
309 171
103 391
162 573
622 426
259 70
355 311
295 138
275 173
286 91
328 69
99 577
407 100
65 5
500 587
51 475
364 359
5 466
109 166
334 90
591 656
159 305
326 517
507 601
50 88
51 377
220 213
313 690
313 378
55 172
260 105
646 623
527 651
448 635
176 77
84 127
93 306
495 482
118 297
378 231
448 493
607 667
1 216
13 377
657 67
612 276
235 554
195 57
564 642
51 35
79 198
161 235
503 656
12 684
312 454
211 56
242 113
18 306
392 94
43 408
224 654
684 458
567 238
578 426
175 692
525 317
185 45
551 687
60 563
27 372
312 237
427 617
413 508
282 165
602 324
572 121
338 615
579 200
148 516
690 323
504 510
703 48
554 550
31 614
472 121
281 143
357 3
55 129
574 400
293 471
84 225
592 421
199 530
684 347
341 669
29 204
538 27
252 388
576 346
361 407
466 1
549 182
67 667
310 640
363 667
407 510
251 358
226 449
183 269
91 587
298 183
151 131
210 466
582 145
107 238
552 636
238 396
177 304
359 550
240 81
512 6
590 122
363 175
635 609
443 21
555 36
268 1
231 477
466 108
685 636
346 596
631 647
288 103
247 6
653 550
150 524
619 99
646 277
273 576
245 75
660 95
175 223
160 405
59 689
512 104
685 217
699 611
160 346
10 470
415 22
379 564
545 293
662 486
633 294
421 173
433 441
331 607
663 490
371 82
539 242
185 519
459 243
489 682
589 498
447 299
583 185
223 424
477 244
269 469
602 690
641 330
426 267
232 448
117 602
593 655
139 137
533 661
380 317
638 328
175 444
690 53
692 272
476 464
516 41
228 477
90 228
102 579
559 397
386 675
294 275
689 496
475 581
517 214
193 514
541 367
254 527
484 241
158 255
65 33
359 356
509 512
648 610
386 502
302 132
536 659
406 584
515 240
460 327
454 652
136 290
379 453
176 158
54 334
476 118
366 131
537 235
2 480
140 388
341 506
519 172
460 284
115 334
587 574
660 336
586 92
626 324
608 161
545 661
558 316
138 284
510 675
518 512
514 17
259 215
522 137
450 342
484 565
675 366
434 695
702 379
146 687
702 49
143 542
70 61
218 207
344 87
241 157
598 51
237 216
265 55
416 74
460 195
638 494
625 432
548 622
106 693
668 168
102 170
69 171
230 286
377 573
373 682
89 330
28 326
546 356
444 321
429 263
516 427
116 436
154 664
417 259
12 380
490 113
549 559
347 139
140 84
7 576
61 160
202 152
549 107
571 288
427 359
614 302
81 25
97 298
688 513
621 700
252 406
172 161
260 583
299 464
666 369
335 86
592 600
237 436
66 167
83 557
525 696
154 670
17 315
263 64
123 179
123 439
649 295
599 268
237 257
27 198
625 426
347 513
385 647
308 451
109 391
367 697
446 584
662 462
194 285
590 381
527 8
115 471
366 73
35 602
329 125
159 313
550 505
185 231
447 493
41 619
243 471
612 688
350 633
510 544
213 395
284 100
466 462
570 192
534 668
89 222
89 312
598 702
176 143
292 623
635 396
537 237
162 508
220 512
437 25
415 9
483 58
108 309
519 38
500 412
1 652
697 153
259 590
151 435
92 506
417 22
198 313
322 423
181 542
294 617
630 4
625 409
61 93
77 643
130 576
350 130
523 342
283 142
292 497
640 383
362 416
469 559
88 86
342 268
691 635
244 617
639 229
385 59
321 461
62 450
396 411
579 278
113 221
419 468
77 418
146 439
193 678
357 281
124 698
612 110
629 152
86 627
380 470
45 700
290 106
445 685
581 383
259 693
668 37
456 40
519 665
542 7
703 259
351 122
252 259
231 240
410 381
226 85
210 335
144 500
440 652
544 380
330 162
368 357
263 183
397 77
144 298
147 142
556 498
327 168
116 621
471 525
297 57
673 507
391 176
302 190
123 205
570 516
367 233
169 629
480 629
65 687
222 211
124 138
68 514
369 183
430 135
67 23
191 99
529 645
274 190
131 460
458 700
272 120
292 440
108 131
364 172
113 649
447 300
82 578
109 514
121 539
649 251
561 199
350 449
140 687
702 334
507 455
393 74
639 684
577 42
111 300
278 223
244 20
587 390
597 695
199 77
529 207
328 449
470 677
257 673
19 254
302 525
69 694
662 3
33 534
44 143
129 321
430 437
404 312
122 361
366 384
437 191
655 60
703 420
96 256
388 179
573 689
63 641
678 21
3 6
618 111
213 43
495 2
543 195
377 24
619 38
407 415
292 421
475 291
136 634
610 523
108 478
571 171
479 608
255 481
678 168
655 250
274 446
251 112
704 627
199 618
24 670
328 316
386 162
670 522
92 575
404 263
348 271
497 186
238 47
27 211
279 681
460 552
422 70
24 421
56 222
398 80
187 86
459 573
247 424
454 402
294 153
25 1
487 521
187 21
632 213
231 206
189 51
53 675
120 140
455 176
362 149
319 548
234 73
480 544
496 229
306 85
446 330
85 228
210 271
248 137
547 543
406 96
657 523
66 72
662 520
311 319
28 629
227 325
701 2
229 492
231 534
576 676
159 21
263 368
355 575
569 198
477 270
293 429
88 358
500 46
237 171
364 329
95 654
653 92
656 177
647 246
70 583
281 228
603 543
660 253
477 524
450 249
89 102
677 177
459 537
222 56
3 649
384 161
599 396
316 614
637 259
155 2
137 435
294 35
337 249
351 174
68 161
422 220
262 459
396 17
291 681
136 357
690 583
517 584
274 193
493 270
451 7
272 651
505 629
45 201
173 395
374 304
555 92
523 113
550 279
193 200
319 328
556 304
270 432
247 543
624 35
109 434
105 444
380 609
432 424
106 604
179 479
267 29
570 149
205 479
491 397
678 106
84 529
409 353
321 16
256 304
50 428
34 155
231 477
123 662
197 228
625 375
3 187