512
928
215 741
330 220
902 858
395 498
885 146
774 172
720 490
200 166
431 182
549 704
249 311
578 896
821 847
151 757
23 672
2 461
709 331
680 682
260 370
251 440
740 321
612 755
810 107
920 536
288 764
535 761
147 184
728 263
327 878
316 573
846 317
329 850
647 304
603 202
673 149
642 708
469 549
535 574
655 750
406 239
586 12
71 732
420 798
290 42
43 605
838 184
921 238
105 863
541 707
361 509
152 298
289 620
846 119
490 796
868 895
106 525
202 176
552 845
269 842
182 312
742 91
495 31
552 600
893 164
602 549
897 753
846 257
669 59
375 454
855 314
644 32
135 141
432 686
282 700
823 463
307 637
778 802
667 401
697 855
789 594
476 757
643 393
309 383
452 683
132 602
292 775
857 650
915 360
408 268
356 526
27 662
234 804
759 196
276 527
123 360
193 598
188 835
286 496
513 33
474 644
634 62
714 563
711 700
218 414
264 573
12 290
531 245
389 361
441 888
184 787
320 376
456 507
506 37
299 314
70 772
253 703
833 38
561 840
737 779
325 296
423 336
585 25
805 45
610 541
5 793
399 548
464 150
126 41
186 424
578 479
492 830
254 620
867 814
531 899
664 856
267 383
263 147
631 363
416 312
903 644
400 597
263 863
746 612
199 228
332 776
706 823
901 255
514 839
141 341
106 100
268 372
706 754
742 633
189 229
16 387
168 640
56 654
574 801
338 69
100 669
140 102
787 113
356 596
23 720
8 128
116 275
723 821
325 761
525 737
285 765
195 453
476 250
178 345
123 739
637 446
703 777
547 561
889 199
453 207
918 460
559 105
31 353
926 355
185 746
163 470
806 581
218 577
831 619
922 249
430 854
694 204
702 537
61 662
735 513
869 20
268 499
125 298
147 346
876 556
387 334
321 265
915 538
841 817
228 130
361 881
56 350
157 757
886 441
715 916
249 879
232 516
673 356
110 115
925 281
670 383
615 62
647 825
823 560
9 347
913 369
299 40
718 679
93 900
191 103
183 439
53 414
27 21
65 360
135 61
640 101
444 550
386 386
446 281
241 678
627 226
118 221
265 132
900 581
327 162
683 733
601 31
443 851
51 507
282 410
792 921
510 531
543 895
916 284
471 229
34 393
454 375
614 14
506 585
819 128
42 573
861 642
604 375
788 878
177 141
583 40
134 164
570 900
355 782
255 121
306 288
514 55
663 423
68 464
79 886
592 344
755 748
58 654
194 845
827 594
282 482
634 415
869 499
610 295
576 864
640 881
448 225
7 406
871 75
869 21
256 756
364 306
799 645
31 64
786 858
882 139
411 587
777 351
381 458
870 29
617 581
909 360
101 212
765 43
510 2
287 765
53 874
143 852
815 397
211 672
550 164
106 32
46 882
607 427
635 772
679 547
648 883
907 44
166 39
86 675
40 596
736 93
765 174
240 651
570 450
618 192
614 723
447 659
900 349
381 830
192 355
449 135
310 651
178 475
689 487
222 25
154 253
117 215
426 580
865 67
101 555
482 10
573 1
893 769
573 345
670 765
700 414
195 305
136 373
779 825
859 296
849 309
548 261
523 45
840 683
336 236
533 817
246 178
113 210
242 686
778 911
746 549
397 12
853 532
608 928
652 763
519 796
143 139
352 889
407 487
867 742
723 472
855 40
873 39
249 186
724 322
392 765
871 788
777 91
616 456
314 563
290 833
431 656
43 78
840 449
565 779
487 359
546 413
622 714
451 166
899 471
487 586
531 653
446 379
40 357
131 353
919 644
481 645
596 747
19 731
492 583
805 50
237 422
462 154
207 208
319 401
902 101
283 505
50 728
179 89
380 533
665 594
249 218
535 140
36 553
870 527
431 747
800 667
464 333
116 895
765 658
591 34
758 873
538 103
896 13
191 347
545 856
237 89
369 771
452 628
619 394
227 121
436 98
83 899
655 422
865 715
151 528
748 204
696 582
307 664
594 497
82 434
648 542
747 312
608 270
12 298
887 462
642 394
559 20
589 509
441 749
295 591
572 115
91 340
696 397
75 585
189 380
314 133
922 132
444 601
626 679
899 584
212 836
274 771
856 862
575 592
682 870
255 326
280 569
665 271
37 739
855 449
414 464
581 407
820 321
80 517
295 274
396 507
181 669
573 332
826 219
924 580
160 474
201 663
114 161
5 374
195 155
822 608
619 699
87 734
315 390
322 609
663 13
187 139
906 55
695 803
274 914
678 657
459 878
392 796
110 396
465 304
551 582
912 465
352 294
270 890
683 815
795 641
827 53
75 804
332 769
903 605
754 652
557 508
602 244
599 7
640 135
311 486
717 518
246 364
107 739
326 789
625 192
725 747
468 799
847 799
864 821
699 913
544 552
717 441
795 387
448 730
522 54
511 534
795 756
897 901
566 294
57 486
709 781
529 473
875 447
343 810
563 338
91 402
889 807
843 51
489 586
781 82
639 363
839 729
415 808
701 276
397 53
58 178
833 586
650 779
104 288
885 666
849 47
139 105
149 277
156 637
862 232
15 796
818 853
820 528
732 592
804 201
644 157
602 772
742 547
847 141
130 803
806 51
145 240
379 517
741 758
225 898
61 239
766 879
388 657
702 191
545 801
615 484
29 512
552 770
130 470
910 484
568 83
534 8
547 208
524 359
38 748
328 98
283 389
272 670
342 46
156 886
846 771
665 171
578 288
12 708
53 218
263 620
300 92
851 142
523 446
500 560
490 828
658 68
512 225
33 853
494 188
106 636
254 771
806 832
354 113
835 631
330 393
546 854
708 469
67 302
914 791
862 699
914 815
766 497
111 798
646 829
282 751
536 759
817 413
662 243
749 792
873 151
480 714
300 259
254 590
785 464
676 718
234 661
828 296
454 234
389 171
134 670
921 669
501 106
377 458
348 198
322 516
572 97
301 167
356 779
52 212
314 728
225 547
684 124
138 209
357 527
603 715
268 820
455 64
925 128
522 568
549 139
379 192
235 903
582 814
753 633
321 362
432 545
205 188
892 342
620 545
868 519
331 432
410 81
495 630
432 312
269 52
674 871
467 205
845 120
90 894
753 635
327 480
251 531
891 439
169 583
55 332
397 609
763 806
689 554
731 193
161 295
468 835
237 7
335 377
350 648
342 174
354 893
878 829
719 840
339 887
718 617
291 186
297 349
287 281
902 89
697 135
383 237
265 843
467 823
292 816
542 857
286 896
821 235
92 836
370 654
794 384
342 380
569 862
729 152
438 926
464 431
356 847
667 844
761 429
738 348
316 352
277 601
543 393
131 858
300 725
583 390
180 220
769 44
377 793
195 814
791 659
540 442
801 278
358 857
2 391
501 318
38 777
214 580
241 345
509 765
365 387
226 544
606 66
587 54
859 78
164 17
32 703
682 128
277 111
280 278
726 780
819 763
852 105
415 389
673 219
225 109
830 450
876 507
515 758
785 669
835 244
909 162
18 663
513 518
69 793
92 794
868 910
629 792
310 339
252 54
781 476
386 682
925 333
485 735
163 341
700 293
584 680
679 825
638 263
639 3
351 730
796 291
711 720
154 317
354 405
594 431
176 52
184 396
608 892
202 66
304 197
583 183
877 333
80 810
819 718
812 242
743 904
756 749
919 909
137 569
609 731
71 80
782 478
475 685
442 900
751 745
169 405
224 341
33 527
222 851
316 330
388 354
529 215
174 519
419 311
159 323
113 453
402 190
3 172
170 444
144 920
484 312
620 3
652 652
529 169
799 140
498 482
493 322
921 667
841 635
49 295
30 385
748 655
798 46
123 39
713 266
255 268
801 874
271 748
822 799
916 692
235 710
245 727
103 461
465 239
168 737
758 197
417 801
147 286
846 269
549 630
758 803
193 630
748 463
449 641
558 661
628 792
442 169
814 768
629 351
303 796
383 132
288 800
4 659
381 849
223 1
550 53
99 742
906 143
501 427
79 354
383 707
441 120
171 326
887 95
900 485
891 355
616 474
450 619
204 830
763 427
127 608
703 225
646 680
591 442
402 670
795 784
672 307
199 842
856 382
8 828
866 194
478 554
668 927
468 167
828 303
817 250
206 591
699 851
567 361
364 40
102 454
120 773
56 318
910 912
699 214
107 637
407 584
486 370
582 25
761 705
551 649
27 757
536 725
679 174
157 339
213 483
792 556
551 848
874 533
127 644
746 233
576 448
816 133
114 469
382 874
245 4
818 271
760 425
291 735
822 672
369 331
226 232
886 776
375 831
604 501
771 645
733 418
389 620
551 502
160 4
447 629
231 336
195 287
57 486
317 878
229 685
280 454
916 238
525 587
140 425
159 206
141 892
624 529
807 470
326 263
697 772
891 927
404 157
509 460
642 825
409 166
581 689
619 793
926 440
451 361
864 833
567 300
92 486
125 899
27 450
233 723
518 195
17 921
575 750
452 513
646 156
678 523
844 369
387 137
104 133
722 263
37 360
562 353
845 910
323 167
432 779
185 245
269 425
237 843
246 912
427 892
139 177
486 279
769 168
639 872
300 432
430 560
87 63
912 3
45 530
393 700
380 577
240 648
74 476
787 319
683 285
282 117
685 63
619 525
230 330
692 529
761 193
385 144
480 592
146 748
194 539
743 797
411 54
517 484
753 375
803 507