512
256
23 69
106 92
198 218
107 178
213 82
38 140
16 170
8 102
175 182
133 256
25 119
98 192
53 15
247 245
151 32
226 173
101 75
8 42
36 114
219 248
196 1
132 211
170 139
56 88
64 188
87 89
51 184
24 103
199 14
92 93
46 61
9 146
135 16
187 170
129 149
162 68
149 37
23 62
175 78
150 239
10 236
71 60
164 94
162 106
107 253
198 152
57 206
41 191
221 227
105 93
120 10
161 12
46 183
74 220
4 223
202 13
202 16
72 109
109 234
214 216
230 155
111 31
104 152
221 68
122 69
161 241
78 65
253 123
247 70
87 250
36 32
7 237
48 78
90 156
55 47
115 29
202 226
59 49
121 23
117 242
92 21
227 169
85 223
36 75
36 122
68 71
153 74
51 200
152 140
100 206
187 214
234 132
183 36
180 47
59 40
33 150
60 3
62 144
225 97
218 4
218 30
74 115
103 124
58 254
8 157
204 194
115 181
69 41
217 248
88 19
32 120
168 91
122 229
235 90
70 196
93 31
225 166
145 72
33 203
69 40
103 16
233 217
197 45
2 157
37 89
175 68
208 86
158 73
58 136
162 127
76 254
158 44
163 46
115 195
248 184
235 95
199 211
55 139
256 56
39 36
144 213
103 95
42 4
167 100
140 72
226 215
69 127
2 231
173 117
170 164
44 148
2 242
102 57
125 101
112 163
136 256
120 238
94 161
242 5
4 125
76 230
83 145
100 84
119 16
200 32
180 243
179 181
229 25
237 97
125 93
3 5
92 122
242 185
27 227
189 30
95 9
3 177
153 103
5 15
118 204
47 41
191 225
222 163
249 202
3 118
38 5
122 129
127 107
58 153
78 246
182 172
254 185
93 150
31 97
165 148
44 211
189 234
179 154
140 172
99 142
33 137
147 154
9 17
4 66
169 81
56 94
253 53
22 89
203 52
185 111
200 228
65 132
206 243
29 89
158 127
231 190
7 121
87 16
137 91
81 49
171 136
142 167
189 164
255 135
215 183
245 158
155 53
33 104
39 61
192 197
188 166
130 194
30 217
209 166
51 34
214 221
169 100
132 101
7 130
235 221
57 223
123 211
19 155
58 58
216 249
254 147
159 127
84 188
87 37
98 137
70 55
102 238
154 233
83 160
106 61
125 162
28 247
116 46
145 173
103 104
166 100
250 68
227 78
255 57
114 96
194 183
151 39
164 48
15 246
208 120
51 76
26 78
66 141
123 210
58 226
58 223
69 51
34 39
128 32
96 241
128 33
167 22
71 75
69 85
64 20
204 114
95 229
191 160
114 58
114 171
27 171
137 95
221 170
134 93
201 229
77 72
5 244
93 75
62 162
159 125
181 106
239 20
79 173
179 192
230 36
106 256
206 242
95 171
155 228
7 99
200 83
171 204
70 7
22 131
168 180
256 93
29 238
112 107
154 34
42 128
70 147
127 19
132 221
189 30
192 195
129 135
22 43
82 91
49 103
222 217
26 221
53 55
202 164
161 99
197 203
226 10
93 97
29 225
61 217
254 253
156 126
131 177
168 213
11 217
59 232
177 85
196 229
139 141
136 43
240 76
245 209
86 82
49 114
50 110
74 47
106 229
173 236
149 84
192 160
44 251
135 220
79 75
192 217
215 71
3 198
147 248
151 232
73 199
89 122
52 162
168 157
135 84
137 27
168 72
186 211
66 65
175 144
139 110
104 97
181 107
39 71
98 189
46 170
131 134
35 183
39 202
83 173
30 219
200 197
35 129
151 100
193 69
244 75
179 91
172 103
197 210
173 38
142 218
207 16
95 241
198 133
187 25
50 216
243 249
156 21
121 50
121 58
119 108
132 41
198 47
143 139
256 59
176 141
20 127
157 114
111 98
246 41
122 39
256 109
31 155
129 152
205 249
209 67
100 84
107 42
131 249
180 130
51 99
15 70
225 171
183 80
12 172
120 134
211 120
242 241
18 114
136 222
107 88
32 206
172 138
247 46
130 170
175 180
13 189
249 237
103 175
60 115
91 180
248 45
43 233
29 60
90 165
26 196
252 57
146 167
195 136
212 68
50 131
248 62
63 240
42 166
159 102
24 249
25 15
37 67
247 65
126 80
229 151
20 225
208 165
135 146
44 91
213 93
221 204
154 27
188 196
192 90
41 215
82 65
229 118
131 219
182 256
43 155
151 62
123 102
226 1
247 13
91 203
106 55
151 3
82 82
198 17
171 238
232 252
46 204
113 176
167 38
176 209
192 70
14 58
171 239
59 161
251 149
107 100
204 1
103 29
82 44
45 252
26 20
247 71
224 103
247 134
141 166
86 76
235 99
134 149
81 192
53 75
84 159
175 31
160 21
59 241
64 104
237 89
123 227
160 90
74 150
223 214
59 52
33 37
150 166
185 230
101 237
49 185
139 223
215 42
243 18
27 50
121 7
139 243
233 42
77 50
191 43
7 249
95 40
29 244
205 213
218 50
193 10
234 75
232 192
117 218
209 143
11 73
149 149
60 125
190 136
175 124
178 181
116 16
220 144
4 169
100 221
218 36
230 195
111 205
130 227
166 83
113 176
155 5
69 214
129 2
93 47
126 15
228 241
30 191
129 33
103 228
253 64
8 226
2 118
174 132
88 83
214 200
3 112
204 71
70 76
72 162
123 197
176 94
182 206
28 54
238 131
25 235
194 32
204 196
149 122
71 236
204 28
179 206
139 126
20 208
202 92
114 68
32 33
161 213
238 188
10 220
62 35
198 256
66 145
195 215
10 9
194 214
36 117
163 174
242 183
126 187
18 239
254 49
15 158
6 253
90 15
216 151
49 157
150 115
45 88
73 55
96 10
12 131
126 174
49 112
100 174
42 117
156 40
166 170
197 171
166 30
185 125
181 234
25 74
92 70
162 164
124 1
173 135
132 43
52 180
154 152
97 195
12 252
234 177
165 175
91 75
204 20
199 128
253 224
202 88
37 107
251 160
107 167
38 238
209 89
161 106
240 1
45 252
252 22
172 161
196 7
235 144
26 177
15 22
144 216
109 180
66 103
83 173
13 120
154 222
209 59
71 192
59 115
187 55
137 103
215 76
109 193
219 134
113 234
155 1
193 7
180 3
109 7
175 121
126 72
86 78
130 157
14 189
15 200
243 151
46 201
227 154
137 189
31 249
166 185
249 103
191 173
105 43
179 23
164 48
94 249
126 224
149 139
156 164
82 142
58 128
86 28
25 222
217 56
214 126
240 207
228 175
123 76
217 45
98 124
92 192
117 217
159 9
99 58
172 181
199 230
52 28
1 76
249 217
131 206
87 115
156 58
33 22
134 249
66 231
117 158
166 233
118 68
241 217
125 157
141 67
130 192
94 130
11 86
91 142
36 177
256 191
234 32
213 111
24 22
86 140
179 251
116 41
63 101
1 187
1 141
254 130
76 91
3 86
177 93
227 212
13 226
146 247
1 102
101 25
124 186
164 46
181 24
86 243
124 86
173 124
226 170
253 45
5 255
131 181
92 101
136 104
71 25
94 71
127 195
95 250
124 3
39 48
26 125
34 149
210 207
16 180
120 12
224 124
10 98
48 101
199 183
205 13
208 42
83 78
236 178
71 104
180 109
151 205
233 185
97 187
135 112
110 254
123 77
122 132
175 169
233 117
96 181
129 47
222 211
124 202
132 194
49 55
46 199
3 23
127 99
209 5
210 62
3 76
138 124
208 56
36 184
172 131
108 44
177 73
255 44
18 130
237 66
185 27
9 187
49 135
30 1
140 239
62 142
59 199
9 10
255 44
193 170
175 44
214 95
116 212
139 134
85 119
199 13
145 207
200 193
86 229
193 225
211 254
110 13
197 118
22 195
161 214
108 79
1 65
174 117
20 56
250 105
174 192
117 63
143 60
255 228
32 192
196 243
189 49
255 129
166 21
67 70
234 175
149 235
239 66
95 3
121 88
107 38
23 223
100 165
27 99
136 58
34 75
44 222
123 43
95 32
63 161
102 40
79 250
18 62
59 112
64 179
199 170
216 222
136 60
130 162
158 10
220 191
84 7
156 207
49 250
238 111
155 83
151 233
76 168
38 134
24 101
56 222
14 16
187 150
75 61
55 232
70 18
166 153
25 65
103 73
59 85
184 213
167 78
189 243
245 227
120 12
71 176
234 85
191 164
234 9
224 32
240 37
50 149
190 74
213 36
146 15
120 73
227 31
150 160
17 139
130 136
150 200
55 127
28 245
35 5
253 2
37 236
39 86
128 228
159 85
7 48
99 127
121 70
157 14
229 173
152 102
52 46
45 107
172 73
95 206
77 92
208 113
71 246
198 199
217 100
27 223
148 125
93 12
194 249
25 166
165 177
11 217
222 56
67 137
128 161
87 204
252 38
61 67
27 2
9 243
102 35
209 249
159 46
4 97
38 28
6 203
204 17
163 169
72 229
50 199
133 136
146 129
173 206
195 199
208 203
185 53
237 137
45 139
182 48
235 220
75 241
166 23
1 72
191 72
44 240
14 176
119 159
48 35
109 242
233 60
188 161
112 168
42 156
51 223
203 29
186 21
13 95
43 13
166 234
84 209
217 97
129 80
256 176
114 108
162 91
167 93
251 22
5 36
177 55
3 123