512
832
791 709
426 348
582 794
107 498
661 786
358 268
208 554
456 422
111 566
5 384
217 55
162 64
565 463
503 437
599 288
802 429
37 395
776 618
356 754
283 56
580 513
324 659
234 651
248 216
384 124
471 473
179 632
536 615
135 206
92 605
366 61
73 274
455 720
59 682
641 213
738 260
725 101
87 830
751 206
86 175
330 556
647 508
228 350
162 234
427 253
710 664
313 782
105 639
669 163
361 349
248 138
609 140
238 567
10 28
772 95
202 269
522 16
648 621
237 810
726 664
102 603
495 287
424 600
93 260
634 325
481 49
462 257
61 571
823 774
599 762
740 800
71 301
688 718
794 92
567 687
627 669
330 290
123 753
761 87
53 434
412 533
355 41
661 415
612 651
228 250
452 135
89 394
435 776
280 396
740 718
123 534
554 452
695 548
372 623
635 296
225 214
828 579
126 656
33 609
346 260
26 670
266 115
231 700
762 382
136 669
268 258
243 821
581 105
537 824
600 211
288 824
424 283
442 421
811 346
198 324
477 223
161 742
209 264
609 139
645 616
807 80
41 217
773 621
194 349
613 793
559 772
656 22
222 265
442 200
482 511
396 126
734 428
35 110
691 515
248 504
299 95
583 211
183 395
704 376
743 356
208 341
295 31
362 388
167 676
460 648
354 23
645 127
450 679
237 181
234 356
684 532
322 306
614 377
701 485
752 483
712 832
824 46
30 353
434 69
196 61
588 422
787 401
548 276
247 656
456 480
52 307
51 373
485 537
749 225
61 541
707 773
540 698
818 441
219 291
381 286
223 137
707 177
537 295
325 655
118 780
175 169
127 225
542 611
761 330
3 822
742 581
634 321
447 491
762 537
782 182
822 172
318 569
221 22
31 545
677 20
364 19
189 490
115 602
140 748
803 14
609 713
595 410
201 209
68 2
617 721
184 478
61 501
214 153
395 116
569 111
8 100
1 196
462 819
669 473
734 639
487 510
519 121
791 720
201 731
593 817
619 776
462 551
317 548
703 583
535 439
693 542
539 565
609 40
551 445
512 325
252 38
706 642
158 665
401 230
563 162
214 221
105 548
772 293
135 642
43 541
249 607
123 659
339 731
698 762
216 377
254 339
415 127
148 444
663 549
674 265
710 759
486 686
474 425
19 480
106 61
189 354
668 311
52 46
81 749
679 296
294 100
634 580
99 654
191 633
242 32
66 823
791 423
676 304
15 694
784 824
627 12
346 334
322 397
251 274
186 98
570 479
69 243
98 167
768 288
672 177
192 737
167 22
199 11
325 213
576 148
204 242
31 421
575 352
690 826
498 43
91 235
393 159
349 490
198 285
649 37
461 712
645 500
733 11
382 98
95 125
117 170
367 148
463 813
371 320
678 36
234 768
142 626
799 491
155 36
647 675
776 147
555 460
646 327
470 195
424 436
192 541
477 430
560 107
410 98
298 256
134 531
63 275
196 733
637 222
768 323
65 583
470 491
210 283
817 551
478 281
154 541
821 503
138 420
609 547
517 75
674 522
477 737
669 545
509 473
766 445
796 702
67 305
360 277
587 345
827 104
625 21
644 485
523 781
72 171
368 460
117 209
150 594
817 818
178 494
330 111
810 293
813 44
597 340
192 224
556 59
199 220
79 11
576 473
663 519
515 198
147 632
279 296
265 263
281 442
756 482
424 605
775 404
649 411
616 8
506 211
66 705
431 16
715 46
360 545
565 43
615 711
546 61
46 682
323 198
291 119
679 586
595 493
158 411
776 645
291 449
23 228
193 325
116 779
243 347
364 807
261 146
557 806
206 474
655 400
671 817
390 389
443 153
754 600
435 697
284 597
185 178
825 378
375 812
324 617
326 687
463 587
704 187
432 77
532 127
349 242
815 610
630 425
762 423
64 237
287 347
1 472
397 697
721 771
548 84
427 42
771 57
500 642
115 99
591 518
225 811
759 208
588 428
504 390
19 568
626 305
82 498
648 350
235 408
160 782
492 586
695 302
514 362
111 500
333 573
185 429
551 111
508 307
411 180
696 429
747 361
605 700
730 293
218 132
700 377
786 231
131 648
532 516
50 643
184 382
255 240
810 806
351 486
152 633
665 719
229 579
247 705
318 16
165 535
20 737
80 805
7 82
492 539
597 541
221 652
794 475
60 772
448 282
297 471
82 1
357 182
451 475
54 768
491 91
471 382
699 422
354 705
503 717
411 139
298 503
663 259
146 594
70 465
43 366
104 828
366 460
49 816
103 806
752 465
64 262
14 634
683 239
379 225
123 789
235 420
332 65
551 477
658 620
813 572
154 788
439 391
416 487
375 390
461 166
726 396
299 611
198 149
17 576
245 11
404 479
303 735
416 21
251 113
640 104
557 665
59 163
224 346
650 470
607 150
507 500
545 805
278 742
825 166
357 237
49 633
587 351
535 170
243 658
155 754
761 711
587 691
745 682
205 562
319 811
583 697
351 296
669 500
77 533
538 434
769 586
234 523
104 640
565 346
337 719
267 137
469 725
828 381
574 72
815 764
754 565
500 144
28 336
644 105
36 221
410 676
806 515
239 781
194 803
294 531
561 432
539 69
197 406
449 642
477 431
574 399
36 241
414 63
449 97
39 356
317 320
72 290
2 310
238 68
152 403
598 584
707 176
652 71
582 268
712 226
571 325
496 606
438 78
540 54
174 579
281 363
770 352
652 772
533 762
7 684
332 476
307 78
523 126
148 272
266 28
498 708
224 33
353 661
814 60
586 28
510 35
390 448
258 81
259 663
10 137
386 214
484 693
291 174
818 311
446 123
210 815
830 433
15 350
134 701
282 719
728 663
625 285
278 51
237 408
713 247
416 138
332 67
830 494
113 688
676 558
810 53
412 680
358 298
69 491
166 350
377 61
181 42
217 330
92 454
738 676
572 193
813 775
260 683
308 372
538 152
801 515
76 380
234 433
677 303
795 715
652 212
775 704
253 32
202 216
357 811
763 96
171 615
742 302
465 217
545 42
368 513
429 444
764 662
748 481
132 583
363 656
794 177
527 86
80 600
301 436
450 103
403 493
717 312
794 222
529 379
263 768
59 691
251 695
393 167
343 396
621 577
219 582
753 618
539 1
257 711
308 707
813 711
239 569
62 72
790 590
450 93
398 381
655 648
243 215
686 457
611 474
201 701
95 825
486 633
697 743
511 173
489 363
755 599
100 816
670 761
446 288
21 11
540 548
530 654
762 256
278 412
729 350
281 696
214 638
368 783
420 47
123 780
409 749
546 380
732 384
309 345
543 201
227 122
748 629
775 550
52 92
129 652
313 281
515 526
87 51
348 378
801 470
326 249
258 743
501 158
166 809
374 708
177 601
829 797
269 643
514 320
734 642
139 214
91 526
612 49
448 127
298 288
469 623
408 726
406 76
755 571
756 297
447 805
769 315
769 205
830 450
396 731
259 406
817 221
99 468
141 418
594 439
577 102
101 153
700 506
100 622
245 24
790 563
828 726
749 764
802 746
381 365
517 511
771 501
604 741
136 744
199 601
222 775
575 195
799 442
700 67
231 816
90 61
418 85
658 207
720 628
120 140
32 508
650 674
176 293
455 183
205 653
784 298
467 526
492 434
7 232
372 109
87 461
169 377
417 827
583 176
622 574
315 525
250 4
367 425
297 821
480 373
513 303
670 147
828 202
452 706
305 823
814 391
323 151
767 611
145 389
786 638
131 140
202 380
144 568
676 440
428 195
812 108
497 521
127 364
722 450
237 66
313 219
457 507
369 263
286 385
652 111
62 654
123 263
73 266
703 748
577 298
111 428
278 607
116 404
11 710
21 247
775 205
465 271
712 705
406 165
129 97
147 190
750 269
325 822
406 195
609 150
492 719
577 769
366 565
212 376
442 105
494 256
309 127
399 188
703 804
224 832
68 243
61 817
383 385
806 789
451 582
810 815
341 555
623 578
159 3
825 472
811 486
727 159
484 165
347 355
136 442
226 203
684 286
59 235
543 736
63 161
358 40
15 570
466 638
315 624
512 307
135 490
664 734
648 316
66 34
542 202
476 767
276 199
220 335
305 634
110 367
667 467
279 681
204 744
486 390
408 165
568 542
526 400
443 214
587 509
247 296
582 594
230 25
665 321
231 137
123 341
376 789
807 654
637 51
565 163
440 12
199 176
554 725
447 164
106 201
544 224
496 293
690 725
190 522
213 420
530 335
760 73
163 607
598 672
529 203
2 136
214 200
183 767
796 629
803 773
829 514
37 492
807 726
384 164
415 469
455 112
675 255
57 6
733 654
677 429
24 678
564 238
749 619
172 585
415 14
525 412
528 561
775 374
326 199
409 740
667 31
724 509
157 780
514 57
601 230
485 625
75 89
30 696
707 73
448 161
87 12
444 486
445 387
27 770
585 435
550 419
337 441
799 366
388 353
422 28
582 779
652 657
35 553
392 613
498 711
773 584
722 257
237 206
643 135
144 267
441 565
557 649
173 523
182 432
43 604
459 625
550 151
321 456
575 712
236 240
462 48
695 351
304 99
557 818
105 572
252 545
176 808
362 348
371 543
651 413
314 149
77 735
171 397
358 746
148 593
153 609
513 720
832 688
818 428
674 91
39 797
507 214
773 36
433 311
579 251