512
736
695 293
458 604
6 634
651 82
693 658
102 108
304 458
424 550
239 118
549 256
601 151
450 256
85 399
215 213
279 704
514 461
485 235
328 490
132 466
571 312
612 161
420 403
618 331
216 344
448 252
87 537
403 536
56 711
423 270
412 189
462 189
137 434
423 688
187 42
417 245
354 516
405 261
183 510
591 622
342 527
138 428
327 540
452 382
2 362
139 413
38 88
601 174
521 511
125 707
41 29
440 618
545 108
142 215
106 220
100 447
10 237
362 336
264 301
205 266
150 344
166 187
431 255
584 216
29 708
410 293
225 113
174 33
445 539
247 38
23 346
708 32
71 557
592 334
346 60
87 495
627 253
170 322
507 17
25 23
213 658
316 437
259 489
693 703
292 203
228 538
36 199
57 330
19 648
664 364
196 238
347 86
490 516
631 484
532 655
507 232
577 86
668 99
62 624
289 577
314 516
378 574
202 435
167 220
570 318
72 29
556 418
339 309
421 233
57 440
376 51
672 216
136 603
538 421
715 314
262 292
317 639
129 518
561 520
1 395
101 296
423 656
713 25
453 397
482 733
101 121
47 260
560 406
126 361
90 104
162 575
620 478
478 236
259 302
19 483
696 120
43 607
39 243
119 715
128 600
711 452
208 245
711 31
650 324
615 228
652 40
66 535
5 31
34 263
333 277
234 516
396 276
610 658
6 217
637 133
80 99
72 512
344 270
542 257
594 645
484 509
172 38
531 177
68 52
439 624
328 672
628 723
435 501
133 665
717 257
285 285
355 357
60 698
626 89
219 707
221 190
703 393
227 497
569 519
37 495
406 364
655 297
575 353
62 707
281 266
227 566
38 69
410 321
31 523
410 473
494 118
662 460
510 377
445 342
159 481
101 52
332 19
349 170
595 634
364 364
387 78
417 425
147 90
9 177
612 642
137 593
24 286
317 533
662 249
363 308
217 687
584 548
193 196
206 275
317 57
638 703
135 318
391 505
631 400
169 731
529 305
587 552
590 391
573 4
639 423
535 119
373 382
667 53
65 360
327 381
416 453
348 38
258 226
542 153
113 198
147 642
502 221
457 580
612 517
71 514
203 93
633 63
699 51
115 27
410 666
632 89
382 467
127 639
692 156
279 69
354 649
710 343
134 654
186 9
659 480
10 125
573 642
188 535
180 526
49 589
679 680
678 324
410 292
451 590
447 217
146 64
130 343
407 487
260 80
495 182
560 728
531 620
634 206
418 77
219 690
154 162
634 95
709 531
610 423
608 320
128 17
608 257
359 502
231 619
581 725
288 628
716 306
735 101
511 416
402 730
594 555
155 491
137 127
509 10
38 381
553 165
397 648
645 244
413 139
350 482
351 637
597 554
207 596
143 205
499 544
422 356
586 576
334 722
191 107
219 452
711 259
104 595
171 236
102 71
374 451
552 212
576 413
253 270
496 395
474 258
426 160
614 275
223 211
484 637
541 190
352 3
449 679
598 107
178 699
177 39
414 217
250 477
629 727
10 612
385 483
133 75
130 234
573 353
669 545
477 473
734 93
476 670
259 561
40 437
523 217
475 424
433 213
164 549
203 173
424 75
144 44
373 273
278 210
113 210
242 590
170 239
170 645
173 428
469 212
352 480
652 315
391 572
527 555
608 217
215 519
515 358
563 152
119 104
585 231
313 90
84 706
552 477
615 724
169 571
424 520
538 563
98 193
399 112
11 494
552 225
277 331
71 103
706 189
430 42
419 230
131 727
199 170
691 301
158 123
360 69
131 161
631 452
577 517
52 75
499 91
524 39
645 594
365 614
46 282
655 688
511 273
166 197
667 121
722 88
467 345
380 85
729 498
537 570
503 76
644 265
166 431
527 75
512 155
176 557
660 319
733 658
79 386
118 9
506 327
320 461
671 699
545 664
685 569
721 451
132 116
203 298
547 729
596 322
371 35
367 518
353 587
439 432
236 44
664 230
371 248
690 305
210 722
456 382
43 664
320 174
44 522
695 78
2 554
399 596
77 253
377 653
103 79
572 339
347 500
568 717
11 9
509 444
218 453
90 260
380 409
658 647
195 616
724 420
658 387
280 734
127 144
650 230
223 486
56 57
249 111
37 259
119 33
190 560
485 279
308 353
688 229
487 370
332 475
53 253
349 556
474 475
700 388
704 410
361 247
466 97
357 726
579 699
22 32
523 731
311 318
571 486
546 321
119 365
59 395
106 631
439 579
370 626
454 561
299 78
72 252
174 428
465 16
391 710
48 401
704 582
718 26
331 15
571 673
379 629
555 484
12 257
551 381
146 268
429 668
346 724
407 7
416 135
23 294
109 294
182 300
363 387
326 693
401 160
117 267
276 671
239 287
416 53
155 49
320 72
205 153
59 611
160 698
10 406
479 342
187 660
641 549
310 230
729 198
613 109
689 377
267 191
663 682
467 306
219 274
377 423
427 659
521 74
621 530
479 363
359 153
511 264
701 308
717 181
730 594
289 682
234 555
136 384
725 602
177 207
139 41
117 53
700 637
126 72
655 92
658 277
468 656
540 432
228 521
612 445
602 388
390 323
431 13
194 419
614 371
113 240
635 453
517 86
353 130
157 271
222 79
36 689
222 575
609 673
583 708
381 672
584 34
258 278
46 676
184 147
310 520
611 432
236 391
518 588
520 674
347 229
240 382
406 462
444 278
398 291
473 267
450 320
300 708
85 570
647 268
716 444
275 78
363 510
468 144
586 252
82 420
704 545
289 373
494 732
138 380
510 611
646 224
418 433
419 727
266 553
482 470
484 21
547 110
530 503
254 603
242 559
286 209
367 574
70 349
58 207
728 55
305 637
278 723
557 184
713 87
224 682
44 707
702 78
305 720
68 558
586 309
604 360
6 458
421 75
70 478
281 61
533 74
185 298
60 6
482 260
316 193
205 583
164 395
148 468
378 216
513 227
12 380
74 17
101 495
315 395
236 84
455 256
157 128
554 440
357 523
187 672
715 615
6 366
273 153
321 138
368 97
589 380
700 662
620 289
420 423
683 144
506 625
399 150
240 440
589 596
450 263
19 653
141 24
282 638
177 91
39 32
187 627
635 375
41 519
663 684
429 97
91 198
721 714
571 225
641 647
308 355
173 327
495 537
574 264
438 14
354 701
270 29
79 168
403 119
174 553
67 602
649 381
287 121
358 121
569 263
31 141
105 427
691 87
228 528
350 153
30 704
117 299
220 420
690 110
538 352
662 92
217 62
473 728
406 318
336 463
68 367
603 396
57 45
482 508
572 96
661 601
287 265
387 730
684 565
103 710
180 252
65 620
537 25
611 206
343 211
156 634
65 22
294 345
290 263
341 126
582 265
214 132
529 601
125 701
653 451
674 96
702 2
715 502
27 78
196 593
512 351
714 64
597 271
632 150
22 236
499 603
724 713
735 5
65 347
705 717
286 642
300 251
643 502
241 157
579 660
237 578
274 215
129 358
709 25
732 730
484 494
597 472
694 83
476 22
653 444
226 202
349 525
677 479
291 181
124 357
104 360
423 601
62 551
447 259
63 442
252 547
199 336
282 381
642 21
626 47
688 116
248 524
128 412
266 642
592 613
487 183
237 173
48 522
211 494
44 274
423 520
308 109
343 589
489 473
97 379
519 272
494 254
59 109
666 548
15 521
425 501
192 149
161 463
670 371
220 202
132 130
209 439
238 551
515 727
287 99
369 293
370 350
547 652
682 476
464 696
484 152
684 163
300 108
625 457
703 332
658 322
461 354
249 699
169 251
689 679
350 545
236 207
382 270
347 327
233 74
511 716
449 458
143 236
54 31
692 20
587 102
341 311
455 77
273 111
328 449
278 677
481 1
371 126
270 717
677 502
278 451
705 726
172 111
225 225
366 405
468 216
506 297
14 448
373 287
47 700
223 324
128 704
324 723
317 593
191 257
358 469
195 326
682 591
661 171
303 514
63 35
217 56
555 230
503 415
4 37
379 227
360 730
418 683
716 734
27 171
479 608
127 673
422 72
15 570
466 318
347 528
576 563
71 394
280 62
72 284
98 674
734 458
668 415
628 135
412 655
529 378
14 655
539 435
215 553
268 680
134 102
696 709
152 30
590 432
91 150
203 189
87 200
134 242
614 25
601 513
167 393
155 181
536 693
615 14
509 371
693 131
472 140
327 624
170 181
543 260
330 9
672 640
208 69
370 85
318 234
597 484
114 15
664 649
195 31
150 192
625 331
322 360
470 648
471 639
316 277
387 133
285 322
261 492
391 630
576 708
127 661
679 240
163 95
377 358
349 526
549 237
120 134
596 590
269 555
492 73
95 366
205 380
688 465
359 566
582 423
25 708
347 703
436 509
285 76
130 633
601 166
133 721
299 217
574 56
35 553
128 353
183 556
220 358
509 579
187 354
265 211
550 611
401 249
607 174
324 225
70 412
390 427
396 689
643 457
232 165
498 583
517 680
402 225
301 398
67 711
16 555
409 53
653 297
301 523
470 112
11 540
523 401
230 407
577 360
351 72
524 112
142 528
279 543
16 579
205 306
41 444
124 449
720 40
10 284
51 479
619 61
282 629
685 735
523 525
358 138
84 145
249 225
161 16
256 400
594 684
706 635
615 317
571 598
357 580
369 407
323 251