512
672
247 261
394 444
70 442
107 274
533 114
646 12
464 42
488 198
431 118
613 480
25 215
546 256
373 591
151 53
23 416
482 141
549 203
584 618
644 562
219 376
548 65
388 211
106 75
408 408
192 220
87 89
435 632
344 7
423 494
604 317
110 413
329 530
615 112
475 458
1 565
162 420
629 421
631 606
495 238
214 559
458 300
647 220
132 318
98 426
11 29
614 664
441 270
521 255
381 323
585 253
88 618
1 44
366 503
522 60
68 63
618 525
234 592
616 237
109 42
534 120
614 475
111 255
616 632
509 324
154 293
449 241
238 449
157 475
279 550
535 346
484 480
71 589
272 14
26 380
599 559
371 541
234 482
123 177
313 503
373 338
124 149
451 361
469 607
164 75
356 570
292 167
249 234
83 520
248 108
100 46
539 470
586 100
151 580
276 463
411 520
129 534
668 579
94 464
385 129
410 68
26 574
106 275
135 188
666 254
168 93
300 34
435 213
5 585
121 152
248 403
672 376
264 667
154 229
331 410
358 68
349 383
641 454
529 648
641 523
229 8
615 528
41 377
613 45
162 605
197 409
335 68
656 470
62 137
26 392
418 255
332 94
638 172
547 494
147 387
344 376
395 159
231 307
407 43
224 568
647 292
176 181
359 159
650 292
167 548
556 584
130 215
549 639
386 423
461 405
10 4
108 404
34 210
582 313
253 133
208 99
296 256
280 526
414 257
146 453
132 29
236 134
115 113
100 372
535 432
104 544
308 211
147 341
293 601
653 417
605 61
515 229
316 122
82 601
379 99
253 382
671 489
515 113
601 487
357 335
246 460
79 553
543 225
222 163
153 74
579 86
6 293
186 193
415 139
122 665
238 246
374 236
62 89
221 662
575 577
325 20
236 403
573 106
499 666
140 524
611 590
481 617
211 666
137 625
132 130
489 241
376 62
477 437
150 569
299 596
345 495
488 580
97 388
558 467
253 569
318 191
487 126
135 569
663 272
393 667
273 209
235 648
270 583
285 292
479 455
87 151
277 574
59 245
161 488
39 413
384 229
604 70
226 610
638 217
81 230
211 354
438 317
329 580
228 485
71 34
267 29
185 415
475 115
659 635
602 570
248 313
126 51
383 351
660 220
439 69
450 521
422 87
166 622
666 393
307 608
298 573
637 482
316 439
468 174
273 397
615 520
38 68
570 292
291 430
511 601
370 288
450 663
375 487
612 240
207 246
176 376
19 12
186 206
450 653
251 594
250 194
442 287
133 211
450 423
512 288
224 209
448 1
199 22
359 139
261 565
256 308
268 146
191 325
351 640
178 602
434 427
123 203
585 255
285 362
550 125
521 101
333 168
645 404
189 331
414 322
95 669
501 234
143 20
431 365
531 608
166 292
234 288
366 146
415 651
379 164
647 99
136 179
267 652
582 327
310 323
648 276
192 477
381 206
368 139
570 226
618 64
518 179
223 211
196 509
61 446
672 579
545 7
86 11
658 667
337 167
318 185
442 381
661 23
586 228
161 483
453 107
418 170
157 641
253 225
349 313
670 349
220 414
227 177
424 213
171 89
379 360
273 21
68 133
43 653
360 75
336 12
53 81
182 210
593 434
306 270
618 303
490 165
45 44
341 468
128 384
428 379
615 572
399 11
576 313
535 135
259 198
147 312
151 328
393 71
89 26
340 578
200 29
71 244
73 283
584 200
538 211
578 481
111 176
491 558
360 353
21 619
423 167
130 573
366 394
643 326
419 183
231 490
83 173
62 155
328 517
227 193
55 4
545 37
52 235
467 283
460 487
101 210
525 230
110 90
623 624
415 241
6 517
603 89
562 664
115 217
380 213
281 306
217 154
215 140
388 9
422 175
367 523
256 219
624 365
180 447
189 466
559 66
310 489
154 71
352 141
287 59
353 568
237 441
593 451
452 180
331 202
355 25
596 610
115 547
175 166
321 235
631 208
300 140
568 326
211 248
466 497
306 18
264 414
331 56
64 110
236 394
183 462
290 106
399 276
525 445
441 45
7 399
124 307
411 20
632 621
267 297
317 444
186 453
186 516
508 249
498 615
643 8
404 132
658 131
408 510
447 48
554 454
447 6
632 57
25 463
5 291
87 193
606 144
645 119
532 353
368 357
167 210
236 571
341 221
573 620
602 347
668 484
128 314
361 631
370 257
421 246
419 379
438 352
523 283
471 254
507 38
610 1
247 45
571 459
138 343
279 67
18 146
422 17
459 110
648 28
366 396
145 112
103 454
464 497
64 134
78 442
171 559
315 289
603 213
619 68
428 225
7 445
370 428
333 28
538 180
599 103
576 71
215 550
525 550
246 460
555 195
230 53
81 544
213 555
628 159
495 383
256 501
27 497
256 232
397 665
411 323
96 186
394 182
607 118
603 180
577 485
374 134
409 326
549 621
81 377
651 575
87 234
275 658
603 402
217 327
395 499
521 362
13 242
543 619
231 345
671 136
157 244
141 437
442 18
385 522
394 363
424 352
469 26
209 399
427 297
597 21
124 445
382 8
559 124
498 117
340 368
252 496
612 393
260 253
282 516
102 547
79 397
98 547
422 307
145 48
475 613
613 470
385 194
477 271
318 303
260 657
542 511
353 353
103 484
605 256
200 34
130 278
430 100
24 51
406 40
643 80
652 583
550 364
104 354
507 293
528 94
150 398
476 502
78 579
185 555
34 384
588 164
533 218
263 556
268 540
467 110
491 446
20 368
10 124
50 388
288 449
353 437
46 156
138 668
606 323
550 640
578 337
3 311
554 137
66 22
548 533
131 366
306 23
62 187
18 655
574 305
431 254
614 349
282 79
344 87
273 221
54 179
429 600
489 311
608 426
204 483
286 206
49 464
100 110
650 117
636 424
294 266
549 235
614 158
313 285
245 458
377 170
636 134
98 324
316 577
77 391
388 235
468 436
26 568
417 3
556 380
298 177
645 175
283 459
332 468
71 448
253 320
618 88
325 587
283 640
491 231
230 78
465 25
385 362
592 129
237 476
380 534
524 225
36 7
11 240
474 625
15 598
144 504
13 468
290 167
307 653
397 536
58 62
561 315
423 352
443 659
27 23
393 551
247 300
429 129
539 230
81 426
27 225
129 583
564 419
77 199
271 345
606 200
406 494
514 29
46 157
559 72
179 279
494 297
579 250
425 317
351 377
70 377
473 199
287 365
489 235
435 631
580 368
158 185
62 672
213 107
28 644
50 78
250 416
374 28
665 670
345 216
246 286
464 591
356 79
283 44
313 589
2 92
284 160
277 345
31 361
323 602
332 245
7 454
660 252
481 524
121 25
67 366
311 531
156 538
481 438
582 665
226 455
629 510
486 233
54 516
593 377
445 125
493 323
578 480
574 386
331 22
411 270
260 593
672 415
330 352
53 239
216 278
566 172
659 379
276 41
223 69
289 539
193 109
62 98
460 635
483 662
529 93
259 660
557 130
402 215
353 326
325 569
476 218
612 462
597 216
374 19
284 662
429 476
642 490
573 429
325 255
419 181
220 549
168 104
551 441
190 231
639 387
671 442
604 611
231 400
154 477
290 437
338 591
112 308
408 556
608 604
138 226
112 229
647 151
333 525
592 394
627 558
108 626
199 584
436 301
183 589
105 345
225 443
263 208
78 542
91 557
474 100
111 585
329 85
608 533
481 399
254 435
284 234
260 354
17 23
654 199
483 87
543 579
529 5
114 478
547 76
234 348
176 344
132 504
300 611
364 108
337 489
415 492
50 546
173 610
441 155
137 123
241 551
30 641
556 15
318 302
635 551
521 138
95 652
513 394
591 76
374 255
564 116
619 486
661 119
423 301
273 431
424 385
182 453
225 609
339 542
238 301
293 86
310 387
609 150
108 527
225 481
654 661
468 600
474 329
590 96
629 191
399 380
447 580
32 672
516 243
413 81
415 33
166 53
291 102
74 271
501 299
623 354
159 419
153 504
619 70
599 447
132 197
155 579
104 58
450 619
300 190
571 43
95 608
639 385
582 40
527 282
210 478
635 368
96 115
71 42
56 542
488 188
66 514
638 170
572 415
660 71
604 559
657 570
366 623
155 275
535 9
556 72
486 390
312 581
376 382
494 432
251 182
491 317
23 456
358 466
198 345
409 1
103 393
571 469
216 53
71 78
61 499
149 419
216 332
199 592
42 21
223 292
202 41
480 96
496 165
434 21
382 170
21 484
434 591
280 649
515 223
598 448
593 619
194 136
278 392
599 319
284 149
483 357
189 290
325 12
455 86
32 164
255 597
519 16
387 671
537 230
93 462
5 13
408 198
148 14
461 619
332 617
95 14
301 284
304 625
167 630
582 71
665 164
667 511
52 381
381 588
610 473
377 486
485 113
11 505
126 344
451 329
288 417
343 460
572 518
285 67
475 194
137 467
230 131
177 281
383 430
196 193
230 444
6 587
556 17
419 553
232 69
82 391
485 424
178 257
269 334
323 615
528 331
281 629
333 329
237 43
86 304
235 316
75 241
230 503
129 520
255 360
588 336
622 272
631 127
528 227
461 50
41 188
380 321
16 40
650 252
627 63
427 189
378 373
301 479
75 429
326 330
660 241
665 609
385 496
608 112
50 268
162 91
327 413
283 342
453 260
465 407
323 219