512
384
151 69
106 348
70 346
107 178
341 210
166 12
272 42
8 102
47 310
133 384
25 119
354 64
181 15
247 245
23 32
98 45
357 203
8 42
164 370
219 376
68 257
4 211
298 267
312 216
192 316
87 89
51 56
152 103
327 14
220 221
302 317
137 146
135 16
187 170
1 277
162 324
149 37
151 318
303 334
22 367
266 108
71 316
36 222
290 234
107 125
326 280
57 78
41 63
93 227
105 349
376 138
289 140
174 311
330 348
260 351
330 141
330 16
328 237
109 234
342 216
230 283
111 159
232 152
221 324
250 197
161 241
334 65
253 379
375 70
343 250
292 288
263 109
176 206
218 284
311 175
371 157
330 98
315 177
121 23
373 242
220 149
355 169
85 223
164 75
164 378
196 71
153 330
179 328
152 12
100 334
59 86
106 4
55 292
180 175
315 40
33 150
188 3
190 272
97 225
218 260
218 286
202 371
231 380
186 254
264 285
204 322
243 309
197 297
217 248
344 19
288 376
168 91
250 229
235 218
70 68
349 287
353 166
145 72
161 331
325 296
231 144
233 89
325 45
258 29
293 217
47 68
80 86
158 329
314 8
34 255
332 382
158 172
163 302
243 195
248 184
107 351
327 211
311 139
128 184
167 292
272 85
359 351
170 4
167 356
268 200
226 215
69 255
2 231
173 117
298 292
300 20
130 114
102 313
253 229
112 291
8 256
376 238
222 161
242 261
132 125
332 230
211 17
100 84
247 144
200 160
308 115
51 53
101 25
365 225
125 349
131 133
220 122
370 313
283 99
61 286
95 9
131 305
25 103
261 143
246 76
175 169
63 225
222 163
249 74
3 374
294 5
378 1
127 235
314 281
334 246
182 44
254 185
221 278
287 97
37 20
44 211
189 106
307 282
140 44
227 14
289 137
19 282
137 145
132 322
297 337
184 350
381 53
150 89
203 308
57 111
200 100
193 4
78 371
157 89
30 383
103 318
135 377
87 272
9 91
81 305
43 264
270 295
189 292
383 263
87 55
373 286
155 53
161 104
39 317
192 325
316 166
130 322
158 217
81 38
307 162
342 221
41 100
132 101
263 130
363 221
185 223
379 211
275 155
314 186
344 121
126 147
287 255
84 316
343 165
354 137
326 183
358 238
282 105
211 32
106 189
253 290
28 247
372 174
273 301
231 232
38 356
378 196
99 334
127 313
370 96
66 183
279 295
36 48
15 246
80 376
307 204
282 206
66 269
251 210
58 98
58 95
325 307
162 39
128 288
224 113
256 289
295 22
71 331
69 85
64 20
76 242
95 229
63 160
370 314
242 43
27 299
9 351
93 170
262 221
329 101
333 72
261 116
93 331
318 34
287 381
309 234
239 20
335 173
51 320
358 292
234 384
78 242
223 171
283 356
263 99
328 83
171 76
198 135
22 131
168 180
384 93
285 110
368 235
282 34
42 256
326 275
127 19
4 221
61 158
192 195
257 7
278 299
82 91
49 359
222 89
154 93
181 311
202 36
161 99
69 203
226 266
349 353
157 225
61 217
382 253
28 126
131 177
40 213
267 89
187 360
177 213
68 229
139 269
264 171
240 204
245 81
86 210
305 242
306 366
330 303
106 357
45 236
149 84
320 288
44 379
135 92
207 203
192 217
343 327
259 198
147 120
151 232
201 71
89 122
52 290
296 29
263 340
265 283
296 200
58 211
194 193
303 272
11 366
360 353
309 235
39 71
226 189
174 298
259 134
35 183
39 202
83 173
158 347
328 325
35 1
151 100
65 325
244 331
179 91
172 103
197 210
45 38
14 90
335 144
223 241
198 133
315 281
178 88
115 121
284 21
377 306
121 58
119 236
4 297
326 175
271 139
256 315
48 269
276 255
285 370
367 354
118 297
250 167
256 237
287 155
257 280
333 249
209 67
356 84
235 298
259 121
308 130
307 355
271 70
225 43
55 208
12 44
376 134
211 248
370 113
18 114
264 222
235 344
160 206
44 10
375 174
2 298
303 180
141 61
249 237
103 303
316 115
219 308
248 45
171 105
29 60
90 165
282 324
124 57
18 39
67 8
212 324
178 131
120 318
63 240
170 166
159 102
152 249
25 271
293 195
375 193
126 336
357 23
148 353
80 165
263 18
44 91
341 221
93 332
26 155
188 196
320 218
169 343
82 65
229 246
131 91
54 256
43 283
279 62
123 230
226 1
247 141
91 75
234 55
279 259
210 338
326 17
171 110
360 124
174 204
241 304
295 166
176 209
64 326
270 58
171 367
315 289
123 21
235 356
332 129
103 157
82 44
45 124
154 276
119 199
96 359
119 262
141 166
342 76
363 99
134 149
81 64
309 75
340 159
303 287
160 21
315 113
64 232
109 89
123 227
288 90
202 278
223 214
315 180
289 293
278 38
313 230
357 237
177 185
267 95
87 42
371 274
27 306
121 135
11 115
233 170
205 50
63 43
135 249
95 40
157 244
333 341
346 306
193 138
106 75
232 64
373 218
209 15
139 201
21 21
316 253
190 8
175 124
306 309
244 272
348 16
132 297
356 349
90 36
102 67
367 205
2 355
38 211
241 48
283 133
325 86
1 2
93 175
126 15
356 369
158 319
257 161
103 100
125 64
8 226
130 374
46 4
216 339
214 328
259 368
76 199
70 76
200 162
123 197
48 94
54 206
284 310
366 3
281 363
322 288
204 68
149 122
71 364
76 156
179 206
11 254
20 80
202 220
242 196
288 161
161 341
238 60
138 92
318 35
70 256
194 145
195 215
266 137
66 214
164 245
35 174
114 311
254 187
18 367
382 305
143 158
134 253
90 271
344 279
177 29
150 371
45 216
201 311
224 138
12 3
382 302
49 368
100 302
170 117
156 40
294 170
69 43
38 158
313 381
53 362
281 74
348 326
290 36
124 1
173 7
4 43
180 52
26 280
225 195
268 380
106 177
165 175
91 75
332 276
71 256
253 224
330 88
37 107
379 160
107 39
38 366
81 217
289 362
112 129
45 380
380 150
44 33
324 7
107 144
282 49
15 22
144 216
109 180
194 359
211 173
13 248
154 350
81 315
327 64
59 371
315 311
9 359
343 204
237 321
347 134
369 234
27 129
321 7
180 131
365 7
175 249
126 200
214 206
130 29
142 61
271 72
371 279
302 201
99 154
137 317
159 377
166 185
377 103
191 173
105 43
51 151
292 176
350 377
254 96
21 11
28 164
338 270
58 128
86 28
281 94
345 312
342 382
368 207
356 175
379 332
217 301
98 380
92 64
373 345
31 265
227 314
44 53
199 358
180 156
1 332
121 217
259 78
215 243
156 58
289 150
6 377
322 359
245 30
294 233
246 324
113 89
253 29
13 323
2 192
94 2
139 214
219 270
164 305
384 319
234 160
341 239
24 278
86 268
179 379
372 41
319 357
1 59
1 13
254 2
76 347
3 86
49 93
355 84
269 226
18 119
257 230
229 281
380 314
36 174
309 24
86 115
380 86
45 380
354 298
381 45
133 255
131 181
220 357
264 104
71 153
94 327
255 195
95 250
124 131
39 304
154 381
290 149
338 207
16 308
120 268
224 124
138 226
304 229
71 55
333 141
208 298
339 78
108 50
199 104
52 109
279 205
105 57
225 59
263 112
366 254
379 77
378 4
303 297
233 373
224 53
1 303
350 339
380 330
260 66
305 311
174 199
3 279
255 99
337 5
210 190
259 76
138 252
80 56
36 312
300 131
364 300
49 201
127 300
146 258
365 322
57 155
137 315
49 263
30 257
268 111
318 14
59 71
137 138
383 172
321 298
303 172
86 351
372 212
139 6
85 119
327 13
273 335
328 193
86 357
321 225
339 254
238 13
197 374
22 195
33 342
108 335
129 193
174 373
276 312
378 233
302 192
245 191
15 188
255 100
32 192
324 243
317 177
127 129
166 149
195 198
362 175
21 107
239 66
351 131
249 216
235 166
23 351
228 293
155 99
8 58
162 331
300 94
379 43
95 32
63 289
102 40
335 378
18 190
59 368
192 307
71 42
344 350
8 188
258 34
158 266
92 319
84 263
28 79
177 378
366 239
155 83
151 105
76 168
294 6
24 101
184 94
14 144
59 278
203 317
311 360
70 274
294 153
25 193
103 201
187 85
312 341
167 78
61 115
245 227
120 140
199 304
234 213
319 292
106 137
96 288
112 165
50 21
190 74
213 292
146 15
376 73
227 31
22 160
17 139
2 136
278 200
311 127
284 245
291 261
381 2
37 108
167 86
128 356
159 213
135 304
99 383
249 326
285 270
101 301
24 102
52 302
173 235
44 329
95 206
205 92
208 241
71 246
198 71
89 356
283 223
148 381
93 12
322 377
281 294
293 305
11 217
222 56
67 137
384 33
343 76
380 38
189 67
283 2
137 371
230 35
81 377
287 46
4 97
38 156
6 203
76 17
35 169
328 357
178 199
5 136
274 257
173 334
323 327
336 331
185 53
237 137
45 139
182 304
235 220
75 241
38 23
129 328
63 72
300 240
142 176
247 31
48 35
365 242
233 188
188 33
112 40
170 156
51 351
331 285
186 277
13 95
171 141
38 234
84 337
89 225
1 208
128 304
242 364
162 91
39 221
379 150
261 164
177 311
131 123