512
480
151 69
10 348
454 442
107 82
341 18
358 300
368 42
104 198
47 214
229 96
25 311
354 256
469 303
343 437
311 128
290 333
69 299
200 42
260 178
123 472
68 353
292 307
394 267
24 312
480 124
279 377
435 152
152 295
327 14
124 29
14 413
233 434
231 304
475 362
1 469
354 420
341 37
247 126
303 142
310 175
266 108
71 220
132 222
386 330
107 29
230 472
441 462
425 63
285 419
297 157
280 42
97 140
78 215
138 252
356 447
426 141
426 16
232 429
109 138
150 216
38 379
207 351
232 152
413 36
442 101
65 241
142 161
253 91
375 262
343 250
100 288
263 397
176 14
218 284
23 367
371 61
138 98
411 369
121 215
277 434
316 341
67 457
373 319
68 267
452 282
388 71
441 42
467 136
56 204
292 430
443 182
10 100
151 292
468 271
27 136
225 342
476 291
190 368
1 129
26 452
410 286
394 371
327 380
378 254
456 189
204 418
243 213
389 393
25 248
56 403
384 280
264 379
442 325
139 314
454 164
157 383
449 70
145 168
449 43
421 296
231 144
233 473
229 141
258 125
389 313
47 164
464 182
62 425
26 200
130 351
236 286
254 76
355 398
243 195
440 184
11 63
327 115
407 427
128 184
71 388
368 469
71 351
170 4
167 68
76 296
418 311
453 63
386 327
461 21
394 292
204 404
226 402
390 25
349 37
208 291
296 448
280 238
318 449
242 357
36 317
44 326
19 17
388 276
343 240
296 256
404 19
51 149
293 313
173 33
221 253
323 37
220 122
274 409
91 387
157 478
95 201
323 113
217 103
261 431
342 76
79 265
447 129
414 259
441 458
291 182
102 5
90 193
127 235
122 89
142 150
86 236
350 281
221 86
383 1
37 116
428 115
381 394
115 186
44 428
35 206
1 137
211 90
329 337
324 322
297 337
472 254
93 341
54 185
299 308
57 207
296 4
193 196
270 179
253 185
126 287
391 126
423 473
87 272
201 283
465 17
139 456
270 103
189 196
287 359
375 343
85 190
347 149
257 8
327 29
192 325
316 454
322 130
446 409
273 38
211 258
54 221
233 196
324 293
263 130
171 29
473 127
91 211
275 347
218 474
248 409
318 435
383 159
84 220
439 357
258 41
134 183
262 238
378 105
403 32
106 93
61 98
220 151
180 366
369 397
231 136
326 68
90 100
99 46
319 409
274 96
450 279
279 103
36 48
207 438
80 184
403 12
282 14
162 461
251 402
250 2
58 95
421 19
66 39
416 384
320 209
352 289
7 22
263 43
69 469
352 20
172 146
383 325
159 64
178 410
338 427
411 395
393 351
285 458
262 221
233 101
429 456
261 308
477 43
222 418
383 93
309 426
239 212
143 269
147 320
70 4
138 480
270 50
223 75
379 356
167 3
328 467
459 460
294 327
22 35
264 276
480 93
93 110
176 235
378 322
426 448
326 83
319 115
4 413
61 254
288 99
257 7
86 107
466 379
433 359
414 89
154 285
181 119
394 228
353 291
69 299
130 266
253 449
253 129
253 313
382 61
412 30
419 369
136 405
267 89
283 72
177 309
356 229
427 269
456 171
432 396
341 81
182 114
401 434
114 174
138 15
106 69
45 44
437 180
320 96
140 475
39 188
303 395
288 121
55 135
163 6
51 24
439 232
9 359
185 122
52 194
8 29
263 52
73 91
104 392
58 115
386 97
303 80
11 462
72 65
117 235
423 167
130 381
270 10
259 326
131 183
39 10
83 173
62 155
136 37
419 193
151 196
161 325
148 43
179 91
460 295
197 402
333 326
302 474
335 432
319 337
6 229
219 89
274 280
115 409
188 405
473 210
121 154
407 140
196 105
230 175
271 427
448 123
144 269
468 351
93 178
79 450
406 297
58 71
448 45
479 155
449 472
237 441
17 163
452 84
139 202
259 409
20 226
403 163
367 262
33 331
439 112
300 236
280 230
307 248
274 305
402 114
168 30
427 56
64 398
140 202
471 270
2 10
15 276
45 253
57 429
103 15
412 403
123 212
152 429
459 297
125 252
282 165
282 228
220 345
18 231
67 8
20 420
370 35
216 414
159 144
362 262
159 294
56 153
25 79
101 3
375 97
126 48
261 407
148 353
272 165
455 210
44 475
149 413
381 236
218 59
380 100
320 410
265 247
82 161
325 54
35 91
150 160
139 283
87 158
27 230
322 1
439 237
475 459
42 247
87 259
306 338
230 17
267 14
264 220
174 108
145 208
199 166
368 209
448 326
366 346
75 79
219 385
315 213
235 356
332 321
7 157
178 236
45 316
250 180
407 295
288 71
23 358
237 262
438 76
459 195
422 53
273 160
309 459
244 63
207 95
256 213
123 305
448 40
13 89
219 419
384 378
10 278
127 118
411 84
193 389
278 134
313 422
165 141
273 281
75 479
375 330
83 370
27 402
409 39
11 19
329 266
397 338
63 43
327 345
479 40
253 148
45 437
442 210
97 234
10 171
232 256
373 314
17 399
235 297
309 117
316 157
382 104
367 316
18 213
52 368
252 304
36 297
260 349
378 228
102 259
271 205
386 163
38 403
433 144
91 133
133 278
289 386
381 175
222 399
260 273
158 31
449 65
199 100
413 448
200 34
226 470
238 4
24 147
406 328
163 368
460 295
166 268
200 66
315 293
336 94
438 14
476 406
78 195
377 363
34 96
396 260
437 26
263 460
172 60
179 206
299 158
20 464
298 220
50 4
384 257
449 341
142 444
138 92
30 35
454 64
2 241
195 311
266 329
162 310
260 341
35 78
18 407
62 187
18 463
190 401
239 158
134 253
474 271
344 375
177 317
438 179
429 24
9 215
224 42
396 3
382 302
433 272
100 14
458 117
348 40
390 458
69 43
230 62
313 93
437 362
281 266
60 230
290 420
316 385
461 103
388 235
276 340
26 376
225 3
364 92
394 273
69 463
187 171
44 372
263 352
253 416
138 184
37 299
475 352
203 327
326 462
81 121
193 458
16 417
333 380
380 246
44 321
228 103
11 144
474 145
15 118
432 24
301 468
194 167
211 269
13 56
250 446
177 315
423 64
251 275
315 23
393 359
343 12
333 225
155 326
369 42
315 321
417 7
180 131
173 391
271 57
318 392
22 14
226 317
430 349
463 264
371 375
14 105
387 346
329 413
63 89
454 377
281 391
383 461
393 427
243 55
4 80
446 377
446 192
213 395
412 68
50 174
442 416
278 220
281 478
153 216
438 478
464 111
260 367
91 44
313 205
98 188
284 64
85 249
127 169
35 410
236 437
103 70
372 252
289 44
121 313
259 78
311 243
60 442
1 150
6 185
226 455
245 30
390 329
150 36
17 185
445 125
13 419
194 384
190 2
427 310
315 78
260 17
192 319
330 64
341 335
120 86
182 364
467 91
84 137
127 453
193 443
97 205
254 290
460 443
291 278
145 477
355 276
365 418
114 215
353 326
421 473
284 122
228 270
213 312
278 211
284 470
45 380
66 298
189 45
133 351
323 277
220 69
72 104
359 57
190 231
255 3
95 58
124 323
327 208
154 477
290 437
338 207
208 404
24 268
320 28
138 34
304 229
455 247
333 333
304 394
435 78
396 50
7 392
244 205
471 397
201 153
225 59
359 304
462 254
91 173
282 100
207 105
329 181
224 53
385 399
446 339
476 234
260 354
17 23
78 7
291 279
159 387
337 389
210 190
163 172
234 444
272 440
420 120
12 35
172 396
433 9
127 300
242 258
173 130
153 251
137 315
49 167
222 257
76 303
318 110
347 71
425 138
383 364
129 394
399 172
182 351
180 308
43 294
85 215
423 109
465 431
424 385
470 165
33 417
339 350
46 205
293 470
214 195
225 342
108 143
33 289
366 85
468 408
378 425
14 192
53 479
15 476
255 4
32 288
420 243
29 465
319 321
454 53
387 198
266 367
213 299
47 450
255 35
249 24
331 262
215 255
132 101
251 387
104 154
66 43
396 94
379 235
287 224
159 193
294 424
431 378
114 478
347 368
384 115
263 234
248 350
8 380
450 130
158 74
284 223
468 71
316 367
177 474
462 335
59 275
151 9
172 264
6 390
24 389
376 286
14 144
155 374
395 125
23 72
70 178
294 57
121 1
295 297
475 277
24 53
71 174
61 115
437 419
24 332
199 400
138 213
415 292
106 329
288 480
400 357
50 213
286 170
213 100
338 207
376 361
131 319
406 64
305 235
2 328
86 200
119 223
284 53
387 261
381 194
133 300
71 182
32 356
351 117
327 208
195 95
441 326
285 366
389 109
120 390
436 206
461 427
428 137
479 206
397 380
400 49
71 342
102 455
89 452
91 415
52 285
381 12
130 185
377 390
293 17
299 121
222 152
67 41
288 417
247 76
188 38
477 259
379 98
233 467
422 323
273 473
479 46
4 1
230 252
390 395
268 209
35 361
232 453
274 391
389 40
466 449
77 334
227 327
432 331
185 245
45 329
237 43
374 112
43 124
363 433
38 23
33 424
255 264
396 48
46 176
439 31
144 35
365 242
233 188
92 417
304 136
266 60
51 159
43 93
282 277
397 191
171 429
134 426
84 49
473 129
97 304
32 112
338 268
354 91
327 317
379 150
453 164
81 23
323 123