512
128
23 69
106 92
70 90
107 50
85 82
38 12
16 42
8 102
47 54
5 128
25 119
98 64
53 15
119 117
23 32
98 45
101 75
8 42
36 114
91 120
68 1
4 83
42 11
56 88
64 60
87 89
51 56
24 103
71 14
92 93
46 61
9 18
7 16
59 42
1 21
34 68
21 37
23 62
47 78
22 111
10 108
71 60
36 94
34 106
107 125
70 24
57 78
41 63
93 99
105 93
120 10
33 12
46 55
74 92
4 95
74 13
74 16
72 109
109 106
86 88
102 27
111 31
104 24
93 68
122 69
33 113
78 65
125 123
119 70
87 122
36 32
7 109
48 78
90 28
55 47
115 29
74 98
59 49
121 23
117 114
92 21
99 41
85 95
36 75
36 122
68 71
25 74
51 72
24 12
100 78
59 86
106 4
55 36
52 47
59 40
33 22
60 3
62 16
97 97
90 4
90 30
74 115
103 124
58 126
8 29
76 66
115 53
69 41
89 120
88 19
32 120
40 91
122 101
107 90
70 68
93 31
97 38
17 72
33 75
69 40
103 16
105 89
69 45
2 29
37 89
47 68
80 86
30 73
58 8
34 127
76 126
30 44
35 46
115 67
120 56
107 95
71 83
55 11
128 56
39 36
16 85
103 95
42 4
39 100
12 72
98 87
69 127
2 103
45 117
42 36
44 20
2 114
102 57
125 101
112 35
8 128
120 110
94 33
114 5
4 125
76 102
83 17
100 84
119 16
72 32
52 115
51 53
101 25
109 97
125 93
3 5
92 122
114 57
27 99
61 30
95 9
3 49
25 103
5 15
118 76
47 41
63 97
94 35
121 74
3 118
38 5
122 1
127 107
58 25
78 118
54 44
126 57
93 22
31 97
37 20
44 83
61 106
51 26
12 44
99 14
33 9
19 26
9 17
4 66
41 81
56 94
125 53
22 89
75 52
57 111
72 100
65 4
78 115
29 89
30 127
103 62
7 121
87 16
9 91
81 49
43 8
14 39
61 36
127 7
87 55
117 30
27 53
33 104
39 61
64 69
60 38
2 66
30 89
81 38
51 34
86 93
41 100
4 101
7 2
107 93
57 95
123 83
19 27
58 58
88 121
126 19
31 127
84 60
87 37
98 9
70 55
102 110
26 105
83 32
106 61
125 34
28 119
116 46
17 45
103 104
38 100
122 68
99 78
127 57
114 96
66 55
23 39
36 48
15 118
80 120
51 76
26 78
66 13
123 82
58 98
58 95
69 51
34 39
128 32
96 113
128 33
39 22
71 75
69 85
64 20
76 114
95 101
63 32
114 58
114 43
27 43
9 95
93 42
6 93
73 101
77 72
5 116
93 75
62 34
31 125
53 106
111 20
79 45
51 64
102 36
106 128
78 114
95 43
27 100
7 99
72 83
43 76
70 7
22 3
40 52
128 93
29 110
112 107
26 34
42 128
70 19
127 19
4 93
61 30
64 67
1 7
22 43
82 91
49 103
94 89
26 93
53 55
74 36
33 99
69 75
98 10
93 97
29 97
61 89
126 125
28 126
3 49
40 85
11 89
59 104
49 85
68 101
11 13
8 43
112 76
117 81
86 82
49 114
50 110
74 47
106 101
45 108
21 84
64 32
44 123
7 92
79 75
64 89
87 71
3 70
19 120
23 104
73 71
89 122
52 34
40 29
7 84
9 27
40 72
58 83
66 65
47 16
11 110
104 97
53 107
39 71
98 61
46 42
3 6
35 55
39 74
83 45
30 91
72 69
35 1
23 100
65 69
116 75
51 91
44 103
69 82
45 38
14 90
79 16
95 113
70 5
59 25
50 88
115 121
28 21
121 50
121 58
119 108
4 41
70 47
15 11
128 59
48 13
20 127
29 114
111 98
118 41
122 39
128 109
31 27
1 24
77 121
81 67
100 84
107 42
3 121
52 2
51 99
15 70
97 43
55 80
12 44
120 6
83 120
114 113
18 114
8 94
107 88
32 78
44 10
119 46
2 42
47 52
13 61
121 109
103 47
60 115
91 52
120 45
43 105
29 60
90 37
26 68
124 57
18 39
67 8
84 68
50 3
120 62
63 112
42 38
31 102
24 121
25 15
37 67
119 65
126 80
101 23
20 97
80 37
7 18
44 91
85 93
93 76
26 27
60 68
64 90
41 87
82 65
101 118
3 91
54 128
43 27
23 62
123 102
98 1
119 13
91 75
106 55
23 3
82 82
70 17
43 110
104 124
46 76
113 48
39 38
48 81
64 70
14 58
43 111
59 33
123 21
107 100
76 1
103 29
82 44
45 124
26 20
119 71
96 103
119 6
13 38
86 76
107 99
6 21
81 64
53 75
84 31
47 31
32 21
59 113
64 104
109 89
123 99
32 90
74 22
95 86
59 52
33 37
22 38
57 102
101 109
49 57
11 95
87 42
115 18
27 50
121 7
11 115
105 42
77 50
63 43
7 121
95 40
29 116
77 85
90 50
65 10
106 75
104 64
117 90
81 15
11 73
21 21
60 125
62 8
47 124
50 53
116 16
92 16
4 41
100 93
90 36
102 67
111 77
2 99
38 83
113 48
27 5
69 86
1 2
93 47
126 15
100 113
30 63
1 33
103 100
125 64
8 98
2 118
46 4
88 83
86 72
3 112
76 71
70 76
72 34
123 69
48 94
54 78
28 54
110 3
25 107
66 32
76 68
21 122
71 108
76 28
51 78
11 126
20 80
74 92
114 68
32 33
33 85
110 60
10 92
62 35
70 128
66 17
67 87
10 9
66 86
36 117
35 46
114 55
126 59
18 111
126 49
15 30
6 125
90 15
88 23
49 29
22 115
45 88
73 55
96 10
12 3
126 46
49 112
100 46
42 117
28 40
38 42
69 43
38 30
57 125
53 106
25 74
92 70
34 36
124 1
45 7
4 43
52 52
26 24
97 67
12 124
106 49
37 47
91 75
76 20
71 128
125 96
74 88
37 107
123 32
107 39
38 110
81 89
33 106
112 1
45 124
124 22
44 33
68 7
107 16
26 49
15 22
16 88
109 52
66 103
83 45
13 120
26 94
81 59
71 64
59 115
59 55
9 103
87 76
109 65
91 6
113 106
27 1
65 7
52 3
109 7
47 121
126 72
86 78
2 29
14 61
15 72
115 23
46 73
99 26
9 61
31 121
38 57
121 103
63 45
105 43
51 23
36 48
94 121
126 96
21 11
28 36
82 14
58 128
86 28
25 94
89 56
86 126
112 79
100 47
123 76
89 45
98 124
92 64
117 89
31 9
99 58
44 53
71 102
52 28
1 76
121 89
3 78
87 115
28 58
33 22
6 121
66 103
117 30
38 105
118 68
113 89
125 29
13 67
2 64
94 2
11 86
91 14
36 49
128 63
106 32
85 111
24 22
86 12
51 123
116 41
63 101
1 59
1 13
126 2
76 91
3 86
49 93
99 84
13 98
18 119
1 102
101 25
124 58
36 46
53 24
86 115
124 86
45 124
98 42
125 45
5 127
3 53
92 101
8 104
71 25
94 71
127 67
95 122
124 3
39 48
26 125
34 21
82 79
16 52
120 12
96 124
10 98
48 101
71 55
77 13
80 42
83 78
108 50
71 104
52 109
23 77
105 57
97 59
7 112
110 126
123 77
122 4
47 41
105 117
96 53
1 47
94 83
124 74
4 66
49 55
46 71
3 23
127 99
81 5
82 62
3 76
10 124
80 56
36 56
44 3
108 44
49 73
127 44
18 2
109 66
57 27
9 59
49 7
30 1
12 111
62 14
59 71
9 10
127 44
65 42
47 44
86 95
116 84
11 6
85 119
71 13
17 79
72 65
86 101
65 97
83 126
110 13
69 118
22 67
33 86
108 79
1 65
46 117
20 56
122 105
46 64
117 63
15 60
127 100
32 64
68 115
61 49
127 1
38 21
67 70
106 47
21 107
111 66
95 3
121 88
107 38
23 95
100 37
27 99
8 58
34 75
44 94
123 43
95 32
63 33
102 40
79 122
18 62
59 112
64 51
71 42
88 94
8 60
2 34
30 10
92 63
84 7
28 79
49 122
110 111
27 83
23 105
76 40
38 6
24 101
56 94
14 16
59 22
75 61
55 104
70 18
38 25
25 65
103 73
59 85
56 85
39 78
61 115
117 99
120 12
71 48
106 85
63 36
106 9
96 32
112 37
50 21
62 74
85 36
18 15
120 73
99 31
22 32
17 11
2 8
22 72
55 127
28 117
35 5
125 2
37 108
39 86
128 100
31 85
7 48
99 127
121 70
29 14
101 45
24 102
52 46
45 107
44 73
95 78
77 92
80 113
71 118
70 71
89 100
27 95
20 125
93 12
66 121
25 38
37 49
11 89
94 56
67 9
128 33
87 76
124 38
61 67
27 2
9 115
102 35
81 121
31 46
4 97
38 28
6 75
76 17
35 41
72 101
50 71
5 8
18 1
45 78
67 71
80 75
57 53
109 9
45 11
54 48
107 92
75 113
38 23
1 72
63 72
44 112
14 48
119 31
48 35
109 114
105 60
60 33
112 40
42 28
51 95
75 29
58 21
13 95
43 13
38 106
84 81
89 97
1 80
128 48
114 108
34 91
39 93
123 22
5 36
49 55
3 123