8
160
49 13
49 123
116 38
87 25
151 69
144 137
23 63
67 37
58 33
91 154
127 37
146 47
99 118
34 153
142 140
94 62
25 143
24 140
20 142
36 42
83 51
19 105
114 85
14 43
118 136
37 116
12 22
3 142
139 68
134 152
80 68
54 104
82 109
115 133
91 151
14 13
73 32
117 26
149 2
101 138
137 137
93 21
30 127
2 40
35 8
32 114
107 117
89 28
97 43
32 27
65 45
71 138
109 28
35 129
61 135
106 38
143 38
58 12
5 91
84 71
130 147
24 76
135 144
135 71
26 38
98 91
83 8
100 63
67 6
31 128
141 8
37 155
45 126
39 81
88 122
151 58
108 46
5 82
29 140
152 87
49 121
49 131
1 148
65 67
153 127
66 5
134 102
160 51
99 70
3 27
31 26
84 10
103 88
123 132
99 146
90 148
139 138
150 139
157 87
77 149
53 143
26 59
116 25
109 55
126 143
113 156
8 36
37 111
155 31
114 126
16 43
145 154
20 6
4 16
124 81
36 17
63 61
107 50
117 87
136 82
69 88
109 77
123 17
59 150
47 12
147 95
86 131
120 137
8 124
24 132
44 59
20 138
152 126
27 140
52 3
94 152
90 74
100 85
91 158
106 9
41 92
103 126
94 63
134 101
26 157
104 101
88 123
110 111
120 136
90 43
10 55
35 132
129 6
56 91
4 33
99 76
124 42
74 57
136 47
29 33
76 133
133 3
127 82
145 87
89 74
129 131
1 35
102 1
41 29
91 76
61 61
23 56
134 96
144 109
15 12
141 90
16 145
124 143
98 108
101 27
53 101
29 53
136 130
53 48
30 15
123 122
76 17
17 49
113 160
30 127
43 10
88 59
27 51
73 124
158 13
22 82
145 50
135 120
51 59
39 112
106 33
73 53
50 89
101 2
120 2
160 3
44 119
93 70
9 5
65 38
49 87
151 33
8 125
25 91
56 63
42 1
96 115
53 145
75 25
18 35
59 49
37 102
7 129
11 47
5 107
116 53
65 106
85 73
103 109
35 158
44 108
30 139
62 114
155 9
10 12
43 68
60 111
9 98
111 51
144 147
158 131
39 62
76 155
6 18
136 40
47 19
148 76
29 81
61 23
89 71
34 3
10 125
145 19
94 95
101 77
81 98
47 151
160 154
18 37
12 153
77 90
43 96
38 71
16 98
125 137
40 30
11 50
26 156
100 119
90 72
35 43
10 113
65 41
138 82
77 21
106 25
111 20
152 148
90 40
117 86
16 29
115 26
110 140
21 49
98 143
152 4
57 1
148 121
73 126
75 22
146 20
46 128
40 38
147 1
77 104
119 124
132 73
149 81
85 42
1 22
56 152
58 112
25 45
104 97
42 50
118 60
70 36
27 141
73 14
13 21
149 3
144 120
76 4
72 160
77 104
53 4
127 110
115 151
27 91
120 68
140 109
159 81
144 26
93 88
39 138
140 27
140 155
18 87
31 121
118 107
64 11
111 62
152 97
53 50
59 44
150 39
152 148
151 8
13 84
127 83
93 107
141 72
101 158
31 131
150 148
110 85
30 92
147 22
28 71
71 119
114 60
157 137
80 19
16 92
134 143
47 66
89 27
10 61
57 40
64 46
27 45
131 57
136 117
110 35
27 52
153 12
144 21
148 63
40 4
154 45
18 40
111 138
99 120
38 155
31 133
40 89
17 42
145 24
30 126
59 88
18 83
99 1
104 119
63 15
154 88
59 11
128 41
20 66
32 57
92 62
62 3
151 78
45 7
134 106
133 32
34 150
146 4
22 121
122 84
135 147
11 66
29 10
106 48
107 138
137 38
71 38
41 61
147 117
100 120
62 72
23 95
93 9
131 114
129 92
37 136
111 79
41 139
89 18
59 35
27 35
73 98
104 145
30 90
101 129
82 2
72 104
129 4
144 99
149 145
62 57
120 12
136 32
23 96
81 81
2 140
147 106
77 90
90 138
51 30
139 132
64 50
108 64
86 123
2 74
107 95
131 98
107 138
1 1
73 114
113 74
93 99
52 41
28 141
18 78
43 156
82 138
78 29
41 3
151 42
76 130
136 78
67 114
55 100
146 159
53 98
105 145
36 156
25 95
8 74
13 50
70 94
27 19
154 67
21 144
140 128
145 148
46 52
133 132
151 119
131 75
88 75
59 124
70 115
90 77
28 134
159 129
67 57
147 92
156 39
108 135
7 92
154 52
143 159
23 5
149 25
79 76
99 9
71 40
123 1
149 23
134 147
23 73
43 10
4 38
48 111
45 86
75 70
9 89
68 64
94 56
88 44
132 59
85 42
98 79
74 118
101 48
136 124
120 51
5 155
88 84
138 4
10 52
74 50
140 13
113 105
101 73
21 72
131 105
145 100
23 91
58 156
138 33
151 129
83 155
123 43
110 100
78 151
151 23
41 3
36 25
107 136
97 127
79 99
103 95
39 126
25 128
153 34
32 143
2 115
9 157
29 118
128 138
109 151
1 21
153 68
45 131
75 14
98 25
112 40
151 150
37 16
117 29
81 21
43 115
7 51
111 35
9 78
44 149
68 44
41 92
143 117
63 89
130 32
113 82
103 104
103 140
151 92
40 103
112 83
57 118
5 7
24 13
117 67
33 56
143 73
148 125
62 50
54 31
113 38
144 55
13 87
66 3
50 138
106 1
60 2
150 64
41 45
109 29
111 13
84 93
118 71
90 19
152 15
81 104
84 65
31 97
23 96
131 104
73 108
136 4
110 125
100 22
9 80
50 151
92 133
116 49
76 77
99 67
123 20
43 46
116 73
142 10
40 145
113 113
92 88
116 73
84 87
94 92
6 15
114 98
20 69
18 95
145 149
33 107
40 75
25 155
19 38
36 59
22 148
43 114
75 30
26 158
117 152
121 122
6 106
91 25
15 141
151 31
129 24
10 40
130 34
66 149
71 101
79 93
88 121
46 34
150 103
63 138
94 23
100 100
128 62
156 14
74 147
77 74
10 86
113 139
119 18
159 61
118 77
153 77
69 70
110 91
13 12
68 106
66 39
45 66
101 41
79 14
59 155
120 68
112 72
78 70
122 77
131 79
25 155
156 126
65 105
56 109
149 123
54 54
2 131
119 134
43 70
19 101
96 138
40 48
82 117
149 43
65 151
153 90
146 148
87 82
125 142
30 113
136 115
38 9
117 29
142 159
98 33
131 33
42 10
112 123
127 101
5 63
91 30
152 108
17 110
29 13
91 90
157 99
77 35
107 33
63 89
64 32
153 34
96 34
44 48
157 42
20 33
104 110
62 128
58 111
77 118
155 40
80 152
138 156
58 84
28 152
44 91
55 36
157 150
102 72
37 98
113 56
2 88
38 96
87 127
46 36
116 40
75 35
63 84
30 152
39 90
143 115
52 37
22 48
59 123
119 95
92 103
23 126
31 92
61 149
58 138
24 45
49 130
80 112
53 141
103 124
102 118
110 154
26 131
73 84
126 32
51 89
134 73
54 36
36 114
25 125
91 48
9 140
50 120
123 134
101 97
97 74
54 46
67 80
49 140
3 14
43 85
102 48
157 156
84 64
141 140
28 104
59 69
115 108
28 77
82 160
13 50
74 99
128 140
18 16
151 52
61 33
137 2
81 5
29 36
101 42
47 128
145 105
68 99
85 96
47 6
95 91
87 8
29 54
148 78
101 10
2 1
75 10
35 155
46 95
62 146
136 108
146 152
84 53
122 8
148 40
45 83
131 132
122 159
57 141
77 158
151 78
158 65
119 32
91 4
159 152
150 134
131 135
158 54
59 119
62 47
159 106
1 1
109 122
159 6
103 107
35 125
56 32
29 14
96 151
18 94
142 7
99 112
13 96
37 71
87 98
149 117
76 149
117 56
143 147
93 117
94 127
81 149
159 141
35 126
131 52
91 112
90 29
95 102
157 131
44 115
101 33
71 48
53 59
103 35
77 36
151 10
2 71
31 32
51 65
29 21
116 119
4 77
20 130
18 16
133 61
130 105
125 72
152 18
2 126
84 78
1 75
120 35
17 150
98 100
86 127
152 73
117 28
149 136
157 38
23 129
130 152
105 95
95 96
144 128
62 67
46 94
141 37
160 30
58 130
129 143
96 152
87 84
19 75
60 48
112 82
48 81
106 153
47 72
88 30
40 21
97 117
147 109
153 18
10 82
147 10
64 114
2 150
38 52
96 97
99 79
50 147
31 155
139 78
99 98
139 138
151 107
126 137
56 150
154 97
71 13
107 6
126 140
155 35
31 122
3 130
40 53
116 70
79 126
19 17
63 158
26 53
104 151
29 31
12 55
128 82
99 106
87 96
85 113
131 115
74 133
116 145
25 103
55 136
68 73
152 131
70 18
23 46
40 84
76 52
10 75
5 108
20 92
43 136
76 45
123 22
18 78
6 74
21 92
49 120
5 41
90 106
90 145
151 129
68 99
52 109
13 57
56 65
20 130
40 95
15 2
148 64
112 154
137 4
117 58
123 121
98 85
99 59
69 121
59 8
59 111
116 104
39 43
8 58
44 79
24 90
113 12
153 96
37 2
99 153
59 93
146 28
49 116
86 117
76 16
124 7
158 111
110 36
153 149
93 37
67 149
126 51