8
32
17 13
17 27
20 6
23 25
23 5
16 9
23 31
3 5
26 1
27 26
31 5
18 15
3 22
2 25
14 12
30 30
25 15
24 12
20 14
4 10
19 19
19 9
18 21
14 11
22 8
5 20
12 22
3 14
11 4
6 24
16 4
22 8
18 13
19 5
27 23
14 13
9 32
21 26
21 2
5 10
9 9
29 21
30 31
2 8
3 8
32 18
11 21
25 28
1 11
32 27
1 13
7 10
13 28
3 1
29 7
10 6
15 6
26 12
5 27
20 7
2 19
24 12
7 16
7 7
26 6
2 27
19 8
4 31
3 6
31 32
13 8
5 27
13 30
7 17
24 26
23 26
12 14
5 18
29 12
24 23
17 25
17 3
1 20
1 3
25 31
2 5
6 6
32 19
3 6
3 27
31 26
20 10
7 24
27 4
3 18
26 20
11 10
22 11
29 23
13 21
21 15
26 27
20 25
13 23
30 15
17 28
8 4
5 15
27 31
18 30
16 11
17 26
20 6
4 16
28 17
4 17
31 29
11 18
21 23
8 18
5 24
13 13
27 17
27 22
15 12
19 31
22 3
24 9
8 28
24 4
12 27
20 10
24 30
27 12
20 3
30 24
26 10
4 21
27 30
10 9
9 28
7 30
30 31
6 5
26 29
8 5
24 27
14 15
24 8
26 11
10 23
3 4
1 6
24 27
4 1
3 12
28 10
10 25
8 15
29 1
12 5
5 3
31 18
17 23
25 10
1 3
1 3
6 1
9 29
27 12
29 29
23 24
6 32
16 13
15 12
13 26
16 17
28 15
2 12
5 27
21 5
29 21
8 2
21 16
30 15
27 26
12 17
17 17
17 32
30 31
11 10
24 27
27 19
9 28
30 13
22 18
17 18
7 24
19 27
7 16
10 1
9 21
18 25
5 2
24 2
32 3
12 23
29 6
9 5
1 6
17 23
23 1
8 29
25 27
24 31
10 1
32 19
21 17
11 25
18 3
27 17
5 6
7 1
11 15
5 11
20 21
1 10
21 9
7 13
3 30
12 12
30 11
30 18
27 9
10 12
11 4
28 15
9 2
15 19
16 19
30 3
7 30
12 27
6 18
8 8
15 19
20 12
29 17
29 23
25 7
2 3
10 29
17 19
30 31
5 13
17 2
15 23
32 26
18 5
12 25
13 26
11 32
6 7
16 2
29 9
8 30
11 18
26 28
4 23
26 8
3 11
10 17
1 9
10 18
13 21
10 25
15 20
24 20
26 8
21 22
16 29
19 26
14 12
21 17
2 15
24 4
25 1
20 25
9 30
11 22
18 20
14 32
8 6
19 1
13 8
23 28
4 9
21 17
21 10
1 22
24 24
26 16
25 13
8 1
10 18
22 28
6 4
27 13
9 14
13 21
21 3
16 24
12 4
8 32
13 8
21 4
31 14
19 23
27 27
24 4
12 13
31 17
16 26
29 24
7 10
12 27
12 27
18 23
31 25
22 11
32 11
15 30
24 1
21 18
27 12
22 7
24 20
23 8
13 20
31 19
29 11
13 8
5 30
31 3
22 20
14 21
30 28
19 22
28 7
7 23
18 28
29 9
16 19
16 28
6 15
15 2
25 27
10 29
25 8
32 14
27 13
3 25
8 21
14 3
27 20
25 12
16 21
20 31
8 4
26 13
18 8
15 10
3 24
6 27
31 5
8 25
17 10
17 24
30 30
27 24
18 19
3 1
8 23
31 15
26 24
27 11
32 9
20 2
32 25
28 30
30 3
23 14
13 7
6 10
5 32
2 22
18 4
22 25
26 20
7 19
11 2
29 10
10 16
11 10
9 6
7 6
9 29
19 21
4 24
30 8
23 31
29 9
3 18
1 28
5 8
15 15
9 11
25 18
27 3
27 3
9 2
8 17
30 26
5 1
18 2
8 8
1 4
16 3
21 17
30 25
24 12
8 32
23 32
17 17
2 12
19 10
13 26
26 10
19 30
11 4
32 18
12 32
22 27
2 10
11 31
3 2
11 10
1 1
9 18
17 10
29 3
20 9
28 13
18 14
11 28
18 10
14 29
9 3
23 10
12 2
8 14
3 18
23 4
18 31
21 2
9 17
4 28
25 31
8 10
13 18
6 30
27 19
26 3
21 16
12 32
17 20
14 20
5 4
23 23
3 11
24 11
27 28
6 19
26 13
28 6
31 1
3 25
19 28
28 7
12 7
7 28
26 20
15 31
23 5
21 25
15 12
3 9
7 8
27 1
21 23
6 19
23 9
11 10
4 6
16 15
13 22
11 6
9 25
4 32
30 24
24 12
4 27
21 10
2 15
10 22
5 16
8 28
24 19
5 27
24 20
10 4
10 20
10 18
12 13
17 9
5 9
21 8
3 9
17 4
23 27
26 28
10 1
23 1
19 27
27 11
14 4
14 23
23 23
9 3
4 25
11 8
1 31
15 3
7 31
7 30
25 32
25 2
32 15
2 19
9 29
29 22
32 10
13 23
1 21
25 4
13 3
11 14
2 25
16 8
23 22
5 16
21 29
17 21
11 19
7 19
15 3
9 14
12 21
4 12
9 28
15 21
31 25
2 32
17 18
7 8
7 12
23 28
8 7
16 19
25 22
5 7
24 13
21 3
1 24
15 9
20 29
30 18
22 31
17 6
16 23
13 23
2 3
18 10
10 1
28 2
22 32
9 13
13 29
15 13
20 29
22 7
26 19
24 15
17 8
20 1
31 1
23 32
3 8
9 12
8 4
14 29
4 22
9 16
18 23
28 5
20 17
12 13
3 3
27 20
11 14
20 9
14 10
8 17
17 17
28 24
20 9
20 23
30 28
6 15
18 2
20 5
18 31
17 21
1 11
8 11
25 27
19 6
4 27
22 20
11 18
11 30
26 30
21 24
25 26
6 10
27 25
15 13
23 31
1 24
10 8
2 2
2 21
7 5
15 29
24 25
14 2
22 7
31 10
30 23
4 4
32 30
28 14
10 19
13 10
10 22
17 11
23 18
31 29
22 13
25 13
5 6
14 27
13 12
4 10
2 7
13 2
5 9
15 14
27 27
24 4
16 8
14 6
26 13
3 15
25 27
28 30
1 9
24 13
21 27
22 22
2 3
23 6
11 6
19 5
32 10
8 16
18 21
21 11
1 23
25 26
18 20
23 18
29 14
30 17
8 19
6 9
21 29
14 31
2 1
3 1
10 10
16 27
31 5
5 31
27 30
24 12
17 14
29 13
27 26
29 3
13 3
11 1
31 25
32 32
25 2
32 2
12 16
29 10
20 1
8 14
30 32
26 15
13 22
27 8
16 24
10 28
26 20
28 24
12 27
23 4
29 22
6 8
5 2
17 24
2 24
6 32
23 31
14 4
20 8
11 3
31 20
30 24
7 26
15 19
20 5
22 16
27 27
23 31
28 7
23 30
31 28
29 21
26 10
24 13
17 2
16 16
21 13
7 28
6 22
14 26
26 3
9 20
30 32
19 25
6 9
22 4
4 18
25 29
27 16
9 12
18 24
27 6
5 1
1 10
22 14
3 16
17 12
3 14
11 21
6 16
29 28
20 32
13 12
28 8
27 5
19 12
28 13
18 32
13 18
10 3
32 12
18 16
23 20
29 1
9 2
17 5
29 4
5 10
15 32
17 9
4 3
21 32
15 6
31 27
23 8
29 22
20 14
5 10
2 1
11 10
3 27
14 31
30 18
8 12
18 24
20 21
26 8
20 8
13 19
3 4
26 31
25 13
13 30
23 14
30 1
23 32
27 4
31 24
22 6
3 7
30 22
27 23
30 15
31 10
1 1
13 26
31 6
7 11
3 29
24 32
29 14
32 23
18 30
14 7
3 16
13 32
5 7
23 2
21 21
12 21
21 24
15 19
29 21
30 31
17 21
31 13
3 30
3 20
27 16
26 29
31 6
29 3
12 19
5 1
7 16
21 27
7 3
13 4
23 10
2 7
31 32
19 1
29 21
20 23
4 13
20 2
18 16
5 29
2 9
29 8
24 18
2 30
20 14
1 11
24 3
17 22
2 4
22 31
24 9
21 28
21 8
29 6
23 1
2 24
9 31
31 32
16 32
30 3
14 30
13 5
32 30
26 2
1 15
32 24
23 20
19 11
28 16
16 18
16 17
10 25
15 8
24 30
8 21
1 21
19 13
25 18
10 18
19 10
32 18
2 22
6 20
32 1
3 15
18 19
31 27
11 14
3 2
11 10
23 11
30 9
24 22
26 1
7 13
11 6
30 12
27 3
31 26
3 2
8 21
20 6
15 30
19 17
31 30
26 21
8 23
29 31
12 23
32 18
3 10
23 32
21 17
3 19
10 5
20 17
25 7
23 8
4 9
24 3
6 18
23 14
8 20
12 20
10 11
5 12
20 28
11 8
12 13
27 22
18 14
6 10
21 28
17 24
5 9
26 10
26 17
23 1
4 3
20 13
13 25
24 1
20 2
8 31
15 2
20 32
16 26
9 4
21 26
27 25
2 21
3 27
5 25
27 8
27 15
20 8
7 11
8 26
12 15
24 26
17 12
25 32
5 2
3 25
27 29
18 28
17 20
22 21
12 16
28 7
30 15
14 4
25 21
29 5
3 21
30 19