8
320
49 13
49 283
116 198
247 25
311 229
144 297
183 223
67 37
58 193
91 154
127 197
306 47
99 118
34 153
302 140
254 222
25 303
184 140
180 302
36 42
83 51
19 265
274 85
174 203
278 136
37 276
12 22
3 302
139 228
134 312
240 68
214 264
242 269
275 293
251 311
14 13
233 32
277 186
309 2
261 138
137 297
93 21
190 287
2 200
195 8
192 114
267 277
249 188
97 203
32 27
65 45
231 298
269 188
35 129
61 295
266 198
143 38
218 12
5 91
84 71
290 147
184 236
295 304
295 71
186 198
98 251
243 8
100 63
67 6
191 128
301 8
197 315
45 286
199 241
248 282
311 218
108 46
5 82
29 300
152 87
49 121
209 291
1 308
225 67
313 287
66 165
294 262
160 211
99 230
3 27
191 186
244 170
103 248
123 132
99 146
90 148
139 298
310 139
157 87
77 149
53 143
186 219
276 25
109 55
126 303
273 316
168 196
37 271
315 31
274 286
176 43
305 314
20 166
4 176
124 81
196 177
223 61
267 50
277 247
296 82
229 248
269 77
123 177
219 310
207 172
147 255
86 131
120 297
168 124
24 292
204 219
20 298
152 286
27 300
212 3
254 312
250 74
260 245
251 158
106 9
201 252
263 286
254 63
134 101
186 157
264 261
248 283
110 271
120 136
250 203
10 55
195 132
129 6
56 251
164 33
259 236
284 202
74 217
136 207
189 193
236 133
133 163
287 242
305 87
249 234
289 131
161 35
262 161
41 189
91 76
221 221
183 56
294 256
144 109
15 12
301 250
16 305
284 303
98 268
261 27
53 101
29 213
136 290
53 48
30 15
123 122
236 177
177 209
113 320
190 127
203 170
248 219
27 211
73 124
158 13
22 82
305 50
295 120
211 219
39 112
106 33
233 213
210 89
101 2
280 162
320 163
204 119
253 230
9 5
225 38
209 247
311 193
168 285
185 251
56 223
42 161
256 275
53 145
235 25
18 195
59 209
37 262
7 289
171 207
165 267
116 53
65 106
245 233
263 109
35 318
204 268
30 139
222 274
155 9
170 172
203 228
60 111
169 258
271 211
144 307
158 131
39 222
236 155
6 178
136 40
47 19
308 76
29 81
221 183
89 71
34 163
170 285
145 19
94 95
101 237
81 258
47 311
160 154
18 37
12 153
77 250
43 256
198 71
16 98
125 297
40 30
11 210
186 156
100 279
250 72
195 203
10 113
65 41
138 82
77 21
106 25
271 20
152 148
90 40
117 86
16 29
115 26
110 300
181 209
258 303
152 4
57 161
308 121
73 126
75 22
146 180
46 288
200 198
307 161
237 104
119 124
132 233
149 241
85 202
1 22
56 152
218 112
185 205
104 257
202 50
278 220
230 196
187 301
73 174
13 181
149 3
304 280
236 4
72 320
77 264
213 4
287 110
115 151
187 91
280 68
140 109
159 241
304 26
93 248
199 298
300 27
300 155
178 87
31 121
278 107
64 171
111 222
152 97
53 210
59 204
150 199
312 308
311 168
13 84
287 83
253 267
301 232
101 158
191 131
150 148
110 85
190 92
307 22
188 231
231 119
114 60
317 297
240 179
16 252
134 303
207 66
249 187
170 221
217 40
224 46
187 205
131 57
296 117
270 35
27 52
153 12
304 21
308 223
200 4
154 205
178 40
271 298
99 120
198 315
31 293
40 89
177 42
145 24
30 286
59 248
18 83
259 1
104 119
223 175
314 248
59 171
288 201
20 66
192 217
252 222
62 163
311 238
205 7
134 106
293 192
34 310
146 164
182 121
282 84
295 147
11 226
189 170
106 208
107 298
297 38
71 38
201 61
147 277
260 280
62 232
23 95
93 169
131 274
289 92
37 136
111 239
41 299
89 18
59 195
187 35
233 258
264 305
190 90
261 129
242 2
232 264
289 4
304 99
149 145
62 57
280 172
296 192
23 256
81 81
2 140
307 106
77 250
90 138
211 30
139 132
224 50
268 64
246 123
162 74
267 95
131 98
267 298
161 161
233 114
113 234
253 99
212 201
28 301
18 238
203 156
242 298
78 189
41 3
311 202
76 130
296 78
227 114
55 260
146 159
53 258
265 305
36 156
185 255
8 74
173 210
230 94
187 179
154 227
181 144
300 128
145 148
206 52
133 132
311 279
291 235
88 235
219 124
70 275
250 77
28 294
159 129
67 217
307 92
316 39
108 295
167 252
314 52
303 319
183 165
149 25
79 236
259 169
231 200
123 161
149 23
134 307
23 73
203 10
164 198
48 271
45 86
75 230
9 249
228 64
94 56
88 44
292 219
85 202
98 79
234 118
101 48
296 124
120 51
5 155
248 244
298 164
10 52
74 210
300 173
273 265
101 233
181 72
131 265
145 100
23 251
218 316
298 193
311 289
243 315
123 43
110 100
78 311
151 23
201 3
196 25
267 296
257 127
239 259
263 255
39 286
185 128
153 34
192 143
2 115
9 317
29 118
288 298
109 311
1 181
313 68
205 131
235 14
258 25
272 200
151 310
37 16
117 189
241 181
203 115
167 211
111 195
9 78
44 309
68 44
41 252
303 117
63 89
130 192
113 82
263 264
263 300
151 252
40 263
112 243
57 278
5 167
24 13
117 67
193 56
303 233
308 285
222 50
54 31
113 38
304 55
173 247
226 3
50 138
266 161
60 2
310 64
41 205
269 29
271 13
84 253
118 71
90 19
312 15
241 104
244 225
31 97
23 256
291 264
73 108
296 4
110 285
260 22
169 80
50 311
92 133
116 209
76 77
99 67
283 20
43 206
116 73
302 10
200 145
273 273
252 248
276 233
84 87
254 252
166 175
114 258
180 229
18 255
305 309
193 267
200 235
25 315
179 198
196 59
22 148
203 274
75 30
186 158
117 312
281 282
166 266
91 25
175 301
151 31
289 24
170 40
130 194
226 309
71 101
239 93
248 121
46 194
150 103
223 138
94 183
100 260
128 62
156 174
234 307
77 74
10 246
113 139
119 18
319 61
118 237
153 237
229 70
110 251
173 12
68 266
66 39
205 66
101 41
239 14
219 315
280 228
112 72
238 230
282 237
291 79
25 315
316 126
65 105
56 109
309 123
54 54
162 131
119 134
43 230
19 261
96 298
40 208
242 277
309 203
65 151
153 90
146 148
87 82
125 142
190 113
136 115
38 169
117 29
302 159
258 193
291 33
42 10
112 283
287 101
165 223
251 190
312 268
17 270
29 13
91 90
317 99
77 35
267 193
63 249
224 192
313 194
96 34
204 208
317 42
180 33
264 110
222 128
58 111
77 278
315 40
240 312
138 316
218 84
188 152
204 91
215 196
157 310
102 232
197 98
273 56
2 88
38 96
87 287
206 36
116 200
75 35
63 84
30 152
39 90
303 115
52 197
182 208
59 283
119 255
252 263
183 126
31 92
221 309
58 298
24 45
49 290
80 112
53 301
263 284
262 118
270 314
186 131
73 244
286 192
51 89
134 233
214 36
196 114
25 125
91 48
169 140
210 120
123 134
101 257
97 234
54 46
227 240
49 300
163 14
43 85
102 48
317 316
84 64
301 300
188 264
219 229
275 108
28 77
242 320
13 210
234 259
128 140
178 176
311 212
61 33
297 162
81 165
29 36
101 202
207 288
145 105
68 99
85 96
47 6
95 251
87 8
189 214
148 238
261 10
2 1
235 170
35 315
206 255
222 306
136 108
146 152
84 213
122 168
308 40
45 83
291 132
282 159
217 301
77 158
311 78
158 225
119 192
91 4
319 312
310 134
291 135
158 54
219 279
222 207
319 266
161 161
269 122
319 166
103 267
195 285
216 32
189 14
96 151
18 94
142 7
99 112
13 256
37 231
87 258
309 277
76 149
117 216
143 307
253 117
254 127
81 149
159 141
35 126
291 52
91 112
250 189
95 262
317 131
44 275
261 33
231 208
53 219
103 195
77 36
311 10
162 71
31 192
211 65
189 181
116 279
164 237
20 130
178 16
133 221
290 265
125 72
152 178
162 126
244 238
161 235
120 195
177 150
258 260
86 127
312 73
277 28
309 296
157 38
183 289
130 152
105 255
95 256
304 128
62 227
46 94
141 37
160 190
58 290
129 143
96 312
87 244
19 75
220 48
112 82
208 241
106 313
47 72
248 30
200 181
257 117
147 269
153 178
10 82
147 10
224 114
2 310
38 212
256 257
259 239
210 147
31 315
139 78
259 258
299 138
311 107
126 137
56 150
314 257
231 13
267 6
126 140
315 35
31 122
163 290
40 53
116 70
239 126
19 177
63 318
186 53
104 311
189 31
12 55
288 242
259 106
247 256
245 113
291 275
234 133
116 145
185 103
215 296
228 233
152 291
230 18
23 206
200 84
236 212
10 75
5 268
180 252
203 296
236 45
123 22
178 238
166 234
21 252
209 120
165 41
90 266
250 305
151 129
68 259
212 269
13 217
216 65
20 290
40 255
15 162
148 64
272 314
297 164
117 58
283 281
98 245
99 219
229 121
219 168
59 111
116 264
199 203
8 218
44 239
24 250
273 172
313 96
37 162
259 153
219 93
306 188
209 276
86 117
76 176
284 7
158 271
270 36
153 149
253 197
67 149
126 211