8
480
209 333
209 283
276 358
407 345
311 389
304 457
23 63
227 37
218 193
91 314
287 37
306 47
259 118
194 313
302 300
254 382
25 463
184 300
340 462
36 42
243 211
19 265
274 245
174 363
438 136
197 116
172 22
163 302
139 228
134 312
400 388
214 424
242 269
115 453
251 151
14 13
233 32
277 26
149 322
261 458
457 457
93 21
350 127
322 360
355 328
192 274
107 277
89 348
417 203
192 187
225 205
71 458
109 348
355 129
61 135
106 38
463 198
58 332
325 251
84 71
450 147
344 76
295 304
295 231
26 358
418 251
83 8
100 63
227 326
191 288
461 168
197 315
365 126
39 81
248 122
151 218
268 366
165 82
189 460
312 87
209 121
209 291
1 308
225 227
153 287
386 5
454 102
320 211
99 230
163 347
351 186
84 10
423 248
443 132
99 146
90 308
139 298
470 139
477 87
237 149
373 143
26 219
116 345
429 215
446 463
433 316
168 36
197 111
155 31
114 126
176 203
305 314
20 166
324 16
124 81
36 17
223 61
107 210
277 407
296 242
389 248
429 77
283 17
59 310
47 172
307 95
246 131
280 137
168 124
24 292
204 59
180 298
472 286
27 140
212 323
254 472
90 74
420 245
91 478
426 9
41 252
103 286
254 383
294 421
26 317
104 101
248 283
270 111
440 296
250 43
10 375
35 452
449 326
216 411
324 33
419 236
284 42
394 57
296 207
349 193
396 453
293 163
127 82
145 87
249 394
129 131
161 35
102 1
361 189
411 76
221 221
183 376
134 96
304 429
175 172
141 90
16 305
124 143
258 268
101 27
53 101
29 213
136 130
213 368
190 15
443 282
236 17
177 369
113 480
190 287
43 330
248 59
27 371
73 284
158 173
182 82
145 210
295 280
211 379
39 272
266 353
73 373
370 249
261 2
120 322
160 163
44 279
93 70
169 165
225 198
209 407
151 353
8 445
25 91
216 63
362 1
416 435
373 305
75 25
178 195
219 209
357 262
7 449
331 47
5 427
116 213
225 266
85 233
103 109
195 318
44 428
190 459
382 434
155 329
330 332
43 68
60 271
329 418
111 51
464 467
478 451
199 222
236 155
326 338
136 40
47 179
468 236
29 241
61 183
89 391
34 3
330 445
145 179
254 255
101 237
241 98
207 311
320 314
338 37
172 473
77 90
43 416
198 71
176 258
125 137
40 30
11 370
346 156
420 119
410 392
355 43
10 433
225 201
138 82
237 181
426 185
271 340
472 468
410 40
117 406
176 29
435 186
270 300
341 209
418 143
472 164
57 1
468 281
73 126
235 182
306 180
366 448
40 358
307 321
397 424
119 444
452 73
149 241
245 362
321 182
376 312
218 432
185 205
104 257
202 210
438 380
390 196
347 301
73 174
13 341
469 3
304 440
76 324
72 320
77 264
373 324
447 110
275 151
187 251
280 388
460 109
159 241
304 26
413 248
199 298
460 187
300 155
18 247
351 441
438 427
224 331
271 62
312 417
213 370
59 364
150 39
472 308
151 168
333 84
287 403
253 267
461 72
421 478
191 291
310 148
110 405
350 252
467 182
188 71
71 119
434 220
157 297
400 179
336 252
134 143
47 386
409 27
330 221
377 40
384 206
187 365
131 57
136 117
110 195
187 52
313 12
144 341
308 63
40 164
314 45
178 360
431 458
259 280
198 155
191 453
360 249
337 362
305 344
350 286
59 408
338 243
419 1
104 119
63 15
154 248
59 331
128 361
180 386
32 377
412 222
222 163
471 78
45 167
294 266
453 352
194 310
466 4
182 441
122 244
455 147
11 386
349 10
266 48
267 298
297 198
391 38
361 381
467 277
420 280
62 392
23 255
93 9
131 274
449 252
37 296
271 399
201 139
409 338
59 195
27 355
393 418
264 145
190 250
421 129
402 2
392 424
129 4
304 259
149 145
382 57
440 172
456 32
183 256
241 241
322 140
467 106
77 250
250 138
371 190
139 292
64 50
108 64
406 283
322 74
427 95
131 258
267 458
161 321
233 274
433 74
413 419
52 361
188 301
18 78
363 156
242 298
78 349
361 3
151 202
76 450
296 78
227 434
55 260
146 159
53 98
105 465
36 156
345 95
328 234
173 210
390 414
27 339
154 387
341 304
460 288
145 148
366 372
453 292
151 119
451 75
88 75
59 124
230 275
90 77
28 134
159 289
67 57
147 92
316 359
268 295
167 412
314 52
303 159
343 325
149 185
399 236
259 329
231 360
123 321
309 23
454 467
183 393
43 330
4 358
208 271
45 246
75 230
169 249
388 384
94 56
88 364
292 219
85 42
98 79
234 278
101 208
136 284
120 51
5 475
408 84
138 324
330 212
74 370
460 333
273 425
261 233
181 72
451 265
465 420
343 91
218 316
298 353
471 289
403 475
283 203
430 420
398 151
151 343
41 3
196 185
427 456
417 127
399 259
263 255
199 126
345 288
313 34
32 303
322 435
169 477
29 118
288 298
269 311
161 181
313 228
365 131
75 174
258 345
432 40
471 150
37 336
437 349
241 341
43 435
167 211
431 195
329 238
364 469
68 44
41 252
143 277
383 89
450 32
433 402
423 424
423 460
151 252
200 263
112 243
217 278
325 167
344 173
277 227
33 216
143 73
468 285
222 370
374 191
273 198
464 215
13 407
66 163
50 138
426 161
380 162
310 224
201 45
269 349
271 173
84 413
118 71
90 339
312 335
401 104
404 385
191 417
183 256
451 104
393 268
136 164
430 445
260 22
9 400
370 151
92 453
436 209
396 397
419 227
123 340
203 46
116 393
462 170
40 305
273 433
92 408
116 393
244 247
414 252
166 175
274 258
20 229
338 415
145 149
33 267
360 235
185 475
19 38
36 59
342 308
363 434
235 350
346 478
117 152
121 282
326 266
411 345
15 141
151 31
289 184
170 40
290 354
386 309
391 421
239 253
248 121
206 354
470 423
223 458
94 343
260 420
128 62
156 14
74 307
397 234
10 86
273 299
439 178
479 221
118 237
473 237
229 70
110 91
13 332
68 106
66 199
45 66
261 201
79 334
379 475
440 388
432 232
78 390
282 77
131 399
185 475
156 286
65 265
376 429
469 443
54 54
162 451
119 294
43 70
19 421
416 458
200 368
82 277
149 363
225 151
153 410
146 308
87 82
445 462
30 433
296 435
358 329
277 349
142 319
418 33
131 353
362 330
112 443
127 261
325 223
411 350
152 428
177 110
29 13
91 410
317 259
237 195
107 33
63 249
224 352
153 354
96 34
204 208
477 202
340 193
424 270
62 448
218 111
77 118
475 40
400 312
298 156
378 404
188 312
44 411
55 196
157 150
102 232
357 98
433 216
162 248
358 96
87 447
206 36
436 200
75 355
383 244
30 152
39 90
463 435
372 37
22 48
59 123
279 415
92 103
23 126
351 252
221 309
218 298
344 45
369 290
400 272
53 301
423 444
262 278
270 154
186 291
73 244
286 352
51 249
454 73
374 196
196 114
25 285
411 368
329 300
50 120
443 454
421 257
417 74
54 206
227 240
369 300
3 174
43 405
422 368
477 316
84 64
301 460
348 104
219 69
275 268
188 237
242 480
13 50
74 419
128 300
178 16
471 52
61 33
457 2
401 325
189 356
261 362
207 128
465 425
68 259
85 256
367 326
255 251
247 328
189 374
148 238
261 10
162 321
395 10
195 315
206 255
62 466
136 268
466 472
84 53
122 168
308 360
365 83
131 132
282 319
377 301
77 158
311 238
478 225
119 192
411 324
319 472
310 454
131 295
318 214
219 439
382 47
319 266
1 321
269 282
159 166
103 107
195 285
216 192
29 334
256 311
178 94
302 7
419 432
173 256
37 391
87 418
309 277
76 309
117 216
463 147
253 437
254 447
241 469
159 141
195 286
451 372
251 272
250 189
95 422
317 131
204 275
421 33
71 368
213 59
103 195
77 356
151 330
322 391
191 352
51 385
29 21
276 279
164 397
340 130
338 176
133 61
450 425
445 392
312 178
322 286
244 398
161 395
120 355
177 310
98 100
86 127
472 233
277 28
149 136
157 358
183 289
290 152
105 255
415 416
304 128
222 67
46 254
461 37
480 30
218 450
129 303
96 472
407 244
19 75
380 48
432 82
208 241
106 313
367 392
248 190
40 341
257 437
467 109
473 338
10 82
307 10
384 274
2 310
38 372
256 417
419 79
370 147
191 475
459 78
259 98
139 298
311 267
126 297
376 470
154 257
71 333
267 326
126 140
155 35
31 282
323 450
360 213
116 70
79 446
19 337
63 158
26 373
424 151
189 191
12 215
448 82
419 106
407 416
245 433
451 275
234 293
116 465
25 103
55 456
68 73
312 131
230 338
23 46
360 84
236 372
170 75
325 108
180 252
43 296
76 365
443 182
178 78
166 74
181 92
49 120
165 361
250 266
90 145
311 449
228 419
212 269
13 57
376 65
180 290
360 255
175 322
308 224
272 474
297 324
437 218
443 121
98 85
259 59
229 441
379 328
379 111
116 264
39 363
328 218
44 79
344 90
273 172
313 416
37 2
259 473
219 93
466 188
49 116
246 277
76 16
124 327
478 111
110 36
473 309
253 37
387 469
126 51