8
544
465 429
369 59
52 102
215 409
215 5
304 297
503 383
195 197
186 1
411 378
63 165
466 367
195 86
386 57
430 44
510 222
345 335
280 396
436 366
132 522
243 307
275 201
146 469
270 203
470 8
37 404
172 502
227 238
43 484
294 344
400 260
22 200
466 173
467 229
539 55
206 237
233 480
437 378
277 34
453 74
41 489
477 85
318 31
322 232
515 488
32 370
75 469
441 540
513 363
96 507
289 301
71 522
109 508
227 257
413 135
330 454
495 262
538 268
293 187
372 135
2 275
504 76
71 272
487 39
90 454
2 379
211 72
228 191
451 326
447 320
461 104
101 283
365 510
423 529
24 250
119 26
524 494
517 50
221 460
88 183
241 505
433 451
449 116
513 355
441 287
2 229
390 102
512 83
483 262
483 507
511 474
532 362
295 504
283 516
291 242
26 532
75 458
310 523
445 151
205 341
437 207
442 155
180 409
237 119
542 47
497 508
520 484
197 271
315 351
114 478
48 139
337 122
52 518
516 496
540 177
164 433
383 61
459 434
341 23
424 338
69 376
173 45
315 241
187 502
47 300
307 511
310 99
504 233
488 476
56 484
108 219
244 362
152 158
251 364
180 131
30 120
506 74
36 149
315 222
522 233
393 284
199 158
254 159
262 197
90 317
8 69
408 251
302 431
280 8
250 331
10 151
451 388
225 358
536 411
36 385
99 300
124 298
330 377
328 47
445 289
236 453
357 99
31 114
401 311
537 106
97 419
129 419
262 225
233 125
91 140
509 61
311 504
230 96
208 13
15 108
301 250
432 529
220 463
514 76
101 507
53 69
253 181
488 514
405 48
510 367
187 346
428 369
305 113
465 512
542 479
491 298
56 379
155 275
169 124
350 269
502 274
209 210
455 152
51 187
71 432
426 129
233 181
498 537
293 418
376 162
224 323
332 151
29 486
425 197
481 102
337 439
247 1
520 157
25 443
216 95
330 97
224 19
277 177
427 441
466 259
475 17
37 262
167 65
203 463
133 11
436 469
321 138
469 297
167 493
67 382
460 268
350 139
286 498
187 41
266 108
299 196
124 207
457 162
143 531
80 147
542 387
71 318
524 411
486 146
232 8
399 147
276 204
157 433
29 343
473 295
450 99
362 445
177 275
478 319
133 13
465 130
399 407
448 250
146 261
396 377
269 122
395 416
198 7
304 226
221 105
392 542
75 210
314 252
356 247
26 360
259 363
490 529
97 265
106 242
525 373
490 121
495 212
408 148
218 40
245 310
144 509
307 218
46 76
469 401
322 367
88 452
57 33
308 153
169 414
267 22
242 212
142 64
424 6
83 513
45 328
151 60
292 457
277 337
405 74
65 182
312 152
506 368
57 269
392 225
10 530
246 124
198 260
187 493
265 270
333 181
469 355
240 216
268 388
424 128
333 360
181 516
383 142
339 439
283 59
536 292
44 109
287 113
368 474
477 504
199 138
12 123
492 123
210 87
383 505
86 171
320 267
143 30
280 353
469 434
283 332
54 327
440 340
311 136
269 244
511 339
253 523
333 200
101 542
159 483
374 244
526 21
382 540
51 118
348 391
7 503
178 60
285 489
272 467
496 540
38 463
207 290
441 539
362 413
409 520
224 238
219 77
259 57
72 309
46 291
155 468
249 204
400 405
148 127
328 100
122 237
434 328
527 202
195 344
70 59
191 165
296 281
241 426
337 184
62 254
475 88
178 51
291 33
456 311
159 111
282 152
347 171
480 201
244 130
416 313
60 62
350 227
343 46
109 7
102 42
261 32
130 438
498 292
342 281
58 500
391 211
107 66
253 458
266 496
459 138
137 518
71 486
201 413
403 181
292 504
222 8
407 351
317 361
515 114
97 28
69 360
111 47
425 363
505 18
187 419
27 323
393 98
136 465
382 538
101 129
370 322
8 232
1 324
464 515
309 433
414 249
248 524
296 544
215 128
433 401
418 332
51 138
429 186
58 138
51 158
139 420
352 146
524 224
342 315
194 106
203 479
355 322
459 522
193 1
105 498
273 522
285 323
532 41
508 45
178 14
75 316
306 298
334 285
521 131
55 170
236 130
104 462
451 434
439 516
306 415
469 34
265 209
356 252
249 191
168 298
205 242
70 510
539 275
122 515
405 176
12 512
177 532
430 84
293 196
55 55
67 395
504 331
59 316
38 179
378 205
476 454
319 417
419 185
147 412
28 423
460 39
391 92
442 276
175 63
471 101
533 409
495 492
195 425
135 104
59 513
181 407
422 499
151 169
139 298
36 166
176 495
77 438
459 390
41 505
452 384
62 440
248 428
388 315
181 522
418 111
362 470
517 240
296 124
408 307
293 315
472 340
138 420
234 52
266 146
12 45
529 489
357 105
245 200
419 425
49 164
535 283
90 380
522 385
375 257
147 123
27 491
334 164
238 439
215 375
41 99
420 441
43 232
1 287
303 291
39 223
455 30
505 416
281 354
128 111
66 275
105 509
93 438
544 202
333 87
33 245
185 324
141 99
427 14
386 57
304 424
151 214
325 112
85 61
337 85
43 275
231 147
239 323
41 238
396 245
324 428
361 380
79 373
479 377
386 192
433 146
487 40
231 268
23 188
200 231
272 243
505 502
261 199
152 301
309 3
417 504
303 233
340 381
478 274
214 319
337 518
336 279
429 23
418 451
82 490
138 353
188 98
182 448
169 205
77 349
207 365
308 509
470 103
218 403
248 303
49 40
148 385
191 33
279 64
355 232
9 364
456 68
462 93
388 502
297 336
306 375
156 69
212 81
44 301
355 291
475 404
203 78
116 393
110 266
328 337
497 337
156 408
404 489
372 119
446 124
454 79
370 66
20 37
18 63
337 245
225 267
520 427
217 91
147 198
228 475
534 180
139 146
43 414
90 414
533 408
409 442
486 106
379 505
143 269
439 351
513 120
490 360
418 162
322 21
359 5
367 349
184 505
494 98
374 455
383 234
318 247
132 260
352 382
92 366
522 531
45 362
106 534
177 523
151 498
415 381
502 237
185 13
69 6
110 315
461 492
4 234
66 7
493 290
389 41
111 366
443 155
56 4
16 232
398 166
58 269
3 15
377 59
28 318
65 137
88 397
501 91
86 22
98 451
311 358
363 294
51 261
320 106
136 336
210 533
373 267
129 247
153 506
306 180
151 242
189 238
94 145
200 51
38 169
373 221
526 191
514 449
323 289
426 458
496 91
447 325
357 447
27 382
408 204
17 430
445 77
123 410
93 195
333 131
363 161
351 345
224 192
121 2
352 2
460 304
93 234
500 321
136 526
158 416
186 47
301 502
539 296
240 88
490 28
90 308
188 312
524 411
375 100
285 182
518 72
485 66
305 440
258 312
294 288
55 351
334 228
180 328
523 419
287 340
446 248
519 506
15 371
244 389
342 528
443 315
55 383
252 231
151 382
543 316
125 469
122 330
152 173
529 2
48 272
341 365
519 188
198 406
430 442
122 227
297 20
414 352
275 537
38 425
374 452
68 498
377 61
283 528
233 268
402 152
411 70
517 257
257 42
118 142
483 240
241 236
259 110
459 405
102 368
285 476
276 224
301 524
284 456
379 389
51 236
540 461
306 384
173 434
426 163
448 364
402 144
471 532
125 385
393 226
209 5
29 356
101 202
207 384
113 41
100 163
149 96
495 454
479 539
215 360
157 118
180 430
133 522
290 257
235 10
355 443
430 255
126 530
456 332
242 440
244 341
474 392
436 296
173 371
291 388
58 447
377 109
333 510
87 78
222 321
503 32
91 388
159 216
374 70
419 71
382 118
283 311
510 175
63 138
417 225
397 474
127 230
39 331
67 541
280 288
317 238
192 279
82 350
494 455
291 368
397 128
357 135
311 322
181 245
332 53
469 56
399 467
157 309
254 223
305 533
511 493
99 30
227 180
251 176
506 541
415 358
541 227
364 179
421 1
423 80
469 219
135 323
13 292
87 266
514 391
127 352
339 225
253 21
404 503
68 237
372 354
50 368
453 413
2 201
285 296
280 210
386 286
404 398
33 491
536 419
209 118
98 420
214 351
312 489
181 252
181 8
61 102
247 513
386 248
41 127
415 320
208 128
62 67
526 510
13 389
256 94
378 226
513 47
32 152
407 84
403 43
92 336
144 338
176 529
458 217
527 200
536 190
328 469
257 181
307 141
25 434
106 274
115 490
320 18
98 182
102 372
96 193
163 111
402 339
511 315
11 494
387 418
11 170
215 139
222 521
280 118
410 257
391 397
203 38
414 172
219 387
543 186
451 162
296 309
500 262
495 382
83 337
255 94
378 469
232 55
445 383
44 183
96 434
451 170
471 192
341 17
35 339
202 485
372 369
249 199
87 72
36 169
408 291
262 242
215 366
168 532
204 212
42 171
517 492
340 444
139 8
332 45
219 406
530 46
230 106
245 188
177 152
357 41
442 490
154 529
311 321
516 387
404 429
13 377
376 225
148 386
232 479
431 450
212 288
368 442
393 484
501 442
91 313
482 405
131 507
389 313
155 232
155 15
116 40
263 363
264 410
76 367
216 378
145 428
121 384
197 386
323 153
283 285
338 92
17 340
54 405
108 80
92 135
510 79
174 228
441 309
93 517
131 181
350 147