8
576
305 333
305 283
372 70
311 153
503 293
16 553
119 159
323 421
314 385
91 218
575 517
306 431
547 310
98 25
110 204
254 286
409 559
568 204
52 174
228 426
339 115
403 457
274 149
174 459
534 136
101 404
76 406
259 494
139 228
518 120
304 196
406 136
50 269
211 549
443 439
398 205
425 224
85 122
245 130
453 74
265 553
477 213
254 31
130 264
259 520
384 562
11 85
569 60
225 203
480 91
513 301
167 362
397 252
355 513
253 231
10 518
79 486
154 332
517 155
468 71
546 147
56 556
103 496
487 327
122 262
418 59
563 8
292 255
131 518
191 384
173 72
197 123
557 222
327 369
248 218
439 218
364 366
69 466
285 556
216 279
113 505
209 99
385 500
225 515
441 287
194 485
358 390
32 211
483 230
451 155
447 186
372 106
423 440
443 132
291 530
282 404
331 490
374 139
285 471
525 149
181 143
506 411
404 537
45 311
62 367
337 508
552 132
485 399
443 223
402 30
176 107
305 506
20 550
516 304
316 465
324 497
31 253
203 306
85 119
488 146
485 248
525 461
379 305
155 118
527 556
19 575
534 323
376 425
168 316
24 484
204 347
276 106
472 478
411 428
20 323
446 376
570 266
132 245
571 286
234 393
137 252
391 94
446 191
390 37
506 413
392 5
56 91
558 399
440 392
250 331
10 567
131 452
257 134
120 123
420 225
515 428
476 330
394 345
392 207
253 193
492 69
197 547
31 178
241 471
441 490
225 323
353 227
198 481
361 189
27 76
413 413
375 184
38 192
400 429
271 76
45 186
16 113
28 47
162 268
389 27
53 485
221 405
136 418
309 368
478 207
443 186
44 113
369 81
305 192
382 575
139 426
56 155
411 83
73 572
350 461
470 274
241 114
103 376
403 283
39 176
362 353
361 277
466 153
357 194
216 34
64 355
332 567
381 166
73 453
33 294
209 503
439 449
488 541
121 187
120 159
362 481
512 147
181 401
171 409
466 387
315 401
165 70
391 545
235 335
293 139
500 501
513 362
373 425
199 493
483 318
524 140
94 459
286 146
155 329
426 44
139 164
444 175
233 130
15 339
464 179
478 259
103 414
44 347
134 242
136 40
431 83
180 524
413 337
541 567
89 391
34 99
426 349
145 83
350 159
293 237
337 194
495 311
32 410
530 37
76 89
77 378
43 128
198 455
464 162
317 425
424 222
395 274
442 540
228 215
122 392
451 331
10 241
513 489
522 466
525 469
426 473
271 340
472 468
218 232
501 406
80 221
51 474
366 492
437 17
130 431
280 452
57 289
564 569
73 510
331 470
402 180
366 544
520 262
307 33
493 232
311 444
452 361
341 241
149 74
129 278
376 408
26 432
569 13
296 65
394 498
534 92
102 196
59 493
457 366
397 245
469 3
112 344
364 324
456 512
269 456
85 516
159 110
371 151
571 539
88 388
460 493
351 433
112 410
221 440
199 490
556 91
492 539
306 151
159 57
534 427
512 43
367 542
24 33
117 466
443 76
150 327
568 500
55 552
333 276
287 403
61 267
365 552
229 94
575 387
22 532
110 405
446 348
371 470
380 359
359 119
434 508
445 297
304 371
144 60
518 431
335 2
121 123
426 221
89 424
480 110
379 461
515 249
232 309
14 483
91 244
25 396
48 341
116 351
136 260
410 525
562 168
527 554
163 376
198 251
95 549
360 345
433 170
17 536
350 478
443 312
146 339
131 193
104 119
543 111
250 248
59 235
416 457
84 2
128 281
124 222
126 355
567 558
525 455
390 170
357 256
482 502
466 484
566 441
26 532
551 147
203 482
253 490
362 336
363 490
489 486
7 38
265 573
467 85
324 280
254 104
407 159
477 297
515 466
161 540
421 8
559 495
489 235
409 146
443 195
507 355
105 514
264 241
382 154
325 129
306 2
104 136
33 4
304 547
341 337
382 57
344 364
552 128
471 256
145 337
322 524
563 298
461 250
538 138
275 286
139 4
160 242
12 64
118 187
34 458
523 287
515 162
75 362
161 417
41 178
49 362
125 35
532 457
284 493
18 558
75 156
434 106
270 445
169 387
55 202
268 450
488 78
35 434
439 68
146 351
245 194
9 369
228 540
249 383
328 138
365 402
294 222
507 435
538 99
245 16
172 384
337 532
462 372
261 196
439 407
547 555
472 555
347 124
518 467
378 269
28 38
543 193
259 345
51 92
316 167
556 487
551 316
314 436
111 447
55 421
149 473
399 44
451 41
39 264
507 417
405 407
454 371
471 9
139 522
100 454
112 79
237 534
267 422
265 249
292 192
94 440
88 364
484 411
277 522
98 79
234 374
485 112
40 380
120 51
197 91
504 180
42 36
138 308
458 274
556 45
465 521
357 425
181 264
259 457
81 228
535 187
26 316
298 65
567 289
115 187
379 491
238 420
398 247
151 151
521 3
196 281
523 552
129 127
111 259
455 63
487 414
249 384
25 418
320 15
130 435
73 381
221 310
96 490
557 119
65 373
121 132
77 515
555 78
66 537
336 520
471 246
229 144
53 253
433 245
139 435
551 211
239 195
521 334
556 373
452 44
41 444
47 565
383 473
66 320
433 402
135 328
519 364
343 444
488 71
112 51
505 86
133 167
152 77
373 131
321 120
47 361
564 93
222 370
566 287
561 294
560 119
493 503
354 259
242 138
330 353
188 258
310 320
297 333
269 541
463 461
84 509
118 71
474 339
312 335
497 296
500 481
287 417
279 64
547 392
201 172
40 260
430 349
452 22
105 16
562 439
476 69
244 17
12 13
227 323
219 148
491 142
500 201
558 74
136 401
465 337
572 504
20 297
148 343
318 252
358 175
562 258
116 229
146 127
241 245
321 459
264 235
473 187
307 326
132 443
150 20
75 146
523 542
442 94
309 56
217 90
230 74
219 345
303 237
343 415
481 88
170 40
194 66
98 501
391 229
239 541
248 313
110 66
278 423
31 458
478 247
548 132
320 62
348 494
170 115
205 522
202 374
561 395
439 82
191 125
310 429
89 429
37 70
494 187
493 524
68 394
66 487
525 258
549 297
175 142
283 379
536 484
48 520
174 486
474 365
35 207
89 571
60 574
65 553
184 429
373 251
246 438
162 67
119 6
235 166
19 517
416 554
296 464
370 469
245 267
129 151
345 218
146 404
87 82
253 270
510 49
392 51
358 425
565 349
430 223
514 321
35 353
170 330
112 539
223 357
229 223
507 446
440 524
273 398
29 397
91 410
317 355
333 99
203 321
447 57
416 256
249 450
480 418
204 16
381 298
244 481
520 174
350 256
122 495
77 22
187 40
304 504
394 60
474 20
380 216
524 219
343 196
541 246
486 40
261 290
337 504
66 152
550 288
279 543
206 228
436 392
267 163
191 532
222 536
423 474
175 243
564 517
310 528
59 219
567 319
380 199
119 318
351 540
29 501
506 106
152 237
369 290
400 560
245 493
519 540
262 566
78 250
378 387
73 436
478 64
51 153
262 169
470 484
4 498
409 381
27 560
41 396
146 312
251 262
229 65
225 362
54 302
35 432
561 108
291 462
43 213
38 176
381 508
84 256
301 364
60 200
219 549
467 364
284 141
50 384
205 146
170 131
320 204
562 304
183 148
61 225
361 98
401 37
477 356
165 74
15 224
273 233
68 163
469 352
175 518
159 251
535 328
381 278
532 238
453 10
258 513
107 490
483 507
398 255
158 562
328 172
82 472
276 149
506 168
500 552
557 83
227 516
282 31
89 109
269 542
119 526
478 225
311 384
27 132
511 184
118 262
227 199
30 502
219 535
94 143
511 74
97 33
461 378
63 550
487 203
387 477
24 288
125 334
544 23
466 478
206 7
35 432
77 64
229 295
471 322
309 277
268 405
309 24
79 243
445 437
446 255
337 469
543 333
99 382
355 564
155 560
442 189
287 518
125 515
108 467
133 417
167 272
117 347
295 195
461 164
55 330
418 391
95 256
147 193
509 501
180 87
356 493
148 514
434 272
325 541
162 329
253 200
24 370
418 190
436 302
353 491
504 67
177 22
194 196
86 127
568 137
85 220
53 232
157 358
375 481
194 536
105 447
31 128
112 320
318 547
46 542
461 421
480 510
314 546
129 399
96 568
407 52
211 459
284 240
240 82
16 433
490 121
175 392
248 286
136 437
257 53
275 13
473 50
394 82
19 394
480 562
386 310
38 468
64 321
131 175
274 147
479 187
267 78
451 386
235 10
119 363
510 393
376 278
442 65
359 333
459 134
318 140
443 227
31 378
419 162
552 117
308 454
175 446
403 49
255 62
506 373
424 439
189 95
12 503
160 370
131 490
503 320
53 241
547 83
42 389
116 465
505 295
343 552
164 169
24 419
230 530
215 526
264 276
44 276
74 75
517 204
564 444
523 488
556 365
443 470
178 558
358 554
277 572
529 312
165 553
154 266
378 241
215 65
516 131
212 461
205 153
88 65
468 482
552 447
271 418
212 320
272 570
297 420
437 122
155 25
98 181
163 347
421 249
283 232
379 495
116 456
519 75
520 410
428 367
152 570
81 364
313 224
229 482
67 89
27 93
562 572
145 20
342 565
268 496
220 519
286 207
398 228
281 213
61 133
3 85
126 531