8
608
241 269
337 27
436 518
183 345
215 37
48 297
599 63
195 37
250 577
283 314
95 325
530 591
323 246
482 537
46 140
30 606
121 367
24 556
276 526
4 202
275 371
499 265
434 85
14 395
54 8
101 468
332 22
451 366
267 36
294 24
496 324
22 8
402 365
275 389
283 279
590 557
361 480
213 186
277 546
293 42
553 393
509 597
126 63
354 104
99 360
128 594
395 469
313 188
545 587
288 219
577 269
487 330
461 92
227 449
349 519
490 294
15 390
282 140
453 347
564 263
418 403
248 204
583 272
103 519
250 102
130 219
371 8
260 543
419 198
383 160
109 584
165 443
365 158
295 529
216 250
183 26
44 142
549 18
413 44
536 375
465 377
305 227
97 564
481 515
153 575
386 581
550 550
416 19
419 422
259 27
63 154
52 426
7 600
155 420
355 402
506 212
491 202
150 587
477 343
205 21
309 591
314 571
244 121
589 55
254 559
401 316
104 452
453 111
155 319
242 222
112 139
145 602
340 6
292 208
60 497
548 369
479 253
43 434
85 343
200 338
293 600
365 397
443 529
219 310
239 460
243 63
310 387
376 361
104 60
280 164
556 219
244 138
184 286
571 588
20 163
30 24
154 106
132 309
27 350
330 585
521 572
39 222
62 415
294 165
474 573
40 133
504 283
590 399
280 552
378 11
426 119
35 292
225 486
600 571
228 33
547 460
604 586
394 57
104 79
541 289
364 581
421 259
575 402
369 247
57 138
257 195
577 3
486 513
489 189
475 428
221 125
599 536
422 384
304 525
175 236
205 538
528 337
508 495
450 268
453 507
117 421
413 85
424 290
597 16
190 175
443 122
300 145
49 113
529 352
350 95
299 554
344 219
603 243
425 444
510 269
54 338
401 466
423 216
467 123
551 368
10 97
489 21
242 537
133 162
600 194
576 291
460 23
221 454
265 37
1 486
17 55
535 417
232 349
345 411
184 287
170 193
384 51
213 17
299 57
498 291
571 177
581 422
199 193
267 175
549 587
372 565
353 298
373 585
359 109
99 542
108 588
446 491
30 370
219 41
138 108
331 100
284 15
521 194
527 499
368 179
478 451
135 222
140 219
518 498
40 8
143 147
596 588
349 337
61 567
377 199
66 419
10 61
145 531
574 63
133 333
241 2
175 87
224 26
18 453
524 57
461 378
523 160
70 263
496 130
541 585
40 318
107 50
90 252
292 55
314 136
387 267
138 273
65 73
10 82
525 245
458 89
15 84
568 84
346 168
533 598
144 285
307 250
46 396
501 337
450 527
184 548
505 321
532 569
105 542
363 342
178 212
430 512
296 390
307 353
557 232
55 412
516 361
53 561
469 266
1 310
504 184
570 400
217 493
72 321
138 146
54 28
358 196
539 365
585 238
429 245
181 195
48 88
556 420
360 416
397 72
437 4
575 398
403 183
603 187
216 132
332 589
479 401
176 410
477 472
39 10
428 219
204 187
18 471
319 89
598 107
160 427
111 446
536 225
21 242
123 556
86 455
536 564
567 424
365 436
607 115
157 427
45 360
5 62
543 323
470 532
142 341
62 572
179 598
188 519
231 23
466 316
477 105
592 147
240 348
294 239
175 450
57 219
522 381
601 456
416 462
379 269
195 441
232 373
142 131
283 84
153 460
112 341
564 95
488 196
442 493
146 8
335 522
547 248
294 539
415 421
392 505
81 298
337 24
382 190
155 376
274 19
227 385
360 503
479 559
410 24
443 555
32 489
180 578
448 473
220 254
606 323
151 78
13 199
422 106
389 576
482 54
306 420
150 377
314 20
327 435
43 482
93 394
362 272
75 202
457 294
167 454
9 317
243 341
228 56
446 8
343 319
381 41
451 530
417 156
549 456
303 303
329 395
89 402
379 163
315 227
457 482
392 177
510 26
517 129
402 354
456 136
385 228
496 227
469 17
94 121
472 396
424 512
503 224
17 273
98 44
211 266
525 602
442 138
339 350
587 132
416 434
588 512
374 187
130 234
203 543
355 386
331 490
1 545
105 338
529 202
381 131
180 9
124 13
146 462
75 124
306 202
270 285
105 35
471 234
268 386
168 334
163 210
215 484
466 31
213 386
553 593
516 124
601 351
456 458
205 530
582 510
123 563
506 227
597 368
172 576
465 52
302 20
581 228
503 439
259 427
536 203
411 444
326 115
506 173
572 422
415 257
323 249
211 540
188 519
12 359
487 476
122 180
495 415
407 101
565 377
527 492
579 41
39 8
155 545
501 439
358 307
407 393
555 10
324 134
528 335
205 118
523 38
9 121
452 128
222 408
504 460
292 187
213 330
194 79
586 406
517 336
424 316
120 83
37 155
216 276
202 132
394 116
170 114
236 333
241 169
453 457
341 136
35 553
177 548
23 475
346 252
202 161
279 33
243 315
187 171
302 388
14 407
503 503
521 451
228 473
11 72
321 351
527 67
7 415
7 30
281 64
601 194
544 271
226 179
297 125
61 598
224 394
397 439
289 21
281 228
493 3
11 526
354 249
592 360
375 598
101 48
53 93
561 309
75 499
199 371
15 259
361 238
364 469
68 44
201 60
591 405
63 313
322 128
561 306
199 328
7 300
87 380
104 359
80 179
249 278
261 263
248 13
213 3
193 600
367 393
52 349
510 114
54 223
561 326
240 151
365 247
162 451
338 586
202 417
156 450
406 416
425 365
141 349
367 45
340 125
150 391
186 51
216 559
593 168
596 225
31 353
183 192
515 232
169 428
360 36
270 157
164 406
521 16
146 599
60 485
436 209
588 333
579 195
603 564
75 590
500 105
334 394
8 561
17 177
380 376
212 361
244 87
158 156
102 15
466 162
212 293
82 191
17 373
97 11
40 171
313 539
595 358
36 603
310 52
491 82
427 414
442 62
501 312
537 602
326 106
475 537
399 269
439 127
33 536
458 392
418 162
34 405
519 69
111 221
120 601
302 258
406 455
31 10
158 567
4 484
64 190
124 174
170 563
13 522
490 470
305 299
23 338
415 253
406 525
473 237
229 486
494 347
333 524
356 490
194 71
365 578
261 489
143 430
155 155
56 36
336 360
46 358
410 461
3 207
89 187
444 30
65 329
376 109
565 123
598 150
194 67
119 166
267 582
307 421
448 362
168 176
434 213
245 235
385 567
153 474
146 596
215 530
29 590
30 593
424 339
454 329
117 285
494 383
258 513
515 97
586 74
592 411
287 229
37 383
187 510
248 44
497 174
573 237
155 314
541 291
365 387
11 481
63 505
576 32
121 482
448 98
556 432
509 554
372 257
328 558
158 288
602 367
461 278
315 328
304 248
10 60
346 20
540 120
236 507
471 356
93 310
166 360
133 66
305 504
34 344
166 512
343 479
270 516
468 584
235 163
543 564
222 600
295 474
111 243
84 581
310 176
603 475
535 127
252 551
343 606
287 220
509 341
90 490
248 269
177 194
432 112
149 365
103 156
550 534
110 26
218 419
521 212
606 448
51 569
390 393
566 388
324 466
121 125
347 368
393 524
274 536
347 134
293 161
289 554
86 398
579 304
529 492
515 526
43 277
486 144
61 444
532 96
13 364
220 72
443 325
307 108
252 45
242 256
205 242
202 3
352 172
306 272
375 532
509 417
201 386
561 581
541 196
389 266
271 608
337 105
36 35
533 288
399 166
543 315
119 136
317 470
308 334
453 394
578 353
523 490
451 475
174 95
382 562
360 44
274 408
468 309
154 392
596 264
269 531
579 388
378 287
569 397
13 414
183 590
158 97
183 608
283 356
415 56
310 166
419 583
286 278
603 439
62 591
95 330
225 385
429 602
63 390
391 395
515 285
88 64
381 270
384 375
18 190
430 327
67 240
13 352
229 7
503 290
309 309
332 533
85 472
239 467
573 341
254 479
17 341
543 109
323 30
483 340
539 304
378 605
255 390
61 483
108 275
485 417
583 528
53 379
391 291
557 356
23 202
226 39
255 480
147 577
221 21
308 151
36 397
468 2
178 528
197 285
194 393
413 488
312 466
578 414
468 526
161 491
440 99
241 86
290 100
374 511
440 393
373 188
181 232
189 70
471 385
66 56
489 479
255 192
48 544
606 515
462 478
397 5
288 350
410 290
449 175
192 600
279 276
179 459
508 80
528 370
176 593
138 57
175 104
248 222
40 565
129 213
147 237
217 146
298 338
435 458
512 338
450 182
6 340
352 513
419 591
594 595
287 123
43 462
547 2
395 586
279 235
510 425
472 438
570 481
167 109
331 390
446 492
571 163
223 26
387 34
8 373
20 294
207 382
467 145
383 254
442 53
488 343
477 63
492 151
544 50
579 586
439 128
469 113
291 83
138 69
436 465
441 167
151 360
548 9
504 323
262 338
375 462
392 564
524 276
426 171
37 396
148 476
523 328
300 525
123 150
594 558
6 138
117 476
497 376
485 393
90 458
442 177
311 225
132 547
212 269
109 249
56 577
436 290
296 127
207 418
596 512
80 602
41 516
181 250
283 57
34 85
227 187
261 249
123 104
187 335
372 8
295 139
584 122
140 591
568 58
113 556
569 512
261 322
419 441
571 413
210 316
209 148
502 469
396 336
572 295
382 47
302 68
185 597
189 325
579 469
382 403