8
640
369 13
369 603
116 518
567 25
311 229
464 617
503 543
67 357
378 193
91 474
127 197
306 367
99 438
354 153
302 140
574 542
25 303
504 140
180 302
36 362
403 371
339 265
274 405
494 523
598 456
357 596
12 22
323 622
459 548
134 632
560 68
534 584
242 269
595 293
571 631
14 333
233 352
597 506
629 322
261 458
137 617
413 21
510 607
2 200
515 8
192 434
587 597
249 188
97 203
352 27
65 365
231 298
589 188
35 449
381 295
266 518
143 38
538 12
5 411
84 391
290 147
184 236
615 304
295 71
506 518
98 571
243 328
100 63
387 6
511 128
301 8
517 315
45 286
199 561
568 282
311 218
428 366
325 402
29 620
472 407
369 441
209 611
1 308
545 387
313 287
386 485
294 262
160 211
419 230
3 347
511 186
564 170
423 248
443 452
99 146
90 468
459 298
310 459
477 87
77 149
373 463
506 539
596 25
109 375
126 623
593 636
168 516
37 591
635 351
274 606
496 363
305 314
20 486
4 496
444 81
516 177
543 381
587 370
277 567
616 402
549 568
269 77
443 177
539 310
527 172
147 255
406 451
440 297
168 444
24 612
524 539
20 298
152 606
27 300
532 3
574 312
570 74
260 245
251 158
426 9
201 572
263 606
254 63
134 421
506 157
264 261
568 283
430 591
120 456
250 523
330 55
195 132
129 326
376 251
484 33
259 556
604 522
394 217
456 527
509 193
556 133
453 483
287 242
305 407
569 554
289 131
481 355
262 481
41 509
91 396
541 221
183 376
614 576
464 429
335 332
621 250
336 305
604 623
418 268
261 347
53 421
349 533
136 610
373 48
350 335
443 122
556 497
497 529
433 320
190 127
523 170
248 219
347 211
73 124
478 333
342 402
625 50
295 120
531 539
39 112
106 353
233 533
210 89
421 2
280 482
640 163
524 119
253 230
329 325
225 38
529 567
311 513
488 605
505 251
376 543
362 481
256 595
373 465
555 25
338 195
379 209
357 262
327 609
491 527
165 587
436 53
385 106
565 233
583 429
355 318
204 588
30 459
542 274
155 329
170 492
523 548
60 111
169 258
591 531
144 627
478 451
39 222
556 475
326 498
136 40
47 339
628 76
29 401
221 183
89 391
34 483
170 605
465 339
94 415
101 237
401 578
47 311
160 474
18 357
332 153
397 250
363 256
198 391
16 418
445 617
40 350
331 210
186 156
420 279
570 392
515 203
330 433
385 361
138 402
77 341
426 345
591 20
472 148
410 360
437 86
336 349
435 26
430 620
181 209
258 623
472 4
57 161
308 441
393 446
75 342
146 500
46 608
520 518
627 161
237 424
119 444
132 553
469 561
405 522
1 22
376 472
538 432
505 205
104 257
522 50
598 540
550 516
507 301
393 494
333 501
149 323
304 280
236 4
72 640
397 584
533 4
287 430
435 151
507 411
280 388
460 109
159 241
624 26
413 248
519 618
620 27
300 155
178 407
31 121
278 427
64 171
431 222
472 97
373 210
379 524
470 199
632 628
311 488
13 84
607 403
573 587
301 232
101 478
511 131
470 148
430 405
190 92
627 22
188 231
231 439
114 60
637 617
560 179
336 572
134 303
207 66
249 507
170 221
217 40
224 46
187 525
451 377
616 437
270 35
27 372
473 12
304 341
628 223
520 324
154 525
498 360
591 618
99 120
198 315
31 293
360 89
177 42
465 24
350 606
59 248
338 403
259 1
104 119
223 495
314 248
379 171
608 201
20 66
192 217
252 222
382 483
311 558
525 7
454 106
613 512
354 310
146 484
182 121
602 404
615 147
11 226
189 490
426 208
427 618
297 38
71 38
521 381
467 277
260 280
382 232
23 95
413 169
451 594
289 412
357 136
431 239
361 619
89 18
59 515
507 355
553 578
264 305
190 90
581 449
242 322
552 264
289 324
304 99
149 465
382 377
600 172
616 192
23 576
81 81
322 460
307 106
397 570
410 458
531 350
139 132
544 50
268 64
246 443
162 394
267 415
131 98
587 618
161 481
553 114
433 234
573 99
212 201
28 621
18 558
203 156
562 618
78 189
41 323
631 202
76 130
616 78
227 434
55 260
146 479
373 578
585 305
36 156
505 575
8 394
493 210
550 414
187 499
474 227
181 464
300 128
465 148
206 52
453 132
311 599
611 555
408 555
219 444
70 595
250 77
348 614
159 129
387 217
627 92
316 39
428 615
167 252
634 372
303 319
503 485
149 345
399 556
259 489
231 200
443 481
149 23
454 307
23 73
523 10
164 198
48 591
45 86
75 550
329 249
228 64
94 376
408 364
292 539
85 522
98 399
234 118
421 48
296 444
120 51
325 155
248 244
618 164
330 52
74 530
300 173
593 265
421 233
501 72
131 585
465 100
343 571
218 636
618 513
311 609
563 635
123 43
110 100
78 311
151 23
201 323
196 25
587 616
257 447
559 259
263 255
359 606
185 448
473 34
192 143
2 115
9 637
29 118
608 618
429 631
1 501
313 68
525 131
555 14
578 345
272 200
471 630
37 16
437 509
561 501
523 435
487 531
431 515
9 398
364 309
388 364
41 572
303 437
63 89
450 512
433 82
583 264
583 620
151 252
360 583
112 243
377 598
5 167
344 13
437 67
193 56
303 233
628 605
542 50
54 351
433 358
304 375
493 247
226 3
370 458
586 481
60 322
310 64
361 525
589 29
591 13
84 253
118 71
90 19
632 15
241 424
244 545
31 97
23 256
611 264
73 428
616 4
110 285
580 342
169 400
370 631
412 453
116 529
396 77
419 387
603 20
43 206
436 73
302 330
200 145
593 273
572 568
276 553
84 87
254 252
486 495
114 258
180 229
18 575
305 309
193 267
200 235
345 635
179 518
196 379
22 148
523 594
75 30
506 158
117 632
281 602
486 266
91 25
495 621
471 31
289 24
170 360
130 514
226 309
391 421
559 413
568 441
366 514
470 103
543 458
94 183
420 580
448 382
476 174
234 307
77 394
330 246
113 459
119 338
639 381
118 557
153 557
229 390
430 571
493 332
388 586
386 39
525 66
421 361
239 14
539 315
280 228
432 392
558 550
602 557
291 79
345 315
636 446
65 425
376 429
629 123
374 374
162 131
439 454
363 550
339 261
96 618
360 528
242 277
309 203
65 471
153 410
146 148
87 82
445 462
510 433
456 115
38 489
117 349
302 479
258 513
611 353
362 330
112 603
607 421
165 543
251 190
312 268
337 270
349 13
91 90
317 419
77 355
267 193
63 569
544 192
313 514
416 34
204 528
637 42
180 33
584 430
222 128
58 431
397 278
315 360
240 632
138 316
218 404
508 152
204 411
215 516
157 630
422 232
517 418
273 56
322 88
358 416
87 287
206 356
436 520
75 35
383 84
350 472
359 90
623 435
372 197
182 528
59 603
119 575
252 263
503 446
351 92
221 309
378 298
24 45
49 610
80 432
53 301
263 284
262 118
590 634
186 131
393 244
606 512
51 89
134 553
534 356
516 114
25 125
411 48
169 460
530 120
123 454
421 257
97 554
374 46
547 560
49 300
163 14
43 85
102 48
637 636
404 384
621 300
508 264
219 549
595 108
28 77
562 320
333 530
234 579
448 140
498 496
311 532
381 353
617 482
401 485
349 36
101 202
207 608
465 425
388 419
405 416
367 326
95 571
87 328
509 534
468 238
261 10
2 1
235 490
355 635
206 575
542 306
136 108
146 472
404 533
122 168
308 360
365 403
291 452
602 159
217 301
397 478
311 398
478 545
119 192
411 324
639 312
630 134
291 135
478 54
539 599
222 207
319 586
481 481
269 442
639 486
103 267
195 285
536 32
189 14
96 471
338 94
142 327
99 432
333 576
357 231
407 578
309 597
396 149
437 536
463 307
253 437
574 447
81 469
479 141
355 446
611 52
411 112
250 509
415 582
317 131
44 595
581 353
551 208
373 219
103 195
397 356
631 330
162 71
31 512
211 385
189 181
436 599
164 557
340 450
498 16
453 541
610 265
125 392
472 498
482 446
564 238
161 555
440 195
497 470
578 580
86 127
632 393
597 28
309 296
477 38
183 289
450 152
425 575
415 256
304 128
62 227
366 94
141 37
160 510
378 610
449 463
96 312
87 564
339 395
220 48
432 402
208 241
426 633
47 72
248 350
200 181
577 437
147 589
473 178
330 82
147 10
544 114
322 630
38 532
256 257
579 559
530 147
31 315
139 78
259 258
299 458
311 107
126 457
56 470
634 257
551 13
267 326
126 460
315 35
351 442
163 290
360 53
436 390
239 446
339 497
63 638
186 373
104 311
189 31
12 55
288 562
579 426
247 576
245 433
611 595
234 133
116 465
185 423
215 296
228 553
152 291
550 338
23 526
520 84
556 532
10 75
325 588
500 572
523 616
236 365
443 342
498 558
166 554
341 252
209 440
165 361
90 586
570 625
471 449
68 259
212 589
333 537
536 65
340 290
40 575
15 482
148 384
272 314
297 484
437 378
283 601
98 245
419 539
229 121
219 168
379 431
116 584
199 523
8 538
44 559
344 570
273 492
313 416
37 482
259 473
219 413
306 188
529 596
86 117
76 176
284 327
478 271
270 36
153 149
573 197
67 149
126 211