8
64
49 13
49 27
52 6
55 25
55 37
16 41
55 31
3 37
58 1
27 26
63 5
50 47
35 54
34 25
46 12
62 30
25 47
56 12
52 46
36 42
19 51
19 9
18 21
46 11
22 8
37 20
12 22
3 46
11 36
6 56
48 4
22 8
50 13
19 37
59 55
14 13
41 32
21 58
53 2
5 10
9 41
29 21
62 31
2 8
3 8
64 50
11 21
57 60
33 11
32 27
1 45
39 42
13 60
35 1
61 39
10 6
15 38
26 12
5 27
20 7
34 19
56 44
39 48
39 7
58 6
34 59
51 8
36 63
3 6
63 64
45 8
5 59
45 30
7 49
56 26
55 26
44 46
5 18
29 44
24 23
49 57
17 35
1 52
33 3
57 31
2 37
38 6
32 19
35 38
3 27
63 58
52 42
39 56
59 4
35 18
26 20
11 42
54 11
29 23
13 21
53 15
58 27
20 25
45 55
62 47
17 60
40 4
37 15
59 31
18 30
48 43
49 58
20 38
4 48
60 17
4 49
31 61
11 50
21 55
40 18
37 56
13 13
59 49
27 54
15 44
19 63
22 3
56 41
40 60
24 36
12 27
20 42
24 30
27 44
20 3
62 56
58 10
4 53
59 30
42 9
9 60
7 30
62 63
6 37
58 29
8 5
56 27
46 15
56 8
58 11
10 55
3 4
1 6
56 59
36 33
3 44
28 10
10 25
8 15
61 1
44 5
5 35
31 50
49 23
57 42
33 3
33 35
6 33
41 61
27 12
29 29
55 56
38 64
16 45
15 12
45 58
16 49
28 47
34 12
5 27
53 37
29 21
8 34
53 48
30 15
59 58
44 49
49 17
49 64
62 63
11 42
56 27
27 19
9 60
30 13
22 18
49 50
39 56
19 27
39 48
42 33
41 21
18 25
37 2
24 34
64 35
12 55
61 38
9 5
33 38
17 55
55 1
40 29
57 59
56 31
42 33
64 19
53 17
43 25
18 3
59 17
37 6
7 33
43 15
37 11
52 53
1 42
53 41
7 45
35 62
12 12
30 11
30 18
27 9
42 44
11 36
60 47
41 2
15 19
16 51
30 3
39 30
44 27
6 50
8 40
47 19
52 12
29 17
29 55
25 7
34 35
42 29
17 19
30 31
37 45
17 2
47 55
32 26
18 37
12 25
13 58
43 64
6 7
16 34
61 41
40 30
11 18
58 28
36 23
58 8
3 11
10 49
1 41
10 18
13 21
42 25
15 20
24 20
26 40
53 22
16 29
51 26
46 44
53 17
2 47
24 4
57 33
52 57
9 62
11 22
18 52
46 32
8 6
51 33
45 40
55 60
4 41
21 49
21 10
1 22
56 24
26 48
57 13
40 1
10 50
22 28
38 4
59 45
9 46
13 53
21 3
48 24
44 4
8 64
13 8
21 4
31 46
51 23
59 27
24 4
12 45
31 49
48 26
29 56
7 42
44 27
44 27
50 23
31 57
22 43
64 43
47 30
24 33
53 18
59 12
22 7
56 52
55 40
13 20
31 19
61 11
45 40
37 30
63 3
22 20
46 21
62 28
51 22
60 39
39 55
50 60
61 41
48 51
16 60
6 47
15 2
57 59
42 29
25 40
32 46
59 13
3 57
40 53
14 35
27 52
25 12
48 21
52 31
8 4
26 13
50 40
15 42
35 56
6 59
31 37
40 25
49 42
17 24
30 30
59 56
18 19
3 1
40 55
31 47
58 56
59 43
32 9
20 2
64 25
60 30
62 35
55 46
13 7
6 42
37 64
34 54
18 36
54 57
26 20
39 19
11 34
61 42
42 16
43 42
41 38
7 38
9 61
19 21
4 24
62 40
23 31
29 41
3 18
33 28
37 8
47 47
41 43
25 18
59 3
59 35
41 2
8 49
62 26
5 1
50 2
40 8
33 4
48 35
21 17
62 57
24 44
40 64
23 64
17 17
2 12
51 42
13 58
26 10
19 30
11 4
32 50
12 64
54 59
34 10
11 31
3 34
11 42
33 33
41 50
49 42
61 35
20 9
28 45
18 46
11 28
50 42
14 61
41 3
55 10
12 2
40 14
35 50
55 4
18 31
53 2
9 49
36 28
57 63
8 10
45 18
38 30
59 51
26 35
53 16
44 64
17 20
14 52
5 4
55 23
35 43
24 43
27 60
6 19
58 13
28 38
31 1
3 25
51 28
60 39
44 39
39 60
58 52
47 63
55 37
21 25
15 44
3 41
39 8
59 33
21 23
6 51
23 9
11 10
36 6
48 15
45 22
11 38
9 57
36 64
30 56
24 44
36 27
21 10
34 15
42 54
37 48
40 60
56 51
5 27
56 52
42 36
10 52
10 18
44 45
17 9
37 41
53 8
3 9
17 36
23 59
26 60
42 1
55 33
51 59
59 43
46 36
14 55
23 23
9 3
4 25
11 40
1 63
47 3
7 63
39 30
57 64
25 34
64 15
2 51
9 61
29 54
32 42
45 55
1 53
57 4
13 3
43 14
2 25
16 8
23 54
37 16
53 61
49 53
11 51
39 19
47 3
9 14
44 53
4 44
41 60
47 53
63 25
2 64
49 18
7 8
7 44
23 60
40 7
48 51
57 22
5 39
24 13
53 3
1 56
47 41
52 29
30 50
54 31
49 38
48 55
45 55
34 3
50 10
10 33
60 2
54 64
41 13
13 29
15 13
20 61
54 7
26 19
56 15
49 40
52 33
31 33
23 64
35 8
9 44
40 4
46 29
4 22
41 16
50 55
28 5
52 17
12 13
35 3
27 20
43 14
52 9
46 10
8 17
17 17
60 56
20 41
20 23
62 60
38 47
50 2
52 37
18 63
49 53
1 11
8 43
25 59
51 6
4 59
22 20
11 18
11 30
58 30
53 56
25 26
38 10
27 25
47 45
23 31
33 24
42 40
2 2
34 53
7 37
47 29
56 57
46 2
22 39
31 10
30 55
36 4
64 62
28 46
42 51
13 10
10 54
49 11
55 18
63 61
54 45
25 45
37 6
46 59
45 12
4 10
2 39
13 2
37 41
47 14
27 59
24 36
48 8
46 38
26 45
35 15
25 59
60 62
1 41
56 45
53 59
54 54
34 3
55 6
43 38
19 5
32 42
40 16
50 21
53 11
1 23
25 26
18 20
23 18
61 14
62 49
8 51
38 41
53 29
46 31
2 1
35 33
42 10
48 27
31 37
37 31
59 62
56 12
17 14
29 13
27 26
61 35
13 35
11 1
63 57
32 64
57 2
32 34
12 16
61 42
52 33
8 46
30 64
58 47
13 22
59 40
48 56
10 60
26 20
60 24
12 27
23 4
29 54
38 40
5 34
17 56
2 24
38 32
23 31
14 36
52 8
11 35
63 20
30 24
39 26
47 51
52 5
54 16
59 27
55 63
60 7
55 62
31 28
29 53
58 42
24 45
49 34
16 48
53 45
7 28
6 54
14 58
58 3
9 52
30 64
51 25
6 41
22 36
4 50
25 61
27 48
41 12
18 56
59 6
37 1
33 42
54 46
35 48
49 44
35 14
43 21
38 48
61 60
20 64
45 44
60 8
27 37
19 44
28 13
50 64
13 18
42 3
64 12
50 48
55 20
61 33
41 34
17 37
29 36
37 10
15 32
17 41
4 35
21 32
47 6
31 59
23 8
61 22
20 46
5 10
2 1
43 42
35 59
14 63
30 50
8 44
18 24
20 21
58 40
52 40
45 19
35 4
26 31
25 45
13 30
55 14
30 33
55 64
27 4
63 56
54 6
35 7
30 54
27 23
30 15
63 10
33 33
13 58
63 38
39 11
3 29
24 32
61 14
32 23
18 30
14 7
35 48
13 64
37 39
23 2
53 21
12 21
53 24
15 51
61 53
62 63
17 21
31 13
35 62
35 52
27 48
58 61
31 6
61 3
44 19
5 33
39 16
53 27
39 3
13 36
55 10
34 7
31 64
19 1
61 53
52 23
36 45
20 2
50 16
5 29
34 9
61 8
24 50
34 62
52 46
33 43
56 3
49 22
2 4
22 63
56 9
21 28
53 40
29 38
55 33
2 24
41 63
31 64
48 64
62 35
46 30
13 37
32 62
58 34
1 15
32 56
23 52
19 11
28 48
48 18
16 49
42 57
47 8
56 30
8 53
1 53
19 13
25 50
10 18
19 10
32 50
2 54
38 20
64 1
3 47
18 19
31 59
11 14
3 2
43 10
55 43
62 9
56 22
58 1
39 13
11 6
62 12
59 35
31 58
35 34
40 53
52 6
47 62
19 49
63 62
58 53
40 55
61 31
12 55
32 50
3 42
55 64
53 49
35 19
42 5
52 17
57 39
23 40
36 41
24 35
38 18
23 14
8 20
44 20
10 11
5 12
52 60
11 40
44 45
59 22
50 46
38 42
21 60
17 56
37 41
26 10
58 49
23 1
4 3
20 13
13 25
24 1
20 34
40 63
15 34
20 64
16 58
41 36
53 58
27 25
34 53
35 27
37 57
27 40
59 47
52 8
7 11
8 26
44 47
24 58
17 44
57 32
37 34
3 25
27 29
50 60
17 20
22 53
12 48
28 7
30 15
14 36
25 21
61 5
3 21
62 19