8
672
401 237
593 475
180 646
119 57
503 389
496 265
599 351
227 133
410 481
283 122
575 37
402 335
643 118
482 601
206 300
542 478
409 463
280 588
436 270
516 138
531 211
403 457
562 629
462 171
438 616
293 212
652 22
547 494
139 228
422 216
400 292
22 136
626 173
595 261
443 439
398 301
521 128
85 410
629 418
453 266
361 73
477 213
638 223
34 648
451 328
192 178
491 85
185 444
129 107
576 571
417 301
71 266
301 156
547 129
445 327
394 134
271 198
346 236
421 251
84 71
450 147
248 268
103 304
583 231
410 358
130 155
659 200
292 159
227 38
287 672
365 552
5 507
77 222
615 369
344 26
439 122
172 558
261 274
189 172
504 471
401 505
497 387
577 116
417 131
153 575
2 389
454 6
224 403
99 38
643 443
63 282
564 106
39 152
251 228
195 626
570 596
331 394
182 235
381 471
237 533
373 239
122 27
116 345
429 215
254 271
529 316
552 420
293 591
443 415
18 510
368 587
305 26
308 358
132 16
28 369
420 401
607 541
299 594
85 599
8 338
197 536
525 77
283 17
539 598
431 556
307 671
342 611
568 521
168 28
408 196
396 155
468 202
568 94
123 524
20 131
62 88
666 458
36 149
475 574
618 105
329 252
103 670
62 671
390 229
26 125
296 293
152 91
366 591
56 488
442 619
490 375
35 356
161 614
504 507
516 321
611 44
572 42
586 633
584 303
61 481
300 357
101 451
319 466
241 375
153 10
321 515
257 227
198 289
169 573
123 556
221 605
471 664
518 384
496 429
559 556
237 186
112 209
508 431
546 76
5 27
629 197
413 213
424 610
501 464
382 495
347 474
428 17
465 273
401 288
574 287
43 138
344 155
219 179
457 92
254 461
662 82
529 402
295 280
211 667
615 464
362 161
265 661
178 57
261 578
216 34
64 259
44 279
285 262
457 69
225 582
401 215
535 257
488 157
409 571
24 351
362 385
512 627
373 17
555 505
466 99
411 401
357 454
7 641
43 335
581 139
116 309
225 650
565 41
7 301
483 30
524 44
286 363
670 530
251 425
234 44
523 644
444 79
425 322
591 339
656 371
478 643
7 30
620 443
614 626
616 424
527 467
468 140
29 337
541 279
89 103
322 483
618 637
433 371
158 351
581 141
49 386
111 599
416 602
242 229
556 185
653 282
523 320
294 551
656 162
29 617
136 222
299 82
58 60
324 215
410 104
355 331
490 337
129 105
138 370
333 565
426 185
175 148
376 468
26 232
501 598
176 509
147 474
462 204
533 113
418 143
88 644
345 577
180 473
553 318
43 86
210 468
270 256
616 646
595 513
205 424
311 252
260 457
53 49
533 458
33 278
472 120
122 144
569 301
488 449
490 402
534 572
198 4
155 13
649 78
397 53
373 579
304 632
364 228
552 224
557 456
373 228
447 494
371 343
667 59
664 484
460 397
255 529
400 410
413 248
487 10
172 187
588 347
18 151
447 441
246 331
224 619
559 542
312 129
213 178
59 76
534 519
472 116
247 72
525 660
191 211
541 363
269 456
37 286
479 483
598 52
14 21
542 444
563 182
572 647
359 503
50 220
349 393
208 467
336 60
326 527
143 194
217 411
522 125
569 328
480 494
379 365
515 249
136 405
302 579
379 532
409 300
624 629
20 159
424 356
218 621
82 360
143 170
643 664
294 539
191 645
360 441
337 74
17 344
350 190
251 600
50 531
227 1
488 119
159 111
346 248
59 427
608 73
468 578
608 89
316 126
606 547
567 270
621 455
486 170
645 64
98 22
466 196
566 153
314 52
263 531
299 194
157 106
266 624
555 202
585 198
199 518
73 93
659 565
420 472
62 392
407 159
285 201
227 178
353 540
229 488
271 399
9 427
505 146
251 387
219 163
585 418
552 529
382 538
421 129
210 482
392 616
513 4
16 67
53 241
478 153
56 76
552 608
375 256
625 625
514 44
659 298
461 538
154 42
275 574
43 484
256 434
300 640
310 187
34 362
427 383
515 354
459 266
161 33
521 658
529 362
29 515
532 361
380 13
402 654
459 444
338 586
78 637
553 387
151 586
76 450
296 462
131 626
55 164
530 447
149 386
9 177
228 540
537 479
424 138
461 210
582 126
123 531
634 3
245 112
460 192
433 628
654 564
453 580
55 311
355 75
568 363
251 124
230 659
474 653
124 134
63 577
259 57
435 92
604 551
76 391
71 508
218 52
399 543
631 325
53 185
399 620
547 521
615 648
507 417
501 503
550 563
279 9
619 42
100 550
592 175
141 534
555 230
457 153
100 288
478 152
472 76
100 219
469 42
194 175
330 566
5 208
328 284
216 147
197 187
24 660
234 36
522 116
266 178
268 237
465 617
261 137
565 360
355 361
273 420
535 475
314 412
10 641
567 97
115 91
283 11
622 516
590 343
631 55
521 99
292 185
43 552
321 607
111 547
167 255
295 30
57 480
313 610
320 207
34 435
169 189
317 118
576 106
461 407
161 181
505 324
365 419
75 558
354 57
432 520
183 54
421 240
533 61
49 53
139 627
359 307
143 3
425 46
652 85
452 140
137 156
335 373
575 281
258 128
337 18
519 520
615 268
631 348
200 551
400 339
505 86
517 647
632 269
565 611
225 216
623 361
372 285
606 274
566 191
273 102
80 119
493 23
258 451
242 330
330 641
668 162
598 512
9 429
653 445
367 77
660 317
310 359
474 243
504 239
305 104
212 385
95 33
279 352
355 392
9 556
232 548
46 157
260 598
585 112
370 151
188 357
340 497
588 13
611 419
123 244
395 334
500 489
366 650
40 593
369 49
476 600
596 393
628 55
318 540
166 559
562 354
116 229
50 31
241 533
321 363
648 43
569 475
403 134
324 443
54 20
363 530
619 158
250 574
213 440
313 378
326 74
603 441
303 525
343 415
385 664
650 232
578 546
578 309
7 229
623 61
248 313
590 66
470 39
511 554
478 151
260 132
224 62
444 398
458 115
13 42
106 662
273 11
535 178
191 413
406 141
473 525
325 262
590 667
301 428
548 106
450 7
237 546
69 9
271 526
667 283
440 100
144 40
654 6
90 173
419 495
185 91
348 382
353 265
376 525
565 251
630 342
258 67
215 198
619 358
595 613
512 362
584 656
274 565
533 363
609 151
57 122
242 404
375 466
541 78
318 433
200 147
646 329
85 61
526 31
418 321
515 257
554 426
112 155
319 645
517 127
123 446
248 236
177 494
29 589
571 218
221 643
237 195
299 321
255 153
224 544
345 66
672 226
492 112
381 10
628 97
136 78
542 256
314 591
77 214
379 520
304 600
490 540
666 116
188 120
140 411
535 484
349 534
582 40
645 290
49 600
258 56
550 672
183 63
590 132
148 296
651 451
95 340
318 632
327 378
79 339
660 613
22 336
347 603
375 319
92 295
119 222
351 540
221 405
602 10
536 621
177 386
400 272
53 589
231 252
166 182
462 154
666 483
361 340
286 64
531 249
358 649
470 580
388 18
313 189
27 176
137 204
434 408
347 358
325 449
609 362
630 398
515 624
81 204
291 366
139 21
614 368
669 412
276 256
301 460
444 200
507 453
275 268
188 621
626 384
397 434
74 227
32 588
178 112
663 340
349 129
361 290
497 229
573 644
357 74
303 128
273 137
452 547
277 640
367 230
351 635
535 424
189 566
340 238
549 202
450 225
203 10
387 27
110 159
542 466
232 172
466 376
180 245
122 456
212 360
557 563
323 420
186 511
185 397
77 62
599 526
286 129
407 672
27 516
31 568
310 262
611 103
510 118
219 631
574 431
319 458
193 513
77 378
351 262
103 299
195 573
24 480
29 430
352 599
274 382
494 583
515 432
557 352
421 103
183 322
405 373
652 597
213 600
175 435
61 149
62 255
49 85
63 621
387 286
547 660
539 368
442 381
671 326
605 419
300 659
613 33
359 464
501 443
391 3
77 452
151 138
34 199
95 640
147 481
125 21
468 663
260 109
244 130
434 176
421 61
162 233
637 392
24 466
34 286
340 110
65 491
120 643
561 214
482 580
566 607
472 233
469 604
341 40
61 646
87 481
578 248
585 543
511 608
208 416
222 547
526 158
365 517
672 126
602 354
33 495
288 376
599 628
307 267
668 240
240 82
592 145
202 505
559 584
440 94
328 533
641 53
563 205
569 434
202 370
115 106
192 274
482 118
230 660
256 225
227 367
178 147
383 379
651 270
163 290
235 490
23 75
414 585
280 182
346 353
551 333
459 614
606 140
59 35
127 186
131 354
552 309
500 262
559 350
403 49
639 638
410 661
40 151
573 191
204 119
544 82
323 202
23 128
341 625
163 467
138 293
20 561
601 391
151 360
68 553
408 35
518 146
23 430
168 468
620 372
458 363
325 108
564 348
235 104
172 269
443 182
562 462
70 362
181 92
49 120
645 457
154 362
474 49
119 641
516 611
212 173
301 537
280 65
84 386
168 255
655 610
308 416
272 378
105 324
341 26
443 313
482 469
547 155
517 537
667 232
475 207
404 648
615 555
40 26
140 79
152 666
561 460
409 32
37 386
355 377
411 669
562 92
337 308
246 181
172 112
412 519
190 15
494 132
569 405
157 37
483 181
30 243