8
704
433 333
177 27
692 326
311 409
567 229
400 617
119 159
387 357
58 513
411 218
255 517
114 623
611 566
354 345
622 76
254 414
473 431
440 460
52 110
228 682
403 691
595 521
146 277
238 267
86 8
485 404
524 598
323 494
459 36
134 440
176 388
150 648
178 653
467 293
59 695
270 461
41 160
277 186
501 578
517 650
585 297
349 469
254 31
258 72
67 456
512 242
203 21
249 380
33 11
32 91
65 301
615 106
525 188
355 385
125 167
330 6
527 678
474 76
5 91
212 135
610 83
376 108
167 688
551 199
698 646
290 59
243 200
228 127
451 646
511 576
109 200
645 699
173 478
135 241
632 346
375 538
428 110
5 594
93 556
88 151
561 441
273 99
1 500
289 451
441 159
386 613
358 326
608 595
163 102
195 91
447 634
628 234
103 632
187 196
547 338
410 404
139 682
566 139
541 215
653 277
373 335
250 91
20 153
685 183
318 239
337 60
168 260
357 271
251 607
530 158
240 235
625 378
212 550
580 48
124 529
388 497
159 637
651 242
149 695
488 466
229 120
589 397
379 305
27 694
207 556
211 511
150 131
248 425
40 124
536 164
652 219
20 170
216 670
411 428
660 195
254 248
314 202
4 53
507 30
106 73
649 316
583 94
510 127
582 549
250 413
72 261
696 91
494 271
120 200
698 139
458 311
387 132
513 454
184 379
484 353
451 492
668 330
650 473
520 527
381 129
300 453
389 291
607 178
625 23
441 618
161 259
289 611
390 161
361 637
539 204
285 349
55 312
38 704
144 557
591 524
685 186
336 433
540 239
674 460
325 411
437 549
29 21
456 418
181 176
414 79
379 58
428 497
369 465
497 512
382 383
395 362
632 27
155 467
329 124
222 653
598 18
561 626
39 312
403 283
551 176
426 289
233 213
82 601
677 578
472 418
320 163
140 311
253 294
73 581
481 358
593 375
439 449
360 477
121 123
120 671
298 545
256 531
53 337
491 89
274 259
571 657
421 6
263 673
299 399
613 139
116 501
577 554
245 233
391 365
419 510
396 76
414 651
606 530
347 457
682 620
11 548
572 495
553 194
527 211
592 499
350 67
295 222
620 603
518 306
328 232
175 19
308 588
29 273
477 375
25 455
290 99
362 221
657 211
478 479
485 365
273 130
431 631
352 410
594 229
12 217
461 250
299 128
198 327
400 674
61 489
488 414
651 146
698 604
420 471
378 264
131 11
394 625
1 105
394 594
333 469
170 153
15 532
344 212
154 104
245 278
592 93
691 538
302 684
437 17
450 175
344 644
249 33
628 249
201 318
203 598
82 372
46 160
200 390
435 417
493 680
55 444
68 41
277 369
85 74
449 534
312 88
538 560
185 461
168 385
138 434
278 284
102 388
443 365
73 174
141 629
213 259
368 280
300 4
8 384
141 520
277 516
671 110
371 151
635 603
600 68
332 237
415 497
624 154
221 56
327 426
44 539
684 475
178 343
543 249
86 683
64 363
495 94
536 225
245 530
187 204
662 519
440 372
375 424
525 596
543 211
381 587
109 360
357 286
63 195
598 148
238 21
574 92
115 406
316 423
231 567
626 188
381 425
624 115
208 444
70 47
15 450
633 123
170 349
473 232
608 366
379 205
387 249
296 501
14 675
219 308
537 204
560 277
628 479
392 132
218 525
242 232
271 234
419 440
582 187
31 549
552 473
49 298
17 408
158 94
379 440
402 275
643 257
552 631
31 303
122 312
123 363
544 457
660 258
256 537
508 286
446 419
55 494
13 135
262 234
229 640
674 630
274 676
246 185
602 276
487 83
587 674
509 490
426 464
107 682
361 614
327 102
329 381
659 405
580 216
638 104
215 607
93 489
643 338
673 540
613 520
687 559
489 491
345 274
315 451
315 675
361 642
136 49
382 90
453 257
370 386
424 584
353 516
432 291
213 465
190 185
280 172
40 128
23 448
465 337
258 140
371 682
77 506
26 522
659 478
139 324
224 562
268 640
438 59
226 650
523 479
131 162
651 234
353 33
681 178
433 234
317 99
276 457
604 301
274 558
139 412
242 426
334 509
361 67
567 586
12 450
360 206
611 370
439 324
466 479
501 194
73 113
292 348
569 255
8 202
109 146
614 350
571 307
218 227
373 80
172 448
593 596
654 500
325 452
119 87
227 683
344 299
91 636
646 19
250 653
220 422
159 193
67 89
499 348
380 231
492 551
679 380
506 628
175 191
375 357
341 665
335 684
259 489
679 264
507 225
277 87
646 435
343 73
523 138
420 198
368 207
109 406
651 678
393 185
164 128
542 504
88 236
484 411
85 458
674 655
42 310
37 688
104 380
56 691
581 539
184 308
106 356
10 52
330 466
236 557
593 137
421 41
437 200
451 521
17 484
471 123
90 572
106 193
311 225
179 187
59 427
558 164
142 631
215 535
393 515
388 345
651 104
385 383
367 195
263 447
679 30
569 128
665 34
384 271
258 563
521 381
349 374
608 554
301 183
385 53
697 132
397 3
299 142
386 25
336 648
535 310
37 400
437 701
497 181
331 115
103 147
495 451
521 398
364 181
580 44
297 636
239 53
639 601
194 384
625 530
391 456
199 428
215 700
488 71
176 115
185 278
325 679
88 141
437 451
385 376
559 681
308 93
94 242
694 287
689 678
176 375
493 375
162 3
434 10
74 609
124 258
246 448
297 397
653 93
143 397
468 701
438 71
154 531
376 207
177 360
244 353
95 33
87 256
99 584
265 236
552 452
494 93
260 150
489 272
242 695
668 5
52 401
140 269
291 515
539 468
235 78
180 329
110 330
648 273
209 209
508 56
660 361
212 279
510 700
550 111
50 514
180 101
274 319
369 629
193 203
456 427
345 635
115 518
324 59
86 532
331 594
587 350
250 94
629 120
153 474
230 266
347 409
367 685
87 95
609 280
362 424
66 2
418 181
519 37
303 605
568 633
494 514
278 103
671 266
222 119
36 452
384 446
220 110
490 307
269 458
586 630
177 651
631 594
191 509
630 493
409 557
485 262
366 123
365 332
388 586
514 487
333 258
229 553
367 14
219 635
536 100
624 8
110 550
666 301
355 591
153 123
444 702
385 105
120 109
501 507
694 310
290 387
567 582
299 294
659 517
288 490
680 208
562 85
117 523
449 535
473 602
658 212
663 402
381 78
510 177
648 563
550 297
309 477
174 607
66 193
483 353
42 458
624 603
543 37
421 351
571 254
248 588
465 270
285 205
347 154
445 355
77 291
651 385
63 121
352 192
377 130
608 418
588 528
317 490
628 97
136 494
350 448
378 175
13 22
443 424
240 184
74 316
538 20
700 664
204 347
215 580
541 118
358 488
645 674
273 568
130 472
422 544
279 159
14 356
244 456
75 483
703 212
94 600
295 154
559 563
564 69
502 400
251 155
183 191
188 519
119 382
287 604
221 629
58 298
280 365
113 418
144 112
629 301
7 284
518 630
206 378
58 3
137 308
222 320
563 473
134 681
150 484
644 370
409 61
667 688
425 76
466 632
251 454
229 321
33 106
246 238
483 304
305 620
611 526
299 533
294 496
509 444
276 512
173 44
572 200
91 357
339 556
284 589
306 576
205 402
682 515
704 460
114 304
439 84
189 33
617 482
529 485
285 164
357 522
271 224
17 361
644 355
277 224
303 582
95 571
343 72
381 342
532 558
5 330
2 193
427 682
35 251
526 383
478 178
200 44
466 280
468 405
698 40
628 360
685 19
227 324
154 607
25 45
461 30
375 462
222 97
503 256
411 324
703 184
502 198
291 263
542 54
27 535
94 655
191 74
33 481
461 186
383 486
231 203
579 669
24 96
61 526
416 535
146 414
14 647
675 304
269 512
421 295
407 514
309 661
652 341
437 472
591 179
317 181
382 191
145 405
287 269
291 62
99 436
539 112
442 509
479 6
381 195
364 147
69 673
103 80
373 603
551 259
141 164
439 522
354 583
287 704
147 577
125 245
308 663
420 109
532 258
114 208
517 477
354 649
509 520
24 178
482 638
500 622
97 235
504 515
177 86
578 388
22 703
696 393
21 476
501 552
29 678
119 545
514 472
553 319
351 576
560 192
510 355
110 670
589 677
544 126
122 482
513 143
480 568
599 564
339 395
412 432
368 530
336 177
362 185
559 72
56 414
264 629
65 437
659 13
409 562
202 594
339 74
32 178
642 630
38 340
384 449
67 111
338 403
351 699
587 206
131 2
683 394
695 107
190 649
120 662
506 385
551 205
459 646
382 460
571 483
95 314
291 162
424 629
564 70
687 510
339 113
511 318
570 501
424 55
445 607
76 311
288 626
579 106
567 320
565 497
99 659
106 389
180 593
313 103
663 360
612 297
472 419
614 338
215 398
456 20
300 532
394 651
517 268
52 380
587 680
236 45
699 406
434 174
294 106
277 316
465 248
613 233
666 586
634 241
279 385
260 643
276 13
589 89
280 1
532 226
680 63
271 674
532 64
208 122
169 548
501 698
91 409
226 117
355 219
357 697
667 680
635 239
692 584
391 331
584 218
620 623
344 250
657 172
313 224
357 546
67 153
539 221
626 124
401 340
342 53
332 368
28 327
670 79
206 356
409 149
573 325
67 277
574 83