8
736
81 365
689 635
116 550
55 377
279 421
176 489
343 735
483 549
26 289
219 58
95 101
114 655
451 22
610 601
686 44
222 254
633 175
152 12
724 430
612 490
339 275
243 681
274 725
718 523
278 424
581 596
524 694
515 462
715 612
326 152
144 548
406 40
210 45
275 421
475 151
174 77
649 416
21 186
629 226
197 394
649 41
253 661
222 255
386 424
131 200
576 274
235 469
537 444
1 75
352 475
449 525
39 362
429 60
35 545
509 231
202 422
495 454
346 716
709 219
628 327
642 691
600 140
647 624
71 647
698 646
386 411
435 424
260 351
707 518
159 480
13 584
389 731
301 222
199 497
664 90
87 570
44 174
197 690
61 268
600 247
401 473
145 99
385 404
673 355
185 319
322 421
166 710
416 691
419 102
675 347
191 250
180 458
647 376
635 708
131 722
442 532
683 586
118 331
477 279
173 661
597 495
570 251
692 249
205 375
574 367
209 28
616 388
709 527
251 95
722 606
80 427
625 26
276 230
580 16
732 17
164 593
511 733
331 690
469 23
552 306
389 24
557 269
411 17
283 150
111 268
243 415
182 131
664 681
584 508
184 580
524 347
660 522
568 254
475 524
276 291
318 152
314 362
644 213
379 190
586 713
681 92
391 126
446 319
294 293
90 477
360 101
312 283
110 367
24 584
154 523
362 695
675 164
321 70
376 187
260 449
163 428
540 554
42 249
360 335
29 673
300 389
37 611
159 146
465 183
217 618
705 67
65 131
230 609
201 93
59 684
541 445
599 568
486 640
304 109
463 332
45 26
208 305
124 367
674 588
37 155
693 229
445 21
360 674
629 48
254 175
731 282
620 81
113 369
721 416
702 447
235 10
696 443
539 83
297 476
670 333
118 114
49 562
135 408
723 251
679 464
650 161
9 21
242 121
389 226
24 578
160 259
76 343
189 614
425 485
577 582
305 695
183 353
8 317
249 219
56 191
682 705
352 691
725 593
299 601
306 323
667 689
581 6
295 33
619 207
5 683
276 309
129 458
661 137
263 173
579 318
588 12
510 203
702 722
283 489
74 588
75 4
540 143
9 322
399 115
528 627
62 291
199 190
12 347
550 274
8 392
79 595
404 588
285 593
61 567
345 135
418 643
362 445
273 371
254 671
709 45
561 34
335 247
224 570
82 261
108 89
653 410
171 544
486 455
400 546
509 233
168 414
363 530
346 636
388 599
570 584
643 619
618 465
353 329
522 434
589 117
10 729
527 404
24 276
122 648
309 118
144 701
531 506
718 140
405 369
2 463
440 132
569 321
84 185
137 606
107 214
722 116
206 736
520 230
499 129
141 72
471 508
36 265
277 17
629 170
609 630
120 312
250 688
121 333
360 257
426 690
470 636
70 164
635 77
393 398
429 21
693 387
528 728
652 292
232 544
685 328
661 292
127 174
243 247
731 91
728 420
44 685
543 337
112 442
637 728
103 554
236 59
204 251
274 343
31 729
374 715
320 299
271 670
696 1
181 178
315 396
86 359
344 628
183 680
333 84
159 659
125 395
205 328
645 478
159 675
694 532
142 501
318 636
435 278
636 103
455 439
498 540
61 329
656 467
496 252
38 655
399 162
313 603
714 445
569 136
608 526
667 237
291 249
136 725
14 259
91 692
697 76
720 245
404 639
712 164
154 237
306 552
399 106
643 376
550 475
735 645
264 153
145 42
401 504
254 638
27 568
594 211
643 577
456 535
479 655
186 120
155 491
672 41
84 578
640 633
540 638
30 291
55 174
333 679
166 74
581 192
642 438
626 36
502 569
570 244
487 243
363 130
221 522
170 304
587 74
425 390
199 454
681 253
115 501
420 280
574 264
695 479
189 585
3 690
417 572
197 392
303 47
521 523
569 178
315 419
475 3
73 674
680 241
414 58
5 97
562 578
584 520
545 36
592 547
213 497
606 633
152 172
680 160
183 736
561 497
642 524
723 202
461 666
442 362
211 446
683 36
512 530
44 544
54 123
354 266
619 447
163 258
619 330
641 289
329 690
273 234
477 259
660 425
188 365
50 398
299 732
658 298
14 701
105 67
87 458
332 194
168 718
451 274
311 580
50 127
533 322
585 273
580 508
697 255
360 234
653 658
230 574
219 467
26 323
533 112
268 352
529 660
334 244
421 132
87 471
259 107
280 107
379 124
614 563
602 237
60 6
383 513
579 89
243 92
636 263
428 167
615 220
314 212
463 223
343 37
181 89
143 460
195 9
71 296
571 673
21 119
678 403
119 9
491 362
100 390
624 527
45 726
235 582
425 185
68 256
222 248
344 588
708 27
85 42
322 143
202 566
261 144
456 380
152 435
229 475
88 340
490 356
330 724
202 242
172 493
497 617
229 329
693 200
355 41
465 164
183 155
730 668
298 449
535 673
147 27
411 459
590 164
302 407
151 727
649 547
484 633
427 712
225 383
399 67
647 351
231 94
505 448
249 290
384 47
226 531
297 125
477 150
512 266
557 151
257 693
697 228
589 611
427 302
258 313
368 168
151 598
485 656
309 733
433 181
267 147
199 563
271 675
713 46
428 21
196 684
201 380
399 277
255 313
578 736
625 210
391 40
295 140
183 92
360 103
272 627
249 470
677 519
632 653
53 323
161 472
495 361
116 157
126 370
470 703
593 582
400 247
109 695
610 291
274 458
394 545
348 642
502 288
649 621
429 189
207 77
660 701
662 39
346 51
632 303
241 488
372 641
223 481
87 96
259 584
553 140
616 388
46 381
164 182
265 80
370 695
156 293
148 81
556 717
355 451
507 596
427 142
724 649
622 298
232 369
145 49
508 24
436 41
628 87
222 156
166 79
338 322
596 485
626 415
465 469
353 235
552 43
601 539
179 710
324 411
342 468
683 114
491 606
154 382
693 600
25 122
678 586
667 537
335 45
439 287
513 56
10 552
322 610
578 501
583 165
399 189
632 345
302 610
214 679
479 394
542 503
516 484
352 670
508 174
202 211
685 202
266 694
17 587
567 594
575 637
22 237
89 141
69 614
14 507
557 492
164 362
482 167
109 322
101 617
495 302
315 443
728 580
624 8
654 454
90 493
355 111
217 667
252 510
545 265
280 589
245 443
214 726
610 547
311 198
651 294
723 229
224 714
296 112
210 213
53 299
193 631
633 410
562 148
407 594
637 686
446 145
616 147
358 713
181 157
174 95
450 385
547 673
586 106
272 59
319 325
357 735
219 478
408 268
625 302
125 13
251 58
381 355
429 3
331 609
159 505
192 96
377 2
256 226
108 528
285 650
340 129
648 558
606 544
90 719
109 438
219 584
720 600
202 412
90 532
284 472
524 475
55 164
701 310
614 296
101 162
209 440
514 344
486 608
375 63
590 708
724 72
555 707
159 244
382 472
263 154
207 275
116 261
662 80
59 539
375 159
188 71
87 190
415 60
61 277
122 138
248 333
433 290
304 592
533 173
327 284
550 22
46 666
506 707
233 564
734 608
211 409
678 297
598 580
580 658
121 189
59 368
521 492
146 312
571 166
485 385
449 522
406 494
451 176
689 684
3 686
43 437
358 208
733 220
52 64
365 396
252 648
251 261
627 396
572 461
562 544
109 498
330 3
480 44
178 432
215 404
605 257
105 226
465 325
669 4
613 522
623 128
433 137
612 323
21 448
271 582
255 603
567 584
605 310
628 270
229 330
162 97
75 490
547 539
302 703
30 178
488 652
530 408
276 405
218 296
116 712
365 371
579 196
442 447
729 557
717 222
151 142
318 225
119 128
251 420
319 280
598 70
419 391
702 694
283 183
254 399
159 618
257 225
301 698
671 294
519 139
3 157
504 320
381 622
672 119
306 254
398 167
547 80
45 512
261 327
183 514
213 565
620 469
53 408
655 211
189 661
350 191
81 117
511 685
227 670
67 532
411 464
186 221
31 230
221 291
44 627
293 257
455 400
213 731
71 131
429 260
55 42
450 135
383 448
83 609
605 149
404 279
100 77
724 354
306 208
133 349
98 649
93 40
312 306
258 606
660 686
129 715
216 67
337 598
2 644
694 607
280 585
373 604
661 360
221 454
55 353
290 152
489 383
415 64
176 160
670 99
110 286
77 549
576 638
634 66
545 591
672 312
663 532
179 587
156 624
304 210
464 593
586 217
463 488
280 638
648 437
1 245
211 301
57 274
426 178
339 458
32 498
34 694
294 436
32 449
323 559
146 51
639 731
267 366
707 34
491 618
695 715
350 169
280 630
442 193
71 269
651 326
30 172
283 547
607 538
483 194
360 629
244 262
111 734
115 81
31 606
186 725
584 535
157 351
652 87
544 722
579 682
311 96
117 81
643 723
618 389
404 465
281 135
727 616
132 105
696 163
710 146
151 46
168 532
396 84
106 427
293 684
372 604
43 712
172 173
187 278
562 590
6 330
725 220
209 344
325 169
506 522
538 145
567 705
676 451
276 269
141 569
216 1
660 482
712 95
655 162
596 704
240 602
297 452
309 730
59 633
162 53
643 187
197 697
379 360
411 655
628 40
711 331
40 634
300 239
216 442
625 76
409 352
165 194
67 473
187 349
594 572
625 724
22 85
684 624
444 583
30 559
622 4
153 149
637 453
387 341
158 499