8
800
49 333
49 603
436 38
247 345
471 389
304 297
23 543
67 517
218 673
731 154
287 37
466 47
739 598
354 153
622 140
574 222
25 623
24 460
660 622
356 682
563 211
179 585
754 245
654 523
118 136
677 756
172 342
3 462
139 708
614 312
400 388
534 424
562 109
435 773
731 791
654 493
553 32
277 506
629 482
581 298
617 457
253 341
350 607
2 40
515 168
352 114
107 437
89 668
97 523
192 27
65 45
71 618
429 348
675 609
381 455
106 198
463 358
538 12
165 91
404 231
610 307
344 716
295 784
135 391
506 678
418 571
723 488
740 703
387 166
511 768
621 168
517 635
525 606
199 241
248 602
471 58
108 366
325 402
349 460
792 407
689 761
529 611
1 468
65 387
633 127
706 5
294 422
640 371
579 390
163 27
191 186
84 650
103 408
603 452
419 146
410 308
459 138
470 459
157 87
397 789
213 303
346 59
276 185
429 55
126 143
433 316
328 516
517 431
475 671
434 446
16 43
305 474
180 326
484 336
764 81
676 177
383 221
587 210
757 567
616 82
709 248
749 237
763 17
219 790
687 652
787 255
246 291
280 777
168 764
664 132
44 539
660 778
312 446
187 620
212 3
254 472
250 554
260 565
571 478
106 9
681 92
263 126
734 543
454 101
506 317
584 101
408 443
430 271
440 616
90 203
170 695
675 772
449 486
536 571
164 193
579 396
284 42
74 217
136 527
669 193
396 453
293 3
447 722
625 87
89 714
289 611
161 515
582 161
201 669
731 716
61 61
663 696
454 736
464 589
15 332
781 410
336 625
764 783
98 588
421 187
53 261
349 213
776 130
373 528
350 655
443 762
716 657
657 369
593 320
510 607
203 490
568 539
667 531
73 764
318 493
502 722
305 50
135 280
531 59
359 432
266 353
393 533
210 249
101 2
120 162
160 323
204 279
413 70
9 485
385 678
529 87
151 33
488 285
665 571
696 223
202 161
576 595
693 785
395 345
338 515
59 49
37 262
327 449
331 687
485 267
116 213
705 266
245 393
103 109
515 798
684 268
510 459
62 754
795 9
650 332
523 708
380 111
169 258
111 51
144 147
318 611
359 222
76 155
166 178
616 680
527 499
148 236
509 561
541 503
569 391
34 643
650 765
305 19
574 415
421 717
561 738
527 471
160 154
178 677
332 793
557 410
43 256
198 551
16 738
605 137
680 190
331 530
506 636
100 279
250 72
195 363
10 273
385 521
778 562
397 661
106 505
271 500
312 468
250 680
757 406
16 189
595 346
270 300
181 369
578 783
792 324
697 1
148 281
73 126
395 22
786 500
526 608
200 38
627 1
717 584
759 284
772 553
629 241
405 362
161 182
696 152
58 592
505 205
424 577
682 370
598 220
70 676
27 621
713 654
173 181
789 483
464 760
236 644
552 640
557 264
373 4
767 430
595 471
187 571
600 68
140 749
639 561
624 666
733 88
519 458
620 507
140 635
18 727
31 121
118 587
384 491
591 702
472 737
373 210
59 524
630 199
472 468
311 648
333 244
287 403
253 107
461 392
741 478
671 771
150 788
110 85
30 252
787 502
188 711
711 599
434 540
797 457
560 659
656 92
454 143
47 706
249 507
650 541
537 520
64 686
507 525
771 537
776 757
590 515
667 52
313 652
144 661
308 703
520 164
794 525
658 40
431 458
99 280
198 635
351 613
520 409
337 42
145 664
350 286
379 568
338 243
419 481
104 279
383 175
794 728
699 651
768 681
660 66
512 57
252 62
222 323
471 558
365 167
774 266
453 352
34 790
146 4
22 601
282 404
775 627
331 226
29 650
106 688
267 618
297 518
231 518
41 701
627 757
420 600
222 72
503 255
413 649
611 434
449 92
37 776
271 719
201 299
569 658
539 35
27 35
553 258
104 145
510 730
101 129
82 322
552 584
129 164
784 739
149 785
382 537
760 652
456 512
503 576
721 241
162 300
627 266
557 730
410 618
211 510
299 292
384 50
428 64
566 763
2 714
747 735
451 258
587 458
321 641
233 594
433 394
93 259
212 201
188 621
18 398
683 316
242 618
718 669
681 483
631 682
396 130
616 398
387 754
55 260
146 639
53 578
585 145
36 796
345 575
168 714
173 50
230 414
667 499
634 547
181 464
780 128
145 148
526 532
453 132
791 599
771 395
728 555
539 764
550 435
90 717
348 614
319 129
227 537
627 412
636 359
428 615
487 572
314 212
303 319
343 645
469 665
239 396
419 329
711 520
763 1
789 663
614 307
343 393
43 170
4 678
528 431
45 566
555 710
329 409
228 224
254 696
88 44
292 59
725 202
578 239
554 118
101 368
776 444
760 371
165 315
248 244
298 644
10 52
554 690
460 333
113 265
581 553
661 72
611 585
625 740
23 731
58 476
298 33
471 609
403 635
123 203
430 420
398 791
471 503
681 483
36 345
747 616
97 607
239 259
743 415
199 766
345 608
793 194
192 463
2 595
649 477
349 278
448 298
269 471
1 501
153 388
45 451
555 494
258 345
752 200
311 150
517 656
757 509
401 501
523 755
647 371
431 195
649 78
44 469
548 44
521 252
783 117
703 89
610 512
433 562
263 744
263 780
151 572
40 103
272 563
57 118
485 487
664 333
117 707
353 216
303 73
468 285
542 370
374 351
433 358
464 695
653 727
226 3
50 618
106 321
380 162
790 64
201 205
749 669
111 653
84 413
278 551
250 19
472 175
721 104
84 385
351 737
663 576
291 264
393 748
136 324
110 125
740 662
329 240
530 791
92 613
756 369
716 557
739 387
283 660
43 366
596 393
302 10
520 145
273 113
92 408
436 553
84 727
414 412
166 495
754 258
660 709
178 575
465 469
513 747
680 555
665 475
499 518
36 219
662 308
683 754
715 670
506 798
597 472
761 762
166 266
571 25
175 301
151 191
769 664
490 200
770 354
226 469
71 261
239 733
568 121
686 34
790 743
383 138
414 343
100 580
608 222
156 334
74 307
77 394
170 566
593 139
119 18
159 541
278 397
473 397
69 710
430 411
653 12
548 266
706 199
45 66
421 201
399 494
59 475
440 228
592 232
718 710
602 77
451 79
25 475
476 446
385 105
56 589
469 603
54 374
2 451
439 774
203 390
19 261
416 458
40 208
242 757
469 43
385 471
473 410
146 148
407 82
605 462
670 273
616 275
198 169
277 189
142 479
578 513
291 193
522 330
752 763
287 421
5 223
91 30
632 588
177 590
669 333
251 90
157 419
717 355
587 193
543 729
224 672
793 514
416 514
44 368
477 682
340 33
104 430
62 288
218 591
77 438
475 680
80 632
298 796
538 84
188 632
364 411
55 356
477 470
422 72
37 98
753 376
482 408
358 96
247 127
686 676
116 360
555 195
543 404
190 632
39 730
463 755
692 517
662 368
539 283
439 575
732 743
503 766
351 412
61 149
538 298
24 205
209 130
400 752
533 141
583 124
422 598
430 314
666 291
233 404
126 672
531 409
614 233
374 516
196 434
665 285
731 688
489 140
370 440
443 454
581 577
577 554
374 206
67 240
49 300
643 174
523 725
582 688
157 156
404 704
141 620
188 424
59 229
115 428
668 557
82 800
333 210
554 259
768 620
498 16
471 692
541 193
617 322
81 325
29 36
581 522
207 768
145 265
548 259
245 416
367 326
415 251
87 168
509 54
788 558
421 10
2 161
555 170
35 635
46 415
222 626
136 428
146 632
244 693
442 488
308 360
365 723
611 452
442 319
57 781
77 478
791 78
638 545
599 672
731 644
639 152
470 774
131 615
158 374
59 599
62 367
159 426
641 321
429 282
639 486
263 267
515 605
696 352
349 494
576 631
338 414
782 7
739 112
173 96
37 231
247 98
149 757
76 789
277 56
623 467
93 437
734 607
241 629
159 141
675 286
771 212
251 752
570 189
415 742
637 451
524 435
101 673
391 528
213 219
583 35
237 676
471 170
482 711
351 192
51 225
29 21
436 279
324 557
20 290
498 656
293 221
290 745
445 232
472 658
2 606
244 238
481 715
760 515
177 310
258 580
86 287
152 73
117 28
629 136
317 678
343 609
450 632
105 95
415 576
304 768
382 547
206 414
461 517
480 190
378 290
769 463
576 472
87 244
499 715
380 368
592 722
528 241
106 633
687 72
408 190
40 341
737 597
307 749
313 338
490 242
627 10
704 754
482 790
198 532
256 577
99 399
50 627
191 155
459 78
579 418
619 618
311 107
766 617
56 630
154 97
71 333
107 326
286 140
315 35
671 122
163 770
520 213
596 710
719 606
339 497
223 158
666 533
264 631
349 671
12 55
768 82
739 426
407 576
565 273
611 435
394 773
756 465
185 103
375 456
708 713
152 131
70 18
663 686
200 564
556 212
170 75
645 108
500 252
683 616
76 45
603 22
18 558
486 554
661 412
209 120
325 361
250 746
730 465
631 129
228 739
692 749
13 537
56 65
340 290
680 415
335 482
788 704
592 474
457 4
437 218
123 761
578 725
259 59
389 441
539 168
379 431
116 744
519 523
8 58
364 239
24 250
273 12
153 416
37 162
419 473
379 93
786 508
369 596
566 757
236 656
124 167
638 591
110 356
313 469
413 677
707 789
126 531