8
832
433 781
561 27
756 6
119 601
311 37
400 745
119 799
643 549
250 449
283 218
575 5
754 495
291 630
418 409
558 268
830 30
89 559
56 12
564 46
484 746
787 755
659 73
722 469
494 11
86 648
229 532
652 150
195 814
779 484
390 376
624 388
406 712
818 333
595 421
379 247
334 333
41 160
405 762
501 770
645 458
585 41
157 277
62 223
258 712
707 520
256 498
779 533
249 764
737 11
224 283
129 557
487 170
589 60
803 129
701 615
586 454
527 742
730 588
133 27
340 711
418 467
376 364
39 496
167 775
506 262
226 635
819 712
676 447
643 518
575 512
301 200
5 699
109 606
327 113
504 666
823 90
300 238
325 338
733 492
280 279
625 377
785 611
129 628
97 771
313 543
322 485
742 326
352 723
803 550
707 475
383 570
564 554
679 56
763 580
419 82
730 212
331 682
694 459
349 663
269 661
373 591
186 155
788 537
45 759
126 623
273 508
360 4
101 207
763 735
658 222
816 555
305 314
404 38
644 752
572 81
452 113
671 637
139 498
213 55
296 338
677 568
717 205
571 689
283 374
591 108
467 447
534 771
632 809
680 444
600 420
524 219
404 234
728 542
731 812
596 195
190 312
762 778
388 373
635 670
618 265
649 252
711 350
62 511
198 741
122 797
200 517
56 603
622 655
184 520
634 651
586 695
131 388
641 390
760 315
228 417
579 748
668 458
138 729
8 335
509 1
172 709
517 227
351 306
753 535
697 554
353 323
289 355
710 801
745 509
283 12
93 733
631 632
230 768
400 237
143 76
237 314
656 625
412 175
802 332
581 667
757 805
29 213
328 738
181 112
286 335
123 250
236 625
49 465
561 448
574 703
395 810
56 219
475 467
265 444
798 13
150 594
689 178
807 184
787 27
167 112
234 161
361 341
786 409
805 514
728 418
256 291
268 183
381 742
649 645
225 486
529 375
119 385
424 93
441 251
824 607
362 225
768 723
565 721
171 409
274 67
699 401
357 134
583 737
43 271
421 139
628 117
385 746
501 809
711 109
99 702
588 332
798 523
222 402
283 265
682 556
331 548
124 559
681 578
335 595
16 627
734 515
743 286
428 283
134 306
264 232
47 19
564 12
413 657
285 695
89 135
418 291
554 413
721 403
30 223
37 45
17 770
559 631
224 26
786 229
332 217
461 250
107 64
134 519
720 418
253 681
424 542
11 146
826 732
420 23
122 328
67 11
266 497
513 361
394 466
589 597
554 89
15 532
24 148
218 616
437 342
464 733
51 474
750 44
373 337
66 367
536 4
249 801
372 761
201 766
267 662
530 820
750 416
520 774
435 609
557 40
823 60
772 41
533 689
789 778
65 22
184 600
730 432
441 269
232 641
74 370
470 476
358 260
59 749
201 494
397 629
405 259
688 344
300 260
72 256
77 8
149 132
479 46
563 87
187 667
600 260
204 109
607 433
368 666
221 440
327 490
108 731
748 667
114 87
799 57
214 43
64 363
175 414
280 609
501 338
315 140
470 519
248 244
823 488
77 212
799 275
573 75
45 488
741 158
447 707
86 660
622 21
62 668
435 342
444 807
679 631
114 316
317 233
432 179
592 508
262 559
655 2
633 699
362 413
729 808
160 814
635 653
3 697
488 437
78 803
411 628
601 396
816 789
628 415
136 388
90 269
818 744
271 490
483 632
70 379
479 101
360 153
753 234
17 280
542 798
251 824
594 723
387 577
680 55
159 687
314 120
123 299
32 265
660 514
768 729
764 414
702 163
567 622
397 455
774 810
421 192
802 182
786 228
630 505
282 788
359 467
75 354
637 810
618 464
363 554
233 294
7 102
457 573
595 725
68 536
702 488
599 671
541 553
771 338
225 220
293 456
559 239
809 363
217 466
699 579
59 99
41 66
72 369
510 666
261 577
242 130
104 8
673 644
432 611
21 529
702 185
152 428
424 832
663 512
337 529
130 268
499 42
333 570
410 714
275 670
331 516
672 434
396 384
118 699
162 138
395 735
323 418
331 618
289 33
297 498
433 426
765 99
340 137
668 749
18 110
459 348
498 170
654 61
553 771
759 714
76 194
616 270
611 818
55 772
722 223
437 322
521 369
420 28
505 127
648 394
237 274
742 734
443 435
666 163
373 592
748 320
657 404
590 436
261 516
375 151
739 683
344 427
219 764
454 595
762 269
156 38
415 769
771 729
371 476
764 615
108 679
103 764
122 692
367 255
375 613
277 153
463 620
579 553
423 72
315 353
213 343
390 627
151 201
523 522
676 454
304 783
173 278
587 166
9 825
420 256
606 696
408 108
484 27
533 74
98 719
298 182
229 688
680 380
56 243
773 603
696 116
426 740
394 180
74 274
172 365
529 649
101 809
629 584
3 329
529 804
215 699
154 316
554 1
567 481
243 507
251 811
494 676
590 759
23 535
201 67
68 601
715 168
577 511
623 451
711 191
423 94
57 448
281 482
320 15
130 563
393 253
413 54
800 42
813 695
577 53
761 516
653 515
555 270
194 217
720 72
279 310
37 336
757 317
689 117
203 691
551 595
111 131
649 78
44 501
772 620
425 572
175 117
255 601
386 320
817 274
263 264
455 300
471 252
488 199
368 691
57 86
325 167
88 141
117 131
513 760
623 105
500 797
94 754
566 479
113 422
624 375
557 247
546 195
370 74
394 737
764 450
694 256
489 653
269 477
783 653
404 573
630 71
410 723
696 15
241 808
308 33
223 33
151 768
99 392
9 364
168 644
814 29
772 342
681 80
818 503
732 389
116 529
332 397
291 195
283 532
43 590
436 265
622 458
72 593
17 81
124 184
724 809
84 535
318 764
614 175
306 514
436 421
82 767
817 245
1 267
648 43
729 251
179 390
580 251
150 596
203 274
779 798
250 30
501 440
665 282
614 10
667 217
431 621
23 287
33 24
426 552
770 322
674 117
711 421
239 29
184 441
302 2
406 423
735 778
30 567
228 644
576 766
732 46
426 755
205 330
778 630
49 715
119 722
703 701
310 109
729 365
421 70
366 699
493 268
644 522
706 743
333 322
677 233
367 270
27 571
472 804
240 520
558 358
282 429
227 591
409 827
124 702
65 489
568 429
629 379
118 502
290 323
823 6
427 230
147 453
672 618
296 80
178 21
309 459
321 407
89 730
402 212
471 338
573 206
766 369
456 755
742 617
117 605
622 543
2 641
35 673
298 330
624 475
351 101
101 543
507 62
440 780
273 782
285 717
155 90
125 483
717 35
267 1
639 57
416 512
569 450
224 34
780 16
509 170
820 481
712 494
542 192
442 687
141 598
443 168
560 568
650 444
474 84
444 152
12 27
535 580
349 758
486 168
773 162
337 760
514 88
294 96
151 607
782 164
244 392
331 803
831 20
414 344
807 730
495 691
628 197
310 144
827 795
311 767
828 519
567 382
607 732
477 629
506 298
792 621
561 162
592 560
181 45
71 28
646 438
590 442
506 67
457 500
734 768
307 601
454 41
150 100
644 626
729 189
91 688
809 652
722 440
251 774
485 193
801 170
630 558
611 304
497 236
803 398
43 149
166 368
189 316
468 704
813 236
60 776
795 741
467 684
348 717
626 704
77 466
42 579
64 652
50 560
759 724
829 801
41 162
337 101
349 676
677 202
783 736
145 745
516 611
469 32
367 262
735 315
599 776
61 662
596 814
261 394
578 257
235 490
291 571
462 511
286 306
712 236
82 728
20 597
378 488
628 616
621 531
99 388
346 159
89 813
141 350
375 718
606 609
247 64
219 708
447 504
182 326
611 263
94 630
731 471
286 527
255 74
97 225
333 442
383 422
423 395
643 669
152 416
445 398
352 535
274 798
206 455
163 816
589 256
485 487
599 770
53 725
716 149
117 88
463 371
381 757
766 191
593 85
607 77
355 830
611 628
667 816
122 829
671 710
125 323
236 595
133 289
487 720
309 475
807 771
717 356
695 650
546 455
607 192
531 129
61 309
756 727
164 749
596 706
626 720
69 29
482 73
189 8
792 498
354 638
308 238
161 171
760 579
497 534
642 68
534 703
248 329
469 284
245 232
157 742
823 225
642 472
169 831
351 128
368 576
766 675
814 798
13 613
416 382
186 98
449 719
800 568
87 308
19 331
540 48
240 530
144 49
42 313
751 264
440 286
8 245
129 693
83 13
473 370
266 530
467 586
416 306
322 502
614 212
704 321
259 815
722 403
735 763
715 654
67 194
811 74
311 811
638 393
824 150
762 129
679 269
715 134
574 76
635 227
287 378
419 546
360 309
116 262
111 702
787 177
63 766
122 373
744 759
765 607
780 567
736 626
707 490
759 320
565 433
547 19
810 133
436 209
441 423
471 424
292 425
600 355
358 722
727 142
520 532
748 468
138 523
133 12
180 60
331 616
364 749
507 214
50 110
422 362
533 764
785 696
357 553
218 586
314 817
727 1
516 515
340 525
205 473
536 257
404 738
40 767
655 546
20 576
528 442
105 100
245 762
795 601
482 53
227 667
37 825
539 424
507 47
116 584
391 523
8 794
300 751
600 826
337 620
569 736
101 546
3 345
475 669
818 828
593 84
662 629
76 240
220 455
158 207
206 548
729 85
509 197
3 149
190 211