8
864
593 333
17 571
84 646
599 153
791 293
592 841
407 735
611 421
602 673
91 218
863 229
18 143
547 22
386 601
110 780
542 286
697 559
856 780
340 174
516 714
51 691
691 457
562 437
462 747
246 136
101 692
364 118
835 494
139 804
230 696
304 772
118 136
50 557
499 837
731 151
686 781
425 512
373 122
533 418
453 362
553 553
189 501
254 607
130 840
547 808
672 850
299 373
569 348
513 203
768 379
801 589
743 362
685 252
67 801
253 519
298 806
655 486
442 44
229 155
468 359
546 723
344 844
679 496
775 327
698 262
706 635
851 584
580 255
419 230
191 672
749 72
197 123
557 222
615 369
824 218
727 506
76 654
69 754
285 844
216 567
689 505
785 675
673 500
513 227
729 287
482 197
358 678
320 499
483 518
451 443
735 762
84 394
135 152
731 420
579 530
570 404
619 490
662 427
573 759
237 437
181 719
218 123
116 537
621 599
638 655
625 508
552 708
485 687
443 799
690 606
464 395
593 218
20 838
228 592
316 465
612 497
319 829
203 18
85 407
200 722
197 824
813 749
667 17
155 694
815 844
19 863
822 611
664 425
168 28
600 484
492 347
564 394
760 766
411 428
308 611
734 88
570 266
420 821
283 574
234 681
137 252
679 94
446 479
102 613
506 701
680 581
632 379
558 111
728 104
538 619
298 855
707 452
257 710
408 123
420 225
803 140
476 618
682 57
680 783
253 769
204 69
485 835
31 178
529 759
729 202
513 611
641 803
198 481
649 189
603 652
413 125
375 472
326 192
112 141
559 364
45 762
16 113
316 47
738 844
389 603
629 485
797 405
424 130
21 656
766 207
443 762
332 401
369 657
593 480
382 287
427 426
632 443
123 83
73 860
62 461
182 274
529 114
679 88
691 283
327 176
74 353
73 853
754 441
645 482
504 610
352 67
620 567
93 742
649 165
321 294
209 503
151 737
200 829
409 475
696 735
650 769
224 723
757 113
747 121
178 387
315 113
453 70
679 545
811 47
293 715
788 501
801 74
373 137
487 781
195 318
236 428
670 459
286 146
155 617
714 332
139 164
444 175
233 706
303 627
752 179
478 259
679 414
332 635
134 818
136 328
719 371
756 524
413 625
253 567
377 103
34 99
714 61
721 83
350 159
293 237
337 770
495 599
320 410
818 37
364 89
365 666
43 704
774 455
464 162
605 425
712 222
107 562
730 828
228 215
122 104
451 43
10 529
225 777
522 178
813 469
714 761
271 340
184 180
794 232
789 118
656 221
339 762
366 204
725 593
418 431
280 452
57 289
564 281
649 222
43 182
690 756
78 544
232 262
307 609
493 232
311 732
452 649
629 817
437 74
129 854
88 408
26 144
281 589
8 65
394 498
246 668
390 772
347 205
169 654
397 245
469 291
112 56
76 324
456 512
845 168
85 516
159 110
659 439
283 251
88 676
748 781
63 721
688 410
509 440
199 490
268 667
780 827
306 439
735 345
534 715
512 619
367 254
312 609
693 178
443 364
438 327
280 500
631 552
45 276
575 691
349 843
77 264
805 382
287 675
310 820
110 405
158 60
659 470
668 71
647 695
434 220
157 297
304 371
432 348
230 143
623 578
121 699
426 509
665 712
768 110
667 461
515 825
520 309
14 771
379 244
601 396
48 341
692 351
712 260
698 525
850 456
239 554
739 664
198 539
95 549
648 345
145 746
305 248
638 766
155 600
146 339
131 193
680 407
543 111
250 824
635 235
416 457
372 290
704 569
412 798
702 643
279 846
525 167
678 746
69 832
482 214
754 196
854 153
602 532
263 435
491 482
253 490
74 624
363 778
777 774
295 614
553 573
179 661
324 856
542 392
407 159
189 297
803 178
449 540
709 296
559 783
777 811
409 434
155 771
795 67
681 226
264 817
382 442
613 705
18 290
680 424
33 4
304 835
629 337
94 57
632 652
840 128
183 832
145 337
322 524
851 586
749 250
538 714
275 286
139 292
160 818
300 640
406 187
610 170
523 287
227 738
75 650
449 705
617 178
625 74
701 611
244 169
860 781
18 270
651 156
146 394
558 445
169 99
631 778
268 738
200 78
611 722
727 644
146 63
821 770
585 657
516 828
825 95
328 426
365 114
582 510
507 723
538 675
821 304
172 672
625 820
750 372
261 196
151 407
259 555
760 843
347 412
806 755
90 269
316 38
831 481
547 57
339 668
316 743
556 487
551 316
26 436
687 735
631 421
725 473
111 620
451 41
615 840
795 705
693 695
742 659
759 9
715 234
676 166
112 367
237 246
267 710
265 537
580 480
94 440
88 652
196 123
277 810
98 655
234 374
485 112
616 380
120 51
197 379
216 756
330 36
138 596
746 850
268 45
465 809
69 137
181 264
259 457
657 804
247 475
314 316
586 65
279 289
115 475
667 779
814 132
398 535
727 727
521 579
772 569
523 840
705 703
687 547
743 63
487 126
537 384
25 706
32 303
130 147
361 381
509 310
96 490
845 407
353 85
121 708
653 227
267 78
66 537
624 808
183 246
517 720
629 541
145 245
427 723
839 787
239 483
233 334
556 661
740 44
329 444
335 565
671 185
642 320
721 402
711 40
231 364
343 444
488 71
688 51
793 662
421 167
728 653
85 419
33 408
47 361
852 381
510 658
566 287
561 6
272 407
493 503
354 835
530 426
42 353
476 834
598 32
585 45
269 253
463 749
660 509
694 647
474 339
24 623
209 584
212 481
575 705
567 64
259 680
489 748
616 548
718 349
164 22
393 16
274 439
764 69
532 593
300 589
515 323
795 724
491 142
788 201
846 74
712 689
753 337
572 504
20 9
436 631
30 828
646 751
850 546
404 517
722 703
241 821
609 171
264 235
761 187
19 326
708 731
150 596
651 722
235 254
730 670
21 344
217 666
230 650
795 633
303 237
55 127
193 664
746 40
482 642
674 501
103 517
815 253
248 601
110 66
854 423
319 458
766 535
260 132
320 638
348 206
458 403
781 234
202 662
273 683
439 82
767 125
598 717
377 429
37 70
494 475
493 812
68 394
66 775
525 834
549 9
175 142
859 91
824 196
336 232
462 774
762 365
35 495
665 859
60 286
65 553
760 141
85 827
534 150
738 643
119 6
235 742
595 229
416 554
8 752
370 469
245 267
417 727
345 218
722 404
87 370
541 846
510 625
392 627
358 713
853 61
718 223
802 33
35 353
170 42
688 539
511 69
805 511
795 734
728 236
273 398
605 397
379 698
605 355
45 99
203 33
159 57
704 544
537 738
480 706
780 304
381 10
820 769
520 750
638 832
122 495
365 310
475 328
592 216
682 636
762 20
668 504
524 507
631 196
829 246
486 328
549 2
337 504
354 440
838 576
855 543
206 804
436 680
267 163
479 532
798 824
135 186
463 243
276 229
22 240
59 507
567 607
92 487
695 30
63 252
605 501
794 394
440 813
657 290
112 272
821 493
231 540
262 278
366 538
90 387
361 148
478 64
339 153
550 169
182 196
4 786
697 381
315 272
329 108
146 24
827 550
517 641
225 362
54 590
35 144
561 396
291 174
43 213
326 176
381 508
372 832
13 652
348 776
507 261
467 652
284 429
338 384
205 146
746 707
320 780
850 16
759 724
637 801
73 98
113 37
189 68
453 650
303 800
561 809
644 163
181 64
175 518
447 827
247 328
669 566
244 238
165 586
546 801
107 202
483 219
686 255
734 274
40 172
658 184
564 437
794 744
500 552
845 83
515 228
858 319
377 685
557 542
407 238
478 513
23 96
315 708
799 184
118 838
803 775
606 502
795 535
382 431
223 362
97 321
173 90
639 550
775 779
675 765
600 288
413 622
832 311
466 766
494 583
323 432
77 64
517 7
183 34
21 853
844 117
309 600
655 531
733 149
446 543
49 181
831 45
387 382
355 852
731 848
154 189
863 230
701 515
684 467
133 705
455 560
405 347
295 195
461 164
343 42
706 391
671 256
435 193
221 789
180 87
356 781
724 802
146 560
37 829
162 617
253 200
312 658
130 190
436 590
353 779
216 643
753 22
482 772
662 703
280 425
373 220
341 232
157 70
375 193
482 536
393 735
319 704
112 32
30 547
622 830
461 421
192 798
26 258
705 687
96 568
695 52
787 171
284 528
240 658
304 721
778 697
175 680
536 286
712 149
833 53
563 13
473 338
394 82
595 682
768 274
386 598
326 756
352 609
419 175
850 723
479 763
555 654
163 674
523 10
407 75
510 105
88 566
442 65
647 621
747 134
30 716
731 803
607 666
131 162
840 117
20 454
463 158
691 625
831 350
218 373
424 727
477 95
12 503
160 658
707 490
791 320
341 241
259 83
42 389
692 465
505 295
55 552
452 745
312 419
230 530
791 238
840 852
332 852
74 75
229 780
564 156
235 488
844 77
155 470
466 846
70 554
277 572
241 312
453 553
730 266
666 241
503 641
228 419
212 749
493 441
664 641
180 482
264 159
559 418
212 608
848 282
297 708
437 122
155 25
674 469
739 59
709 825
283 520
379 495
404 456
519 651
232 698
716 79
440 858
81 652
601 512
517 482
355 89
603 93
562 860
145 20
54 853
844 784
508 807
862 495
398 516
281 213
349 133
291 373
126 819