8
928
49 813
433 59
244 102
503 729
567 453
368 617
343 799
67 613
154 97
891 410
479 101
754 911
195 502
610 25
590 460
318 862
569 751
920 812
852 718
836 714
467 499
403 809
370 469
718 747
566 904
229 340
76 54
323 494
555 228
518 440
912 836
374 552
882 589
659 101
379 567
814 845
361 288
725 730
53 738
773 842
713 73
253 85
350 799
578 200
99 392
640 82
523 309
857 476
193 587
800 571
449 685
711 810
269 508
835 545
541 679
458 326
47 710
410 396
581 283
820 903
898 755
56 492
359 208
263 551
794 358
194 315
115 904
420 607
707 550
223 320
301 904
869 571
685 574
263 561
152 154
535 122
908 814
837 338
93 172
888 183
753 377
721 867
577 212
769 355
761 287
898 357
262 838
928 243
707 486
99 859
639 858
52 842
39 888
475 132
355 658
538 180
331 330
342 907
765 407
557 597
693 527
250 251
660 249
493 439
30 815
593 668
744 644
805 783
827 575
210 478
304 747
881 634
148 518
836 912
220 465
804 913
63 125
459 18
597 247
680 626
133 344
589 877
59 689
27 182
335 236
883 863
278 835
792 649
648 700
856 868
236 731
148 522
152 606
539 44
852 291
894 280
634 778
452 917
539 478
394 169
9 348
103 286
478 895
230 197
666 157
360 197
184 507
14 559
408 552
602 555
138 791
835 68
641 582
56 475
132 673
643 364
92 746
874 569
8 175
61 897
556 421
165 739
223 178
593 631
25 266
257 387
353 387
454 289
41 733
763 396
477 701
55 792
742 928
656 749
399 716
717 26
432 177
60 655
578 652
581 603
213 133
285 565
520 738
853 784
766 911
251 538
684 529
401 497
529 128
542 927
139 330
248 571
731 307
521 380
30 173
278 466
529 562
103 120
595 251
199 656
458 673
265 437
274 665
5 802
88 770
96 227
396 567
93 198
873 613
801 198
81 151
887 609
8 61
25 827
536 223
554 65
896 819
501 241
779 729
338 867
795 657
165 262
295 257
459 463
165 555
884 245
1 842
853 9
199 877
131 734
396 908
94 363
798 818
827 873
842 236
811 708
892 271
41 482
751 723
16 211
350 195
455 350
108 603
582 306
776 712
335 243
692 428
829 785
541 727
729 455
34 835
458 221
401 499
926 223
517 13
433 866
207 183
288 538
82 165
844 857
877 474
395 864
198 295
720 738
317 745
488 574
875 18
90 348
740 87
570 552
99 299
490 529
705 73
362 786
237 501
10 409
47 628
568 244
922 584
277 534
400 61
179 346
302 268
693 113
354 559
888 676
153 449
500 857
745 862
11 278
434 20
686 704
648 326
243 865
909 520
695 604
580 873
21 881
437 10
289 790
792 248
762 16
921 333
168 737
490 402
86 220
422 68
923 365
393 238
525 597
53 515
272 632
460 516
808 896
749 392
53 836
863 814
851 855
443 315
888 4
716 269
447 433
336 442
93 24
679 842
844 731
428 411
658 183
223 761
374 43
224 427
879 382
536 97
309 274
635 492
502 423
760 20
151 392
461 244
639 435
381 555
461 808
37 190
287 259
246 660
526 693
382 700
147 918
796 679
263 727
242 764
221 297
80 595
912 540
134 623
271 514
249 731
618 509
217 904
64 462
635 813
227 89
584 373
302 675
123 788
473 588
848 917
884 927
584 868
538 13
786 808
527 330
835 216
838 123
415 197
584 345
81 106
433 888
702 30
635 120
818 403
707 737
392 887
735 271
122 568
283 907
448 105
532 354
544 441
700 30
862 579
375 14
685 103
198 682
133 832
802 22
530 804
54 217
762 788
487 179
427 66
381 170
170 912
747 714
649 518
39 582
169 413
819 149
740 88
830 872
215 703
189 745
803 242
33 636
101 744
111 751
809 491
921 274
699 739
283 419
329 322
296 721
30 186
869 769
498 770
8 712
769 196
752 643
661 81
574 57
824 684
808 928
471 96
497 241
130 76
883 682
397 250
474 650
659 414
715 228
480 722
236 544
214 283
258 874
363 127
3 482
811 106
705 577
201 498
113 330
573 67
308 265
316 781
914 46
491 700
498 266
718 733
809 3
87 138
876 674
264 174
227 370
279 228
242 703
725 354
329 369
420 636
633 31
712 842
77 274
614 574
539 627
602 419
629 688
780 800
657 340
46 884
5 548
183 247
323 203
824 651
571 316
358 499
570 141
412 870
639 321
515 473
19 412
188 871
396 39
743 124
602 788
79 831
407 485
373 25
687 268
675 553
807 328
123 449
693 759
390 403
375 201
875 394
612 134
336 79
397 374
427 294
457 729
196 160
286 568
184 268
836 155
117 714
482 463
458 470
293 848
168 668
120 339
357 27
472 916
330 164
362 756
458 114
556 877
273 137
741 681
629 648
835 745
657 612
279 411
154 796
330 321
759 673
659 187
699 427
398 100
814 55
855 567
169 707
516 665
843 328
417 543
271 547
583 223
231 862
633 608
25 258
224 783
2 883
265 925
605 662
320 714
717 471
353 181
249 164
845 387
715 558
2 281
176 584
727 406
741 432
85 765
913 533
843 211
711 179
207 387
841 526
396 853
68 748
329 540
207 469
927 217
98 224
497 274
103 296
903 844
23 284
904 231
816 819
441 598
293 647
280 205
469 675
353 760
719 681
372 925
446 370
214 543
817 6
112 919
525 87
130 547
594 330
778 481
220 290
374 512
233 877
13 925
623 589
756 413
566 199
634 83
792 143
849 680
372 33
895 897
343 96
739 232
425 812
8 868
174 381
676 630
329 912
626 247
572 453
884 209
876 813
515 739
251 436
715 622
692 681
590 330
72 625
561 497
508 568
436 905
244 407
606 572
390 527
114 34
276 69
466 223
881 277
257 203
8 43
121 699
19 6
324 91
630 884
811 210
523 542
186 766
21 88
633 410
614 42
667 889
111 429
407 287
705 664
714 8
2 834
2 21
839 325
335 541
280 217
750 98
758 231
159 74
318 791
484 4
832 446
188 238
170 595
749 170
330 534
177 331
439 178
575 573
502 909
185 77
421 230
174 475
461 332
548 778
418 327
781 546
773 41
783 14
859 603
408 260
432 584
814 870
58 461
515 559
665 923
636 382
225 809
856 909
437 475
758 854
802 835
471 870
171 550
179 101
448 586
584 880
466 469
117 523
225 855
377 890
850 84
567 370
189 494
350 625
264 403
774 361
533 541
302 703
162 705
99 609
586 682
784 123
223 901
645 671
827 318
632 44
401 494
413 813
59 58
733 547
685 579
907 289
191 281
288 576
281 386
480 866
140 336
61 586
532 1
328 430
318 256
474 15
749 182
123 104
464 856
650 220
730 628
508 216
204 795
87 484
477 566
646 840
901 706
497 504
2 120
230 544
599 927
558 644
404 680
747 867
831 692
158 856
615 890
143 115
52 229
822 528
91 539
439 63
540 231
791 766
351 316
381 245
314 234
888 13
209 2
880 112
693 333
39 604
518 406
14 570
858 835
393 20
670 832
307 505
134 169
342 708
708 722
25 317
27 912
329 236
210 504
571 198
837 833
801 650
310 814
291 240
17 684
259 686
811 789
262 240
29 604
20 32
621 268
348 872
475 901
403 684
476 45
882 608
877 50
330 483
160 620
722 176
599 276
157 481
137 418
721 389
317 36
645 234
527 64
177 73
260 579
53 736
847 6
415 91
279 744
573 438
436 590
837 330
162 65
107 522
707 827
206 319
158 850
552 684
210 24
52 469
826 104
276 40
333 691
131 612
730 703
345 461
365 254
791 526
318 897
343 96
91 548
639 248
470 262
227 679
510 278
443 407
382 719
447 714
705 801
621 506
575 38
39 235
515 125
56 832
93 398
224 407
18 862
654 487
419 880
461 928
453 903
631 834
917 373
844 693
245 760
495 115
93 757
350 607
881 405
511 269
99 30
675 116
187 400
826 605
575 358
829 99
556 755
229 545
199 368
533 667
199 99
77 292
855 426
898 807
127 704
147 225
29 821
340 215
516 461
116 386
818 16
709 445
770 233
285 264
600 818
226 94
212 302
385 139
24 579
241 150
578 612
598 607
728 233
117 540
693 232
925 806
471 705
546 312
233 831
799 832
16 320
926 227
622 606
365 869
480 830
314 354
513 911
32 536
439 372
147 203
604 368
80 146
368 625
682 601
751 776
504 766
168 725
65 85
627 653
25 402
778 562
755 586
544 82
194 54
454 564
480 129
3 783
498 371
703 251
43 526
323 770
587 490
791 875
798 489
600 118
890 673
679 13
331 518
94 748
571 771
383 346
195 386
200 693
756 902
239 94
723 561
863 382
346 725
328 215
285 223
556 471
896 306
707 522
823 96
341 689
867 723
106 133
404 529
825 455
503 360
548 297
920 483
678 338
279 302
776 788
524 404
554 715
5 332
308 828
427 872
812 589
891 214
722 366
742 842
821 540
273 664
837 265
218 810
826 721
183 673
580 3
372 429
717 377
760 321
500 482
264 383
143 226
820 160
816 634
73 4
469 570
667 377
834 181
483 27
901 889
923 776
891 367
276 904
39 331
296 538
108 783
216 474
305 108
633 416
37 2
419 505
571 381
178 700
785 884
726 757
844 16
604 103
606 175
78 644
505 597
253 613
451 693
158 51