8
96
17 45
17 91
84 70
23 57
23 5
16 73
23 63
35 37
26 1
91 26
95 37
18 47
67 22
2 25
14 12
62 94
25 79
88 12
52 78
36 42
51 19
19 73
82 53
78 75
54 40
5 20
76 22
67 14
43 36
38 24
16 4
22 40
50 77
19 69
59 55
14 13
41 32
85 26
53 34
69 74
73 73
93 21
62 31
34 72
67 40
96 82
11 85
89 60
33 11
96 91
33 13
71 74
13 60
67 33
61 39
10 38
79 6
58 44
37 59
84 71
66 51
56 76
7 16
7 39
26 70
34 59
83 8
4 63
35 38
95 96
77 72
5 27
77 30
39 81
56 26
55 26
76 78
69 82
93 76
24 87
17 25
17 3
1 20
33 35
57 95
2 5
70 6
32 19
3 38
67 59
63 90
84 10
39 56
59 36
3 50
90 20
43 10
86 43
93 87
45 53
85 47
26 27
20 57
45 23
62 79
49 28
72 36
5 15
59 31
18 30
80 11
17 26
20 70
36 16
28 81
36 17
31 61
11 18
85 23
8 50
5 56
45 77
91 17
59 22
47 76
19 95
54 35
88 41
72 28
24 4
12 59
84 10
88 94
27 44
20 35
62 88
90 74
36 53
91 94
42 9
41 60
7 94
62 95
6 37
26 29
8 5
56 91
78 15
56 8
58 43
10 87
35 68
65 38
24 27
36 33
35 44
92 42
10 57
8 15
61 1
12 69
5 67
31 82
49 87
57 10
33 35
65 35
6 1
73 93
27 76
29 29
87 88
38 96
16 45
79 76
45 90
16 17
28 47
66 76
5 27
53 5
29 21
40 34
21 80
94 15
59 90
44 17
81 81
17 96
94 95
43 42
56 59
27 83
73 92
62 77
86 82
49 18
7 88
19 91
39 80
74 65
73 85
82 57
69 2
24 34
64 67
44 87
93 70
73 69
33 6
17 23
55 65
8 61
25 91
24 63
74 1
32 51
85 17
75 25
82 3
27 17
69 70
7 65
43 47
5 43
20 21
33 74
85 41
7 13
3 30
44 44
94 75
94 50
59 41
42 44
43 68
60 79
41 34
15 51
80 83
94 67
7 30
44 59
38 50
40 40
47 83
84 44
29 49
61 87
89 7
34 3
42 61
49 83
62 63
5 45
49 2
15 23
32 26
50 37
76 89
77 90
43 32
6 71
80 66
29 41
40 30
11 82
58 60
36 23
26 8
67 43
10 49
33 9
42 82
45 85
42 89
79 52
88 84
26 40
21 22
80 29
51 90
78 12
53 17
34 47
88 68
57 1
84 89
73 30
43 86
18 84
78 64
40 70
19 33
13 40
23 60
68 73
53 49
53 74
33 86
88 24
26 48
89 13
8 65
10 18
54 92
6 4
59 13
73 78
13 53
85 3
16 56
76 36
72 32
77 72
85 36
63 14
83 55
91 59
88 4
76 13
63 49
16 26
29 56
7 10
76 91
12 59
18 55
63 57
54 43
32 43
79 62
24 33
21 82
59 76
54 39
88 20
55 72
45 84
95 19
61 75
77 72
37 94
95 3
22 52
14 21
62 60
83 86
92 71
71 23
50 28
61 9
16 83
48 60
38 47
47 2
25 27
42 29
89 40
96 14
91 77
35 57
40 21
14 3
91 52
25 12
48 53
20 63
40 68
26 45
82 72
47 74
67 88
6 59
95 69
72 57
49 74
17 56
62 94
59 24
50 51
35 1
8 23
63 15
58 56
59 43
32 73
84 2
32 89
28 30
30 67
87 78
45 71
6 74
69 64
2 22
82 4
86 57
26 52
71 51
11 2
61 10
74 48
75 10
9 6
7 38
73 93
83 85
36 88
62 8
23 63
93 9
35 82
65 60
37 8
79 15
9 43
25 50
59 3
27 67
9 34
72 49
94 58
37 33
18 2
8 40
33 4
16 67
53 49
94 57
56 76
72 32
87 64
49 49
34 44
83 10
77 58
58 42
83 94
43 4
64 50
12 64
22 91
34 74
43 95
35 66
75 74
65 33
41 82
49 74
29 35
52 73
92 13
18 78
75 60
50 10
78 61
73 3
55 10
76 66
8 78
35 50
55 68
50 63
53 2
9 81
36 60
57 95
40 42
77 18
6 30
27 51
58 3
53 16
76 96
49 52
78 84
69 4
55 23
67 75
88 75
59 28
38 83
90 77
28 38
63 1
67 57
51 92
28 71
76 7
71 28
26 52
15 63
55 37
53 89
15 44
67 41
39 72
27 33
21 23
70 83
87 9
43 42
4 70
16 79
45 54
75 38
73 57
4 96
94 56
88 76
4 27
85 42
2 79
42 86
5 16
40 92
24 51
5 91
24 84
42 36
42 20
74 82
76 45
81 41
69 41
85 72
67 73
81 36
55 91
26 28
10 65
87 1
19 91
91 11
46 36
14 55
55 55
41 3
4 89
43 72
33 31
15 67
71 63
7 30
57 96
25 34
32 15
34 51
73 93
29 22
96 10
77 23
65 85
25 36
77 35
75 78
66 57
48 40
87 54
37 48
53 61
49 53
43 51
71 19
47 3
41 46
76 85
68 44
41 60
47 85
95 89
66 32
49 18
39 40
39 76
55 60
8 71
16 51
25 86
37 71
56 77
85 35
33 24
47 73
84 93
30 82
86 95
81 6
80 23
13 23
66 67
50 42
42 65
92 66
22 32
9 45
77 61
79 77
84 29
22 71
90 51
24 47
17 8
20 1
95 33
87 64
67 8
9 76
40 68
46 61
68 22
9 16
82 55
92 69
52 17
12 13
35 35
27 52
11 46
20 9
78 74
40 17
81 49
92 24
20 9
52 55
30 60
70 79
82 66
20 37
50 31
49 53
33 75
72 43
89 91
19 38
36 59
54 20
75 50
43 62
58 94
21 56
25 90
38 74
27 57
15 45
55 31
1 88
74 40
2 66
2 21
7 37
47 61
56 25
14 66
86 39
31 74
94 55
68 36
32 62
60 14
74 19
13 42
10 86
81 11
55 82
95 29
22 45
89 45
37 70
14 91
13 44
68 10
66 7
45 66
69 9
79 46
91 91
56 4
48 40
78 6
90 77
35 15
89 91
60 94
65 73
88 45
85 59
54 54
66 67
23 6
43 70
19 37
32 74
8 80
82 85
53 75
33 55
57 26
50 20
87 82
61 78
30 49
8 51
70 41
85 61
46 31
34 33
35 65
74 42
16 59
31 69
37 31
27 62
56 44
81 14
29 13
91 26
29 67
45 3
11 33
63 57
32 64
57 66
96 34
12 16
93 10
52 1
40 78
62 64
26 15
77 22
91 40
16 24
10 60
90 20
92 24
44 27
55 4
61 54
6 40
69 2
49 24
66 56
70 96
87 63
14 36
52 8
75 67
95 52
30 56
39 90
79 51
84 37
22 48
59 27
87 31
92 7
23 30
63 60
29 21
26 10
56 45
81 2
16 80
53 13
39 60
70 86
78 58
90 3
73 52
94 64
51 57
70 73
86 4
4 18
25 93
27 80
41 12
50 24
59 70
37 65
33 74
54 14
35 48
81 12
3 78
43 21
38 80
93 28
84 64
13 76
60 8
27 69
83 76
92 45
50 96
13 50
74 35
32 12
82 16
87 52
61 33
73 2
17 37
93 68
69 74
15 32
81 41
68 67
85 64
79 38
63 59
55 40
93 86
52 46
69 10
66 33
11 10
3 27
14 63
62 82
40 76
82 88
84 53
26 72
20 72
77 83
35 36
90 31
89 13
77 62
23 46
94 33
23 96
27 36
31 88
22 70
35 7
30 22
27 55
94 47
31 74
1 33
77 90
63 70
7 11
3 93
24 96
29 46
64 23
82 94
14 7
35 48
77 64
37 7
87 34
21 85
76 21
21 24
79 51
61 53
62 63
49 85
63 45
3 94
67 84
59 80
58 93
95 38
29 35
12 83
37 33
71 80
21 59
7 3
77 68
55 42
34 7
95 64
51 1
29 21
84 87
68 13
52 34
50 80
37 61
66 41
61 8
24 82
34 94
52 14
65 11
24 67
81 22
2 4
86 31
88 41
85 28
53 40
61 70
87 1
2 56
9 63
31 32
16 32
30 67
46 62
77 37
96 30
26 66
33 15
96 88
23 52
19 75
92 48
48 82
16 49
10 25
79 8
56 94
40 53
65 53
83 13
89 50
10 82
19 10
96 82
2 22
38 84
64 33
35 79
82 51
95 91
75 78
67 2
43 10
23 75
30 9
88 86
58 65
71 45
75 38
30 44
59 35
31 90
35 66
72 21
20 70
79 62
19 49
63 62
26 85
40 55
93 95
12 23
64 82
35 10
23 32
53 49
67 83
42 5
20 81
25 7
55 72
68 73
24 35
38 50
23 46
72 84
44 84
74 75
37 12
84 60
43 8
76 77
59 86
82 78
70 74
85 92
49 24
69 73
58 74
90 49
23 65
36 35
20 77
13 57
88 65
84 2
72 63
79 34
20 32
80 90
9 36
53 26
59 25
2 85
67 59
37 57
91 40
91 15
20 72
39 75
40 26
44 79
56 90
81 76
25 32
37 2
67 89
27 93
82 92
49 20
54 85
76 16
28 39
94 15
14 36
89 21
61 37
3 85
30 51